  0.00483128197660335  0.01168202036903592  0.02063408962891416  0.03006883410870261
  0.03970689578840976  0.04967040295234124  0.06009172526442142  0.07017519807423928
  0.08035804356364926  0.09010071373858862  0.10022304355194157  0.11041442955533673
  0.12099279807003006  0.13180976209438489  0.14210446772357488  0.15279771287499522
  0.16329320712401665  0.17347583783387566  0.18362880498207343  0.19369168794526884
  0.20361404873245242  0.21372088346751322  0.22355864852619362  0.23328420072771897
  0.24297759632553961  0.25299052532624339  0.26337587522740796  0.27383742370799719
  0.28448538136873530  0.29551167910781906  0.30686960520278644  0.31737737312649283
  0.32741865142937554  0.33712187838025864  0.34691520452539670  0.35712084174500136
  0.36752097651761739  0.37835639759980566  0.38954460552488823  0.40089010538098158
  0.41201310715804024  0.42302759434438492  0.43386669213135254  0.44428382749416273
  0.45435628698396474  0.46413936393588229  0.47371155949617927  0.48308251630076610
  0.49227154002457058  0.50149218449919986  0.51091158403455528  0.52071721324221310
  0.53106639698274793  0.54166874104992180  0.55230423817614904  0.56326550457603197
  0.57469490691888314  0.58641340464789316  0.59826672487265975  0.60982000343481024
  0.62081882702617441  0.63168676876788155  0.64259287374279472  0.65329641265286509
  0.66392898067291650  0.67456435653200930  0.68553344971465735  0.69668543661782101
  0.70786909219377114  0.71881820750053382  0.72941817768127049  0.73998452445563323
  0.75041405163549424  0.76089734551333899  0.77133036300569735  0.78174787145259694
  0.79228627261194751  0.80309047242259668  0.81367688088379531  0.82384892897538720
  0.83406059023457291  0.84462720943308678  0.85515981167466137  0.86558288739736788
  0.87597278513477850  0.88663283105194224  0.89759714189566964  0.90893622897791582
  0.92034594288919935  0.93170210074572657  0.94306922606214127  0.95454095726377819
  0.96584982026212163  0.97680092569605281  0.98808534357817490  1.00000000000000000
  0.00239727019151235  0.02206672619994076  0.03809643436689873  0.05170397493884989
  0.06348004460966278  0.07445094784065877  0.08502979031521629  0.09559414620248377
  0.10619014364680329  0.11667419809617963  0.12712982375088264  0.13721789912938859
  0.14748286221728948  0.15772355368697424  0.16784126482477107  0.17793131300114132
  0.18805224689376993  0.19826393642280205  0.20859475975003963  0.21899887679189251
  0.22963566568132143  0.24002969713723002  0.25047790726297670  0.26069072743677546
  0.27142489682861753  0.28231851094669302  0.29310385316641574  0.30375605258638683
  0.31425786293274649  0.32459263559178314  0.33469206920254779  0.34456439217418511
  0.35409561203776724  0.36352395492886391  0.37292523094641278  0.38306099424611106
  0.39359507716012809  0.40394347481959997  0.41378998572505593  0.42367521201229202
  0.43358417390277421  0.44369563396054762  0.45341579943345889  0.46324968654704984
  0.47349800063615172  0.48377457941224689  0.49423173547369598  0.50451028992858404
  0.51474042593265745  0.52520444032628266  0.53571960598418444  0.54593919803422242
  0.55635867978347253  0.56652816837335540  0.57683294148936326  0.58683263919981399
  0.59658812972389452  0.60652015022494798  0.61671274157171763  0.62714309504018506
  0.63722005979574037  0.64743448097370204  0.65789672016186507  0.66855505884180677
  0.67873182534247378  0.68887307841568646  0.69895237417705325  0.70896761640037720
  0.71924647076275172  0.72907202140496741  0.73907498257853455  0.74886928224496307
  0.75932253175296960  0.76957399797692760  0.77966284203326930  0.78944408644584074
  0.79937339114585348  0.80940104942775959  0.82016586379444067  0.83133084575841809
  0.84203815371954382  0.85265264639428195  0.86297825501377023  0.87350744973813810
  0.88403981368880169  0.89449639611762877  0.90491638106030914  0.91499573186905825
  0.92500194113640866  0.93503195334038824  0.94541936016475403  0.95554061090542008
  0.96631352964955008  0.97683435060450674  0.98855122448235200  1.00000000000000000
 -0.00144823831836241  0.00652936060305825  0.00940970769070666  0.01248790364936085
  0.01573911989000484  0.01937513693420159  0.02332848722271404  0.02741047753073154
  0.03205692903280746  0.03681609480065249  0.04179857148124620  0.04744522969037709
  0.05305890490554913  0.05863258863577595  0.06437637541772097  0.07041913731971999
  0.07677271318583631  0.08322125946185131  0.09004486642121506  0.09733585539331850
  0.10497902888864832  0.11273054006768021  0.12026243155000593  0.12767281295486582
  0.13528181656351190  0.14328374039584285  0.15172897823915851  0.16053549639110237
  0.16947338683100105  0.17860458259291817  0.18789636822528433  0.19696392800089013
  0.20605687742626175  0.21531599207660307  0.22509722317374126  0.23536736316330698
  0.24582601019536809  0.25641266607877378  0.26698553482323134  0.27721674002874963
  0.28730494514055438  0.29744458747851399  0.30781485210134696  0.31834250360562633
  0.32892243066363597  0.33971040876783498  0.35051818253079764  0.36132953783944433
  0.37210949447715841  0.38263304981775381  0.39343258490948135  0.40450500682872254
  0.41608874580396354  0.42813596782046570  0.44041614371290411  0.45284897849249078
  0.46518693056175531  0.47733026659625666  0.48945532318307478  0.50170436837077892
  0.51418001565113869  0.52706557340580340  0.53994923349703772  0.55267212771925456
  0.56597843466082054  0.57981663068083367  0.59388114705299766  0.60794920212144299
  0.62191419057830455  0.63618793511396787  0.65030257936122282  0.66444973314595313
  0.67880814336854267  0.69303584475443059  0.70619626689291426  0.71902627725969392
  0.73170442820163550  0.74427766339024015  0.75675758894111100  0.76946926400115268
  0.78228450472248334  0.79509842358749161  0.80802195025177903  0.82104319497654277
  0.83507603669774322  0.84914578171467359  0.86381369960412568  0.87901605501625979
  0.89435973180710659  0.90954445834155795  0.92468036972766898  0.93982173575138139
  0.95501531709550702  0.97007140563387151  0.98500373197557245  1.00000000000000000
 -0.00264090370077040  0.01000740214188363  0.02132256978235518  0.03220759312611775
  0.04303984326308490  0.05395751948894754  0.06461421990145508  0.07516035157300736
  0.08542131839437558  0.09514269239852029  0.10490449856533718  0.11432405860112187
  0.12346731509471051  0.13334792583077282  0.14345432218774054  0.15474092844081691
  0.16616842988511565  0.17761156258177066  0.18898732375113625  0.20053710536794986
  0.21178248668529959  0.22278161940416841  0.23432416733099509  0.24640389405103458
  0.25785232305251388  0.26878155996358816  0.27933859855500032  0.28987655061128870
  0.30034573872019282  0.31057949378462807  0.32100561421980783  0.33100050766586891
  0.34185798476157414  0.35247226874134485  0.36338173773225685  0.37433301242982403
  0.38468284479828396  0.39472554832464779  0.40482032886998398  0.41514760867791889
  0.42579661191199802  0.43663177499757772  0.44801697902766741  0.45930974760888515
  0.47012619069162076  0.48082582612395686  0.49179001029241010  0.50293594983214618
  0.51401639668304733  0.52468388218094120  0.53530433946337608  0.54627859331872497
  0.55723253703586162  0.56764677292475341  0.57742644087175310  0.58708328996717685
  0.59714194448384772  0.60738316767816258  0.61831480565838137  0.62924543024117929
  0.64077427483316851  0.65140210261385223  0.66208257151429351  0.67255643723245850
  0.68304377866091714  0.69325577009907202  0.70345990911584777  0.71377594314298987
  0.72384643070639032  0.73394702040952575  0.74399004021563953  0.75468304486162552
  0.76553531321244628  0.77660041550679537  0.78718224895666877  0.79743473437291013
  0.80769933910402636  0.81819979330658255  0.82925640287074975  0.83974296322208797
  0.84992158063448719  0.85964630183936441  0.86887632541041493  0.87808352612567009
  0.88756173149388851  0.89760238335211040  0.90818338921428277  0.91844175368427916
  0.92863398977909506  0.93926827668193213  0.95058583319367218  0.96142649838011807
  0.97083703941219623  0.98013200733019301  0.98999181562991390  1.00000000000000000
 -0.00290749564614299  0.01037740984237606  0.02211675881987051  0.03431911866023894
  0.04592232014780093  0.05633871835147918  0.06655149559370256  0.07674204763456043
  0.08676689946117114  0.09693021106191999  0.10721745219464131  0.11777523222669231
  0.12786547010425492  0.13768956901570956  0.14769351195592190  0.15748164448306001
  0.16717356628415198  0.17733103762981384  0.18747049106474667  0.19851865208116265
  0.20900255252214217  0.21877559814873923  0.22897147598208353  0.23952792778843734
  0.25024636868562905  0.26022147044174632  0.27023700334357220  0.28095895103833612
  0.29179446859988750  0.30151024782880947  0.31184261602912927  0.32280864172785967
  0.33382267141136535  0.34403076072299227  0.35400128467357561  0.36421411513118562
  0.37492211128767128  0.38601365685468636  0.39754893684489429  0.40917642572703089
  0.42119126130701734  0.43398952753760306  0.44674893571687974  0.45943951298320329
  0.47117776106648745  0.48281889489802249  0.49350035367010581  0.50403005755851527
  0.51428210489194337  0.52421729021803809  0.53415015398334376  0.54454218792264908
  0.55476047851988652  0.56509699251998780  0.57529201968879395  0.58565760761560115
  0.59590778325380023  0.60591660470948316  0.61582053566702555  0.62587674957496631
  0.63607059522616749  0.64625439657922024  0.65626140900285068  0.66630684143914598
  0.67694631513202697  0.68748886214758331  0.69762540474632773  0.70793949903184406
  0.71901489692101284  0.73024200167512865  0.74122221104144059  0.75186899866965473
  0.76240553978770087  0.77298780094540454  0.78352418045393313  0.79399511922372568
  0.80457046708621660  0.81545914529497576  0.82703566158961817  0.83775577403282364
  0.84779678126390390  0.85722806668909013  0.86624915544654146  0.87518027214106664
  0.88478835659672350  0.89434050632906092  0.90512574761772313  0.91615435140478796
  0.92649328380348273  0.93727941139880167  0.94705544531980423  0.95756567024797834
  0.96765688164036456  0.97825870416664840  0.98901673560118730  1.00000000000000000
 -0.00244082538969164  0.01076942536722952  0.02175137561389367  0.03281468239720796
  0.04369834722445006  0.05501423802268463  0.06589144604094681  0.07627228365023481
  0.08665938841566670  0.09713111233972989  0.10784491653324407  0.11857809914397952
  0.12926932816427064  0.14013547608080937  0.15061536213953566  0.16116107422882639
  0.17121734280339118  0.18132267434381139  0.19186243551267321  0.20220759733081173
  0.21198825074114427  0.22176429884270585  0.23173561148636260  0.24218968056594536
  0.25261603790270931  0.26294579631540271  0.27349470035931972  0.28393469188844023
  0.29410856327600032  0.30432822884971461  0.31440256298938923  0.32482044536875648
  0.33499162167559399  0.34498444574494047  0.35528920513098244  0.36642643175491385
  0.37763150356825137  0.38850231025339327  0.39965158866504025  0.41101605546563103
  0.42255710942116353  0.43406103817045488  0.44556674381371308  0.45709824785881448
  0.46882770210397295  0.48048450063448817  0.49162083171689014  0.50237088987424960
  0.51281870469648660  0.52329003395338114  0.53389681944672673  0.54474974825544997
  0.55535209749529435  0.56549582119659558  0.57551727857188695  0.58578500203028361
  0.59651616651467865  0.60726139968996662  0.61820873218344630  0.62872842055942413
  0.63894476497926322  0.64889860693451606  0.65856681962050523  0.66830917243837373
  0.67838277686607928  0.68870867912585365  0.69914144224874419  0.70929436601045925
  0.71888689129332517  0.72857533920784601  0.73744581810306076  0.74681433735382852
  0.75649149253001724  0.76665334529585039  0.77661280425236801  0.78610319913719751
  0.79594083300122642  0.80645245034655832  0.81769672155451090  0.82885899459763179
  0.84027660200622600  0.85181193538399558  0.86339292033511339  0.87454129762058963
  0.88559715743094702  0.89615167508498883  0.90633986870636074  0.91674376760370690
  0.92757283368560139  0.93831081735862976  0.94836473540712452  0.95851674450886104
  0.96923095435116591  0.97981625505451397  0.98980892198329040  1.00000000000000000
 -0.00645583901485513  0.03444862660057171  0.05804407077693227  0.07546373920234960
  0.09068134953983725  0.10430020178834047  0.11689456000079597  0.12891397517858652
  0.14087274132350444  0.15278543423475008  0.16415274683830616  0.17479072693058975
  0.18508724824338466  0.19513604566688381  0.20496063033497613  0.21461394959156457
  0.22436755750507648  0.23423899377060714  0.24378708273849198  0.25279091210502097
  0.26116121000307613  0.26944815129772548  0.27750605912995968  0.28568446208014064
  0.29405326548369459  0.30288723462312978  0.31175418421716233  0.32080408295391050
  0.32976059043019740  0.33838814475459700  0.34673847980366557  0.35494092536130212
  0.36305388883905826  0.37136020798112501  0.37922093209587321  0.38719546873075300
  0.39488612711010584  0.40247868417789112  0.40987692908571982  0.41743811288743765
  0.42532265023378907  0.43334727985914973  0.44145767861464380  0.44963321466926082
  0.45776277174629376  0.46587119275672417  0.47424072221596270  0.48254029340878685
  0.49059448616257340  0.49825887359853227  0.50566844032611713  0.51316145061341023
  0.52072655545228497  0.52848193495520690  0.53615300940318222  0.54427300417221391
  0.55260578732626220  0.56078480031558708  0.56871268132306041  0.57660143969245981
  0.58480910374178263  0.59403547295117431  0.60346898526139592  0.61242703251406816
  0.62086747194684033  0.62928511838413048  0.63795961177220584  0.64684372434603410
  0.65579422110524088  0.66455886921039253  0.67331449829968903  0.68209754896719377
  0.69102971704707261  0.69987497462815207  0.70903394313007462  0.71813988257415140
  0.72718795517025558  0.73661817980455857  0.74631723411183670  0.75633042741790935
  0.76689858230294028  0.77770990626793013  0.78904399671551750  0.79963281785550733
  0.81057467497706148  0.82241062388581065  0.83483160680759927  0.84768298490972438
  0.86085690602615994  0.87436353258646193  0.88835748210581256  0.90347145327726575
  0.92069043527657013  0.94074186649520875  0.96536630622101549  1.00000000000000000
 -0.00242774084949539  0.00942490071145561  0.01969671985734440  0.03035041841772325
  0.04126953646298595  0.05235092177721233  0.06368650884676327  0.07554434550439491
  0.08690870164250908  0.09790247989087479  0.10890949658939682  0.12014660407090735
  0.13141549437024305  0.14252719623802296  0.15325428345352110  0.16374211870204788
  0.17408178721716722  0.18448885019144914  0.19447924245100479  0.20412781797856294
  0.21355717322595710  0.22302788297778159  0.23267393819697915  0.24245924523413509
  0.25227223482366834  0.26194901786655606  0.27156362668017092  0.28123773684446474
  0.29092688077785595  0.30057907178797277  0.31033061162779663  0.32059265062863246
  0.33128741184806948  0.34208697618269113  0.35264530139370576  0.36401529261699228
  0.37571448239036725  0.38720025293551619  0.39814495962706192  0.40866248502767760
  0.41899134194139448  0.42916653101900726  0.43941376341518640  0.44976873441273163
  0.46005397715307084  0.47016760218991704  0.48062702431829313  0.49165968270742277
  0.50269812171424078  0.51362688633069575  0.52419430753107310  0.53461266656377504
  0.54451498513374375  0.55470433486168114  0.56528756895887966  0.57597405010128466
  0.58648298965026791  0.59682977806235515  0.60713684165958404  0.61722087796371938
  0.62742383575412342  0.63725890666137164  0.64732244499231750  0.65713312060641171
  0.66714998736402764  0.67701156177204225  0.68671062782169612  0.69745252269103619
  0.70857623309783657  0.72099207139646415  0.73288539969571420  0.74422252751848783
  0.75495524327104202  0.76545919494859638  0.77617987294616508  0.78706936936034189
  0.79834500745159775  0.80979130269883814  0.82119531196749773  0.83241735732468214
  0.84333929648149519  0.85392887864009226  0.86419743358177059  0.87435678487322743
  0.88461485645518623  0.89489741358010155  0.90567987553345564  0.91616447955796609
  0.92654142191499200  0.93652082355026489  0.94641056852104144  0.95638047173815466
  0.96654789374342220  0.97704673681028598  0.98834359479593925  1.00000000000000000
  0.27288665493865344  0.44692638477157226  0.49892819932303156  0.52437530615997840
  0.54134938383162745  0.55339981194110632  0.56302500114448428  0.57115010006461231
  0.57838097137935507  0.58486806380666079  0.59057871354496183  0.59609436931144866
  0.60169698747290712  0.60663752507059288  0.61130387503446271  0.61581758458835900
  0.62019429239499257  0.62442856578422501  0.62848945947868562  0.63245898276702905
  0.63645191851974547  0.64043183473746146  0.64428209036814343  0.64798358557013025
  0.65156780262162128  0.65512424334686192  0.65866513230085955  0.66222964980613896
  0.66577333444818076  0.66925181279441692  0.67265282118138459  0.67599604645044853
  0.67927122262900597  0.68255632228054930  0.68584787227646249  0.68903133323411547
  0.69222070386189660  0.69542532685471514  0.69858187851977005  0.70173389376348960
  0.70483341544850009  0.70793363962539035  0.71100297737859675  0.71404979616270825
  0.71711700831827563  0.72019097880472172  0.72322638109226611  0.72625649669273751
  0.72927019959903605  0.73225999929565921  0.73516552567183091  0.73808861164628314
  0.74105342571273902  0.74407696990018901  0.74718322610291565  0.75035023205892348
  0.75355069746644032  0.75684045733630645  0.76007771683562386  0.76325390551032435
  0.76632637377205659  0.76939710733582911  0.77253962681348420  0.77579945394074112
  0.77912159951010695  0.78251242597610715  0.78594702384744264  0.78944033833282090
  0.79298067882416168  0.79650486639096640  0.80004844108451700  0.80365939483477078
  0.80733777275031982  0.81112764285811434  0.81501015917091479  0.81901265753479624
  0.82302366229565516  0.82704437086892502  0.83115743475115533  0.83545053844548245
  0.83994523630551909  0.84465476370612080  0.84947080149385024  0.85453652874942454
  0.85993211882453746  0.86560681359765201  0.87143027874667567  0.87762356611530112
  0.88429477805790491  0.89135007923057041  0.89919679277151032  0.90823101305246823
  0.91900841596881921  0.93263356743020842  0.95391332232671355  1.00000000000000000
 -0.01810084863064317  0.10373115579536320  0.13891690360868114  0.16042482946944520
  0.17825105720734222  0.19503937123226772  0.21149698160366587  0.22753438912301147
  0.24329839987078170  0.25845109270391775  0.27324367300623648  0.28800660430996444
  0.30283995309318040  0.31763766706004620  0.33256448500496166  0.34729981128562876
  0.36099997005555345  0.37344881547684816  0.38544379070485107  0.39695917026605937
  0.40828544022213281  0.41918556840721610  0.42926556297528540  0.43870193620393255
  0.44723531618713064  0.45538749632300379  0.46314710577086626  0.47078820446088954
  0.47832920304911652  0.48529636311027513  0.49188034688539845  0.49831103731882803
  0.50449737631872504  0.51043234597862996  0.51633048557339767  0.52178517681731984
  0.52688526491184406  0.53183875029375771  0.53674211058014965  0.54172515959796719
  0.54676158514329054  0.55191270395096503  0.55710434294102207  0.56217582617445727
  0.56703689107648436  0.57172695868123735  0.57632643055163035  0.58093696924266469
  0.58568249613595946  0.59056411926856789  0.59545155378087256  0.60021733557679213
  0.60488752247188204  0.60962208406219498  0.61444066952917131  0.61931060886107858
  0.62426752126131413  0.62928733916984525  0.63436275768873562  0.63947705863191651
  0.64451294514729507  0.64924713498993469  0.65368779463652138  0.65818940963848327
  0.66281550175209236  0.66768507751535500  0.67272523491889180  0.67778336373754822
  0.68282840467877959  0.68780187166286355  0.69268375969061935  0.69755083882030677
  0.70243314534386891  0.70735349777138745  0.71259287846208719  0.71811177809857518
  0.72353457220460426  0.72946732802042513  0.73585350866329835  0.74276848180329857
  0.74978318176580061  0.75672525414870162  0.76360852302501891  0.77067472304599549
  0.77845456291761128  0.78680777244933964  0.79549957889522782  0.80465917491650740
  0.81466502796342155  0.82600442983752531  0.83854732600782833  0.85284329598785424
  0.87049491770559351  0.89286691608665847  0.92912313418724168  1.00000000000000000
   8.0311732861595444E-009  -1.0000000000000000     
 F F F F F F F F F F F F F F F F F F F F F F F F F F F F F F F F F F F F F F F F F F F F F F F F F F F F F F F F F F F F F F F F F F F F F F F F F F F F F F F F F F F F F F F F F F F F F F F F F F F F F F F F F F F F F F F F F F F F F F F F F F F F F F F F
  <DiscreteSampler_grid>
  grouped_processes
  1 # 1 for a reference and 2 for a running grid.
  10 # Attribute 'min_bin_probing_points' of the grid.
  1 # Attribute 'grid_mode' of the grid. 1=='default',2=='initialization'
  0.0000000000000000 # Attribute 'small_contrib_threshold' of the grid.
  0.5000000000000000 # Attribute 'damping_power' of the grid.
 # binID   n_entries weight   weight_sqr   abs_weight
    13   10   8.451756180319716E+000   4.627373395990897E+002   8.451756180319716E+000
    14   10   8.451756180319761E+000   4.627373395990928E+002   8.451756180319761E+000
    16   10   9.236908735932918E+000   4.473636337842821E+002   9.236908735932918E+000
    17   10   9.236908735932964E+000   4.473636337842853E+002   9.236908735932964E+000
  </DiscreteSampler_grid>
