  0.00000040248284511  0.00000144867942529  0.00000307559465581  0.00000599936465571
  0.00001168198910326  0.00002241521168939  0.00004353410003828  0.00008305506540437
  0.00014886840156773  0.00023768040924258  0.00034239132347114  0.00046518298371693
  0.00059467565626952  0.00072827555522239  0.00085551513751025  0.00097308060008276
  0.00108390628125628  0.00118971802805141  0.00128391145072128  0.00136557671140084
  0.00144519658213395  0.00153810782639144  0.00163627773811724  0.00173230303184923
  0.00182322126562587  0.00189630530089953  0.00195772493447256  0.00202414786600379
  0.00208591785506163  0.00214751511915063  0.00221332387571230  0.00227698721530319
  0.00234139108400971  0.00241109675923030  0.00248350983757252  0.00255553544280133
  0.00262787818766256  0.00269860309671940  0.00276405822726052  0.00282912807855874
  0.00289133513133843  0.00295687215425453  0.00302704135376257  0.00309720028241816
  0.00315968814483418  0.00322530880170106  0.00329377104366626  0.00335957235248083
  0.00342250035228396  0.00348816826782942  0.00355530241707310  0.00362523939907907
  0.00369189788918026  0.00375320763728296  0.00382670738469385  0.00391056698249637
  0.00399682353477795  0.00408391765975249  0.00417194106192834  0.00426120586355590
  0.00435131174219414  0.00444218143297082  0.00453518316511470  0.00462986667937861
  0.00472393973081973  0.00481764965107726  0.00491249539775350  0.00500974637634172
  0.00510835725805188  0.00520258646709651  0.00529357121883280  0.00538519815338590
  0.00547753110453323  0.00557245378583968  0.00566920170955410  0.00576696284430344
  0.00586653277440240  0.00597022976646490  0.00608095547363249  0.00620273040324624
  0.00633187174550101  0.00647164885018092  0.00662720343237703  0.00680160759563382
  0.00699557626894455  0.00721316320944062  0.00746273115992592  0.00776667308819640
  0.00813458729252273  0.00860607118128610  0.00921874452207308  0.01023580014463386
  0.01100730477239652  0.05490761233747091  0.20695994897462039  1.00000000000000000
 -0.00000960640367724  0.00005090963958674  0.00010233952458917  0.00014574478664420
  0.00018518212080408  0.00022357045471804  0.00026090026009116  0.00029729008355264
  0.00033352868633582  0.00037028682757802  0.00040694046337088  0.00044387251069097
  0.00048179477480483  0.00052068626971643  0.00056080606370573  0.00060104678051385
  0.00064180906809667  0.00068267988535546  0.00072357125377596  0.00076467955836080
  0.00080645769988123  0.00085080250444612  0.00089792761603032  0.00094624516696828
  0.00099143542394371  0.00103515649302179  0.00108088775759558  0.00113091589248754
  0.00118466516897519  0.00124128234964941  0.00130071023160883  0.00136211010548085
  0.00142592155727424  0.00149366651841776  0.00156210313858993  0.00162984577218906
  0.00169883947716249  0.00177309572435889  0.00185327902141331  0.00193799650472349
  0.00202221989718064  0.00210494190654456  0.00218973772898429  0.00228070190903174
  0.00237623004390483  0.00247835104672200  0.00258660477640880  0.00270125092782098
  0.00282320450891219  0.00295246981668815  0.00308897325400156  0.00322423746524627
  0.00337645537844462  0.00355626306308155  0.00374579973764029  0.00393097281522684
  0.00410092774580590  0.00429472906471587  0.00450027085112149  0.00471128517097042
  0.00494740086188500  0.00522650454652202  0.00551601175421442  0.00581221421474210
  0.00613075546675177  0.00646479468035159  0.00679867802783086  0.00715136869731145
  0.00754796856961578  0.00797164412411862  0.00840339392047969  0.00881674384979859
  0.00918991168386151  0.00952301755500573  0.00984258020213843  0.01016919211794854
  0.01051491165874163  0.01083277594283618  0.01124283261402918  0.01175198177063412
  0.01225136286829414  0.01270584417502295  0.01312688785404979  0.01355535592820003
  0.01401015116727310  0.01451609817719669  0.01507696710462914  0.01563099240896541
  0.01623192013516893  0.01693079627907563  0.01761568279028852  0.01830304912539023
  0.01909181542904704  0.02093527441257585  0.02853894920263687  1.00000000000000000
 -0.00219708543034847  0.00887829347950543  0.01905337452050346  0.02962251064186134
  0.03955116985683484  0.05023550604781937  0.06123974854465918  0.07310427346454210
  0.08474601468831623  0.09649497800627979  0.10789685635382508  0.11935083711789136
  0.13021508821908095  0.13985550443539840  0.14899143319270478  0.15789820734641494
  0.16795651720988830  0.17875300557101448  0.18928337986785715  0.19921152090509681
  0.20935871888053995  0.21932258058265372  0.22972268028628734  0.24001262522628289
  0.25025419942168203  0.26043919751372374  0.27079792735252495  0.28150472239999486
  0.29251767926339572  0.30322946854247979  0.31392604874061053  0.32478881859435466
  0.33592912964146338  0.34735472599592515  0.35851954238231060  0.36944509316550905
  0.38040257134275285  0.39124801209501658  0.40134389510659968  0.41151131864605844
  0.42181489409075773  0.43128197610887714  0.44186385543605128  0.45235164369233810
  0.46218771397447916  0.47123894200532607  0.48045868347933507  0.49008611782213407
  0.50032028207858736  0.51097312549539065  0.52157470394088112  0.53230663316848159
  0.54269561799005939  0.55288588608589107  0.56314840975518354  0.57360551619586864
  0.58407841008695660  0.59501658039261240  0.60618077444679852  0.61686012082345554
  0.62738083312488790  0.63798889687237426  0.64931325918661298  0.66113016551186665
  0.67237409822209515  0.68306239004348712  0.69330459962844815  0.70320375485336784
  0.71250344308064129  0.72185930836744483  0.73140727339086298  0.74204493394409887
  0.75329840196249276  0.76378971787181993  0.77416777653283808  0.78439436579314159
  0.79477279631423148  0.80548517488330418  0.81631031464733639  0.82742719830394862
  0.83835368559485846  0.84971358770108529  0.86046724655435991  0.87056613590176202
  0.88031433880719157  0.89050962081176732  0.90147899815855159  0.91265540190031857
  0.92277234892726900  0.93229707528980676  0.94260898462808262  0.95355317736792289
  0.96512596269689110  0.97653564157595296  0.98783204635597133  1.00000000000000000
 -0.00013415097236914  0.00045524047585161  0.00083271502445647  0.00109955481397116
  0.00131982829476514  0.00152051341879469  0.00171007675289971  0.00189217447732224
  0.00206931514431925  0.00224366967788885  0.00241759674537312  0.00259154529520791
  0.00276122039127148  0.00292935381041121  0.00309912813273863  0.00326852029026096
  0.00343953361412290  0.00361483190961388  0.00379282452602792  0.00397127674156157
  0.00415150676945574  0.00433961314789271  0.00454176517082017  0.00475380322471837
  0.00497234465817612  0.00519860533655776  0.00541983547270010  0.00562776868207796
  0.00584763791842129  0.00608226180800341  0.00633152416081817  0.00658962319663634
  0.00685729230263532  0.00712820110102917  0.00739875708632748  0.00768146567860430
  0.00798752415821949  0.00830143093364676  0.00860089906655523  0.00888251809209390
  0.00915921333459445  0.00944219506584155  0.00974530757712041  0.01005262046785716
  0.01038232744435383  0.01071667122908614  0.01102785445001075  0.01133834472709382
  0.01164199454588568  0.01192233181668848  0.01226742129763459  0.01268701734837907
  0.01312212676755433  0.01353564662764861  0.01390662895586023  0.01422522159184742
  0.01455644349369953  0.01491688947650233  0.01529170383997020  0.01563708119979233
  0.01599621300473910  0.01636045735448813  0.01672975923230350  0.01710241028436951
  0.01757845436515335  0.01803696926864790  0.01849352029419941  0.01896588707956261
  0.01946500579568759  0.01999794853061880  0.02055834430897410  0.02108249180157950
  0.02166125250291161  0.02237977405888862  0.02297988480110852  0.02346148616979938
  0.02395862907504145  0.02451208946429459  0.02532372657424508  0.02624080405711142
  0.02706643856208886  0.02778381666460717  0.02863514766083152  0.02975072023549732
  0.03087993677118007  0.03210364857294791  0.03342066136140509  0.03491346069757343
  0.03615304904438751  0.03932610672562961  0.04666551381434554  0.06477108119760476
  0.08627541526435428  0.12827039632635889  0.30551500228179518  1.00000000000000000
 -0.00166105552110595  0.00675662803272913  0.01473036290930737  0.02296757700388432
  0.03147428939944409  0.03969657576889177  0.04683470634914913  0.05450072786765298
  0.06219871296061702  0.07091237608529462  0.07902757765919421  0.08749063633535724
  0.09550365868730419  0.10353025452802307  0.11137553492096967  0.11939967532769734
  0.12765178710096561  0.13607215888674656  0.14436390096256815  0.15254926822786127
  0.16036217338931272  0.16796232203546152  0.17568014799924656  0.18365040832299021
  0.19160382139312396  0.19928039007657403  0.20698572221409908  0.21485636775988592
  0.22427895636188616  0.23446582270305730  0.24487768093966153  0.25534792566692216
  0.26568492316405135  0.27632715986813655  0.28766978833676382  0.29960783081332959
  0.31286550430623594  0.32688422807208084  0.34139793909261490  0.35638253833618955
  0.37321313576874610  0.39171574677830229  0.41074310925417251  0.42857880378809821
  0.44631467133969532  0.46621459803613136  0.48546924226775828  0.50229685787724954
  0.51931952952153271  0.53374037884820213  0.54898206039894504  0.56646538559509341
  0.58606436602415590  0.60622961001505382  0.62533503068453367  0.64182089712347012
  0.65648898985680193  0.66989132770401205  0.68354671938100953  0.69734276749945401
  0.71052876841985857  0.72251978886740220  0.73296206075148396  0.74284874725074501
  0.75284279584621017  0.76262245615596236  0.77190201356852928  0.78058562433378353
  0.78865426687095053  0.79668225411913851  0.80429330670942167  0.81258501071388733
  0.82097345695159885  0.82890053024510768  0.83679396364299419  0.84492881379544471
  0.85311617777346338  0.86131533675709715  0.86945409040386867  0.87743387571627007
  0.88512366078027249  0.89248990998182542  0.89960754446079583  0.90708367240180432
  0.91452779215449354  0.92215916606517478  0.92975119281282692  0.93742802769134470
  0.94571256483865207  0.95326852048776822  0.96076795260368908  0.96813283124240246
  0.97548810233455152  0.98370906503796007  0.99179942233045204  1.00000000000000000
  0.07141871546793611  0.49508263532923258  0.66243584464752903  0.76224374262351302
  0.82077113430886905  0.85843122823529405  0.88466907595739575  0.90380552432241212
  0.91837456752619928  0.92964299816310736  0.93877104802137323  0.94589749742548612
  0.95197564145013669  0.95715998649345402  0.96143650265419756  0.96505113000224441
  0.96823356298974583  0.97104595897810986  0.97354008889991328  0.97574863222144181
  0.97774646911580443  0.97954176172219642  0.98115261622570216  0.98262227028626903
  0.98397001489687508  0.98520413766018089  0.98633440390613125  0.98737137303958999
  0.98832799391677906  0.98921196465181915  0.99002607338362292  0.99077250382854110
  0.99145916247418020  0.99208695902305133  0.99266401359654188  0.99320052688679994
  0.99370468747685137  0.99418096073011386  0.99462458876551396  0.99503141919545401
  0.99540810617606690  0.99576408640966663  0.99609803162459654  0.99641277324595090
  0.99671105454012143  0.99699415013557535  0.99725856439192329  0.99749892103481075
  0.99771350205911313  0.99791860792494391  0.99811584885233817  0.99830156609514931
  0.99847542745181772  0.99863873428082683  0.99879173790353049  0.99893316258173925
  0.99905502318714945  0.99914312408969497  0.99920182341864228  0.99924343283084138
  0.99927552289836841  0.99930273732987773  0.99932531191033669  0.99934585810943732
  0.99936507611517289  0.99938294007212913  0.99939952536135335  0.99941496099481020
  0.99942981147605958  0.99944446080514338  0.99945841800527757  0.99947236285424279
  0.99948638078535357  0.99950057651959379  0.99951492056875613  0.99952896455371365
  0.99954268894947040  0.99955638590418938  0.99956985390756259  0.99958320717174753
  0.99959677861116936  0.99961052343437340  0.99962455598840505  0.99963902591698806
  0.99965393059994623  0.99966921187952007  0.99968507676520169  0.99970153431703279
  0.99971867422346539  0.99973716063211460  0.99975723911665515  0.99977967236444121
  0.99980596821232048  0.99983902591860008  0.99989277591269332  1.00000000000000000
 -0.01799445138762365  0.06861429708486069  0.10838179655319445  0.11895484764561380
  0.12832587368543705  0.13608831074820332  0.14305995806865532  0.14917222501572294
  0.15391575775812905  0.15833663778769452  0.16287227763185758  0.16780228785677698
  0.17258994374436479  0.17695150933619017  0.18088282349913848  0.18458877803555657
  0.18840583279863254  0.19212590741526075  0.19603904483630494  0.19998622585303530
  0.20368169798398597  0.20718077327880760  0.21063415980028410  0.21420497875950040
  0.21782633874518151  0.22146646269748671  0.22510238899622634  0.22878790085709400
  0.23255563153348113  0.23650061301491307  0.24050284930470070  0.24456878830628967
  0.24862961061896971  0.25261196258007557  0.25668655999158041  0.26095825918934490
  0.26547196932670847  0.26998655979468988  0.27424205553565367  0.27843111126190201
  0.28270204651348907  0.28704998569280948  0.29155599085894929  0.29634165107891536
  0.30138400060523074  0.30667422792896343  0.31192699232561794  0.31720580583595093
  0.32251550256242617  0.32828241479443848  0.33403652511919901  0.34009725450537986
  0.34643517758989711  0.35311355454405874  0.36011530644218359  0.36716624939081582
  0.37396122490433220  0.38042297808676906  0.38675643020446682  0.39318047640976483
  0.39948398305961902  0.40596079677675195  0.41306488345331327  0.42077781100429706
  0.42852312329137299  0.43632379862876208  0.44427636851012420  0.45214335661580402
  0.46014998001811314  0.46808591117071230  0.47617937633267476  0.48418472144521668
  0.49223555294796140  0.50051888710874248  0.50913689602727419  0.51818254042793654
  0.52744933009116279  0.53662471361044106  0.54582054933427948  0.55530825397432793
  0.56496422120965339  0.57455441418394870  0.58437884968894294  0.59504038189262431
  0.60654844575088818  0.61867331715560359  0.63129065344035362  0.64454746546455244
  0.65900233970663791  0.67473247177315077  0.69205064180404707  0.71128079872148431
  0.73303819261165115  0.76060345928428619  0.81289870094703098  1.00000000000000000
   9.6479153316500946E-010  -1.0000000000000000     
 F F F F F F F F F F F F F F F F F F F F F F F F F F F F F F F F F F F F F F F F F F F F F F F F F F F F F F F F F F F F F F F F
  <DiscreteSampler_grid>
  grouped_processes
  1 # 1 for a reference and 2 for a running grid.
  10 # Attribute 'min_bin_probing_points' of the grid.
  1 # Attribute 'grid_mode' of the grid. 1=='default',2=='initialization'
  0.0000000000000000 # Attribute 'small_contrib_threshold' of the grid.
  0.5000000000000000 # Attribute 'damping_power' of the grid.
 # binID   n_entries weight   weight_sqr   abs_weight
    19   10   2.109408106867663E-001   1.071624442860083E-001   2.109408106867663E-001
    20   10   2.109408106867657E-001   1.071624442860073E-001   2.109408106867657E-001
    40   10   2.089673846452560E-001   1.058041804430637E-001   2.089673846452560E-001
    41   10   2.089673846452554E-001   1.058041804430626E-001   2.089673846452554E-001
  </DiscreteSampler_grid>
