  0.00265092713963353  0.02158822817259969  0.03718244837772884  0.04952141390165592
  0.06026668516106767  0.07078995877224271  0.08100048097607478  0.09119202977545031
  0.10115041061195884  0.11080678030405293  0.12029560906588722  0.12979452361076668
  0.13930198229320648  0.14877943713616951  0.15827056045280927  0.16798048037557833
  0.17802570987572802  0.18824366661718669  0.19851312239613977  0.20863794554848525
  0.21864240500283424  0.22863900822444749  0.23843866469649863  0.24812897138057535
  0.25788454208166756  0.26793966092354055  0.27821898294264547  0.28839875270837873
  0.29866972580735673  0.30916814171529483  0.31958820387833942  0.32982412401462557
  0.33973723868393818  0.34945146274210354  0.35914029348177773  0.36870178824107741
  0.37847831080687239  0.38860209550047087  0.39876889472946869  0.40888895027797706
  0.41880731802814186  0.42866327235497698  0.43861345621008924  0.44838437759531746
  0.45807526952033728  0.46770862586453804  0.47744221330599479  0.48726500583668975
  0.49713370131210455  0.50712414377029225  0.51714005311433520  0.52720614837004875
  0.53745538163289375  0.54777684156559470  0.55789529951189964  0.56791598153177780
  0.57820532479186837  0.58898707374649306  0.60032485634089039  0.61184071807650209
  0.62319662842370260  0.63400552197900839  0.64446835132903224  0.65481037935765540
  0.66479068987099477  0.67478097812832849  0.68463103574834128  0.69461612774975245
  0.70480439130479478  0.71521862113134116  0.72603750833195790  0.73693901069773771
  0.74766940645406343  0.75809485200134019  0.76839636873843598  0.77867354740515826
  0.78885234935805815  0.79893459031815184  0.80911590544338885  0.81917298335872379
  0.82913021913923191  0.83926678861814208  0.84967090487287555  0.86003924214240413
  0.87021580188813275  0.88045123551730331  0.89102372959529796  0.90191586317586225
  0.91304647366445346  0.92420997944823002  0.93542726377604557  0.94667728613858193
  0.95836616846872624  0.97096491415830477  0.98490132362773375  1.00000000000000000
  0.00000096934445324  0.00000586820929563  0.00001218209521728  0.00002067805887160
  0.00003177458466915  0.00004534916074961  0.00006006427617752  0.00007638163369826
  0.00009438583593439  0.00011357393656227  0.00013371073653959  0.00015520011396633
  0.00017843096052473  0.00020335602437565  0.00022988651829206  0.00025633312143801
  0.00028442546344108  0.00031453545605230  0.00034567117099766  0.00037849709599479
  0.00041126619898318  0.00044585797740084  0.00048111467082849  0.00051718593764031
  0.00055524341510943  0.00059467955150099  0.00063535522913086  0.00067748157608743
  0.00072165594943464  0.00076628410183801  0.00081380061801896  0.00086222089496183
  0.00091259040336531  0.00096619187814170  0.00102063950017978  0.00107683899868412
  0.00113547456222266  0.00119570142131502  0.00125805053298640  0.00132528919225020
  0.00139587688859000  0.00146875424589308  0.00154687238752091  0.00162885984044664
  0.00171141118263176  0.00179514097057747  0.00188510804971245  0.00197803641755460
  0.00207572859136975  0.00218186363819717  0.00229254252890054  0.00240627987696397
  0.00252926330484685  0.00266052180404004  0.00279542261894424  0.00293509965347453
  0.00308625381510316  0.00324876934799385  0.00341496333340015  0.00360553044213989
  0.00380329591842456  0.00400704601952354  0.00422366487853311  0.00445671183556757
  0.00470663061888582  0.00497455096226051  0.00525484663928138  0.00553844315852046
  0.00583630834556048  0.00616924241018793  0.00652003609888318  0.00690560255792685
  0.00733098029008027  0.00775327665745863  0.00826720237003679  0.00881326111247387
  0.00939679771474689  0.01003744757318413  0.01073937403271345  0.01146677563856331
  0.01232789552026788  0.01332507779566263  0.01441460176969877  0.01562650651224379
  0.01696361801548135  0.01841223527876891  0.02004100455264504  0.02204394172792980
  0.02435907927044893  0.02706786527896358  0.03038179001998998  0.03579820678024982
  0.04465207761552838  0.07046430822375724  0.49030531497861318  1.00000000000000000
 -0.00247287453896867  0.00936121987328047  0.01989216377256341  0.03041835996547759
  0.04082332205253246  0.05089327255591850  0.06122737093609337  0.07216381497077588
  0.08313338754196670  0.09320082598255766  0.10285662322627977  0.11221796674210328
  0.12172078582984273  0.13152339791336573  0.14147744062689172  0.15147900357204527
  0.16170950338056075  0.17191250519302689  0.18222088356875363  0.19235381387513664
  0.20272653376025104  0.21315575248354518  0.22378140547991943  0.23410293473896621
  0.24437093669503651  0.25486764540556023  0.26539806331213378  0.27563997346752700
  0.28560451843112145  0.29569339072127726  0.30576761009444942  0.31584037286763261
  0.32618047738007427  0.33693875221203790  0.34786214470346877  0.35860268097217696
  0.36901570795442751  0.37913689583453203  0.38919396368007148  0.39953889929125036
  0.41021476008515800  0.42099908439237849  0.43169160353544189  0.44239206234795087
  0.45308499420298870  0.46362359978437317  0.47405257035071729  0.48456733989529682
  0.49540118900321994  0.50624792952526898  0.51684323133611931  0.52749643495702381
  0.53840024166148437  0.54941985036930963  0.56067990814023394  0.57211879693649481
  0.58315011703338393  0.59335490792667256  0.60323788634628339  0.61369985534315530
  0.62459620180249531  0.63543341553943589  0.64594816318466253  0.65639607580039838
  0.66688437754371621  0.67747367475596987  0.68794862574407156  0.69829770004435043
  0.70833253409321484  0.71818550162877781  0.72776340560089070  0.73732885321938568
  0.74730920933067291  0.75811266765084684  0.76982296854281407  0.78117880504850878
  0.79238354714817549  0.80368328682671164  0.81503840196207278  0.82553663485770978
  0.83586381526793629  0.84617762132196428  0.85635468937133397  0.86645548095478986
  0.87670253333174375  0.88745618791683623  0.89862750950228454  0.91036770259261790
  0.92202458104007945  0.93362672618852116  0.94528898768602265  0.95692911124007640
  0.96779415615079123  0.97841651817409547  0.98911241157315377  1.00000000000000000
 -0.00252795615678893  0.00992611509968759  0.02085736497664867  0.03178613671563386
  0.04257864483039058  0.05280642407791485  0.06324611282545427  0.07377218646202767
  0.08422418934608326  0.09434779514001308  0.10451337043527031  0.11477569604735265
  0.12521388578445380  0.13582117137169347  0.14642550613742381  0.15716639374764654
  0.16804916623852961  0.17933718691163683  0.19020351867472240  0.20087384861826660
  0.21202811877365033  0.22394005574392453  0.23526000531721272  0.24633448629490512
  0.25740095442178690  0.26869673814974349  0.27988654740695101  0.29119291112001172
  0.30277047974063975  0.31409322000231055  0.32520548145210748  0.33644970123869633
  0.34791432837381159  0.35936677633084446  0.37063435315313481  0.38179079697716695
  0.39271761407796169  0.40340268644023802  0.41401045221685751  0.42465052798382041
  0.43494060774505378  0.44471674574302666  0.45432898018253487  0.46414584732188380
  0.47436914994722940  0.48474418973869815  0.49511966373394994  0.50556293429689447
  0.51597242629065887  0.52640489133852175  0.53669201398351918  0.54707315638584364
  0.55760428518921812  0.56800462983754618  0.57825649100898346  0.58826737217697500
  0.59822913677022671  0.60816566047327059  0.61810141595288492  0.62798281456984950
  0.63774983468953161  0.64727316320103878  0.65675486326903154  0.66653421015898373
  0.67686833898891308  0.68738755650786376  0.69797976274894924  0.70852097740460895
  0.71917034617503395  0.72969726836854365  0.74016499394442581  0.75065277823917576
  0.76129243938439173  0.77196591865904551  0.78247587289774079  0.79291513660860213
  0.80322027185771527  0.81366817864587071  0.82397836765473620  0.83411552704315894
  0.84416640192810355  0.85413925429380866  0.86438282563267899  0.87476986067324691
  0.88537550231282724  0.89633071626490146  0.90723290079603103  0.91802173807445142
  0.92812221545800255  0.93802641473386195  0.94795273505070143  0.95793554894156197
  0.96852376200704915  0.97892802562059522  0.98956378507437959  1.00000000000000000
 -0.00251023203627554  0.00969319672988611  0.01993877477385787  0.03119866854639911
  0.04200213224480021  0.05310509361957119  0.06392779453652862  0.07477918855735803
  0.08521211533294394  0.09557174963981808  0.10582165456557927  0.11617896763858380
  0.12660744748615829  0.13712940538018772  0.14760891754506206  0.15816589928853730
  0.16885022846868841  0.17995612246801337  0.19116835792779779  0.20226577894665207
  0.21319567339018428  0.22393609917554377  0.23466435150565174  0.24544967510460974
  0.25616522717401879  0.26666904370285754  0.27701267365276566  0.28700597208579975
  0.29728081367108244  0.30762181373818287  0.31821519782289714  0.32906365699992118
  0.33990899015954201  0.35099928101635719  0.36221426307766252  0.37345197274750469
  0.38427155534587426  0.39455668070288269  0.40455650223086309  0.41434581600588238
  0.42431851820024202  0.43428236503787032  0.44447526589589498  0.45457831858268349
  0.46478232612211345  0.47500270245866394  0.48525979871804759  0.49540067134799981
  0.50583851127375168  0.51618789182244562  0.52682745105853457  0.53755605570417631
  0.54827807562222564  0.55857606152329309  0.56873098851063919  0.57888929586876203
  0.58942773840807672  0.60015655531547707  0.61078156518905846  0.62121785245208316
  0.63173169858731582  0.64228169128702217  0.65276989239594385  0.66305382588297546
  0.67333491088822339  0.68368615404438904  0.69427299473885307  0.70527286256339983
  0.71649309532126115  0.72749156314459373  0.73792687295282966  0.74852208820812827
  0.75923915274916465  0.77043584173444513  0.78151708011852261  0.79226911685093537
  0.80280380180130440  0.81314793465859192  0.82375035484511450  0.83425158105254782
  0.84473479802722951  0.85510078401085998  0.86537128560593168  0.87536158430429378
  0.88531607961417280  0.89494644930642087  0.90505680489584039  0.91547834431455366
  0.92628051777350173  0.93707450540250725  0.94751809914504004  0.95778434451545302
  0.96831683901683097  0.97872109570468957  0.98941004166506585  1.00000000000000000
  0.01430375208283784  0.18484845963172528  0.28137032953302221  0.34949224912178911
  0.40256621707713358  0.44507569100027566  0.47600239068875499  0.49947914934007820
  0.51857836475186203  0.53306412540913750  0.54534314075714074  0.55603808175690084
  0.56579412962345721  0.57416004227189066  0.58183514762946231  0.58857151536527441
  0.59488620117454416  0.60093162226063634  0.60657025370113438  0.61186582124677202
  0.61695809692386372  0.62195560776921577  0.62679997306928859  0.63146814901159010
  0.63609767168134124  0.64059406458836454  0.64516099251578296  0.64954111474580867
  0.65369975978384109  0.65777287205858781  0.66178583323306361  0.66577459850347620
  0.66972651277918760  0.67360575769744102  0.67744054095838691  0.68132082999187038
  0.68510146956884888  0.68870000967661460  0.69220746510357556  0.69567518790797689
  0.69915831834292741  0.70267474723743406  0.70620259077707526  0.70973362255970640
  0.71327900807029976  0.71678935212257999  0.72029165411823837  0.72373724057500843
  0.72715449444674984  0.73059643466741242  0.73410242591678410  0.73763784006101252
  0.74116461425964641  0.74469855227022475  0.74828208110715944  0.75188614663540132
  0.75549672210092511  0.75912866955182290  0.76279199576707113  0.76650291078899857
  0.77027383611692934  0.77407915734009280  0.77781997158273009  0.78155608805813126
  0.78530365514314149  0.78909935542508869  0.79287404858105681  0.79661207791055499
  0.80034961185472098  0.80412714055252155  0.80796752681941897  0.81179146130428537
  0.81569265123205315  0.81958385691835267  0.82354651638905430  0.82755373929818921
  0.83163794290548920  0.83592449054028095  0.84034662358883172  0.84485287356372996
  0.84940414276055043  0.85408946578205680  0.85906543397500801  0.86420250811659649
  0.86953475334155383  0.87516905287336044  0.88123548649085270  0.88777553088610295
  0.89463550504192624  0.90208003936808223  0.90998186022965000  0.91854072958983257
  0.92890409173962440  0.94148434464859287  0.96039117435413202  1.00000000000000000
 -0.02004048708103225  0.12772722460956840  0.16433425857671891  0.18633951131970061
  0.20316590829616357  0.21674052703939775  0.22859712772885318  0.23866551160550944
  0.24792912313392096  0.25646666528122669  0.26450345762082550  0.27234113652349839
  0.27983610446059015  0.28698288944422107  0.29383161227600024  0.30051981573353065
  0.30709391327547431  0.31363750093083376  0.32018293721735236  0.32660307268743083
  0.33285465050553192  0.33875922921555673  0.34446999540439011  0.35009889085818957
  0.35572802794477709  0.36116158126762632  0.36672759142054379  0.37225365878542999
  0.37772010497471048  0.38319841911077618  0.38854692176749411  0.39385931495530874
  0.39918645762489480  0.40448532179925717  0.40977043000768937  0.41510815472022561
  0.42045510133278158  0.42572544093669906  0.43087316428385686  0.43594836162185890
  0.44091312461681170  0.44600977546988757  0.45108995859972917  0.45619601794940318
  0.46135300612253261  0.46650223460260526  0.47169058056478219  0.47688254322183499
  0.48198945769640233  0.48702485640148352  0.49205062313360798  0.49709702874157474
  0.50214170485520848  0.50707772670391837  0.51191706171253626  0.51676132354789717
  0.52183792442780808  0.52708795579367873  0.53243523693700745  0.53781380234986542
  0.54324583245137748  0.54871689974776250  0.55410325386035120  0.55942739842179634
  0.56485086446540056  0.57041366925106929  0.57612895571719203  0.58191824102221013
  0.58775591588432219  0.59367131756579450  0.59962438642619265  0.60567585472875074
  0.61185496398710193  0.61812189664656669  0.62449003827793481  0.63102912158833147
  0.63772221440541044  0.64456553320966714  0.65169774416201220  0.65906372474143726
  0.66649694497905254  0.67430470545115540  0.68239754726201363  0.69083373524087155
  0.69965592446416724  0.70886389910271530  0.71887876697455211  0.72970015352912521
  0.74157834675193313  0.75409207642987186  0.76783859791383380  0.78385145552088520
  0.80278396697852372  0.82723746863731640  0.86853118968959198  1.00000000000000000
   1.6700418537686425E-008  -1.0000000000000000     
 F F F F F F F F F F F F F F F F F F F F F F F F F F F F F F F F F F F F F F F F F F F F F F F F F F F F F F F F F F F F F F F F
  <DiscreteSampler_grid>
  grouped_processes
  1 # 1 for a reference and 2 for a running grid.
  10 # Attribute 'min_bin_probing_points' of the grid.
  1 # Attribute 'grid_mode' of the grid. 1=='default',2=='initialization'
  0.0000000000000000 # Attribute 'small_contrib_threshold' of the grid.
  0.5000000000000000 # Attribute 'damping_power' of the grid.
 # binID   n_entries weight   weight_sqr   abs_weight
    10   10   9.835605899320963E+003   2.828098255241321E+008   9.835605899320963E+003
    11   10   9.835605899320975E+003   2.828098255241319E+008   9.835605899320975E+003
  </DiscreteSampler_grid>
