 -0.00227097674475095  0.01045255621358867  0.02163685268345703  0.03239028085672210
  0.04277708558823390  0.05232041178614129  0.06227862128871731  0.07145972827283062
  0.08039859656412240  0.08921524758310292  0.09920353817480561  0.10935155197168284
  0.11887415419174045  0.12821585409674746  0.13751064114914061  0.14678883272516088
  0.15562623796598990  0.16479443473850650  0.17381871987406244  0.18299068771760282
  0.19208185337419015  0.20141649182295129  0.21098601628784902  0.22157039020167868
  0.23239167437508199  0.24279008279539468  0.25243477692519262  0.26173965417433348
  0.27160580618567803  0.28312848485476866  0.29483561380563306  0.30598434437175626
  0.31735905749465798  0.32910298932940474  0.34072322501935121  0.35254536697210670
  0.36470780272543263  0.37631354382203935  0.38682041771849207  0.39693123217510773
  0.40690648114356465  0.41621276086543441  0.42502020457123713  0.43487300018614711
  0.44620653090987750  0.45741721645922062  0.46770131346654215  0.47850423296533418
  0.49095539848855413  0.50429073634550514  0.51702931595009616  0.52877123495071565
  0.53943311611115308  0.54954947818599942  0.55982969716946285  0.57117776570555023
  0.58262572697906634  0.59250543683822654  0.60239660078082802  0.61209058349480894
  0.62156530668207155  0.63036456532110863  0.63904252612762580  0.64797677738897419
  0.65737783732966282  0.66740543285732112  0.67742912385928078  0.68740456056439192
  0.69702367393214182  0.70644283236603866  0.71581318279186468  0.72423574516745470
  0.73467997894633197  0.74572944011811060  0.75538981062237121  0.76406033094947612
  0.77292795482899812  0.78201864147049382  0.79104549377892053  0.79994678843144018
  0.80930099163729441  0.82032196154335946  0.83349270513499174  0.84813544696886856
  0.86386222126000078  0.87952167330740583  0.89330512549632446  0.90718289553421771
  0.92073014914000584  0.93382096451004726  0.94561067344603433  0.95662841311227054
  0.96697428712612932  0.97795620153750440  0.98885705548168057  1.00000000000000000
 -0.00465939051932523  0.02103894500269231  0.03276944386807224  0.04238380737745240
  0.05135918696536960  0.06036991576067256  0.06894564511234691  0.07733211927723324
  0.08583713937334504  0.09497585709428474  0.10422847570467285  0.11545413126768908
  0.12653105854110422  0.13751666296103554  0.14865935324511714  0.15908502994255705
  0.16839503615780485  0.17687571056790918  0.18602402112350108  0.19557653283492765
  0.20523257984514820  0.21482820158874608  0.22493231758037915  0.23607816387749250
  0.24782526435245331  0.25866193213185323  0.26888864621661190  0.27964953441586110
  0.29089051657814868  0.30197103772577499  0.31179343904140205  0.32141849248536575
  0.33082970324507932  0.34037208124319190  0.34977019059233505  0.36054828474547113
  0.37302801126168617  0.38569699343434283  0.39858679691954507  0.41002788362573306
  0.42028142543617769  0.42966061213098045  0.43875440772931040  0.44778739138171136
  0.45661863830764149  0.46634367286591072  0.47699757786359309  0.48854713567087460
  0.49988651258362676  0.51089662398569280  0.52139265625754050  0.53175962129502319
  0.54149604336075063  0.55038002304736622  0.55911266896912482  0.56803680381359145
  0.57681074432280788  0.58596792030106248  0.59501621630048718  0.60455943383807131
  0.61558966294646245  0.62737776484035868  0.64044630790110335  0.65303593883716693
  0.66567049660052857  0.67834612745082967  0.69019274509105455  0.70000218709005735
  0.70910235470705629  0.71756855030283984  0.72573356111331422  0.73419961432345082
  0.74300267540410658  0.75297338386206114  0.76378700720808024  0.77597162381561469
  0.78852909728190079  0.80089178548808204  0.81281417995326444  0.82495760250296823
  0.83649256742979516  0.84695402254142571  0.85735805957567290  0.86766686103605650
  0.87821020072209488  0.88899163369304779  0.89955251122609992  0.91000646881712832
  0.92074384420240096  0.93197600652498691  0.94338453213117823  0.95465614806313326
  0.96610237632239515  0.97794068237302212  0.98897726424994037  1.00000000000000000
 -0.00000060468921796  0.00009517864075291  0.00059831632686024  0.00163560493531624
  0.00322925468429755  0.00559148039533177  0.00830330653879629  0.01139904145639954
  0.01509803876042340  0.01909675841256172  0.02330828316466070  0.02800075226239040
  0.03304545405320153  0.03824716259141604  0.04377216681829604  0.04972178074372229
  0.05627686255166912  0.06321838402219566  0.07026762830365978  0.07749932345206277
  0.08519378474128951  0.09348885225780955  0.10191909644006418  0.11025250683445140
  0.11857662434829029  0.12721926055796359  0.13633989333634905  0.14600456477953294
  0.15620273012868011  0.16665309800113406  0.17696671479873219  0.18722558712122053
  0.19771308488351136  0.20812711666693423  0.21945792340248085  0.23092377148314105
  0.24196932402953877  0.25291067441238935  0.26306212549566182  0.27303253054812776
  0.28292823260703159  0.29303296343651231  0.30352076050430310  0.31416042345377460
  0.32471073276848150  0.33504229545240183  0.34514777769195498  0.35546296806816302
  0.36610667349439435  0.37614010439746293  0.38660404242791929  0.39736553613179815
  0.40826685526326933  0.41975141798488108  0.43226741412702424  0.44570957392990279
  0.45891794325814556  0.47228409055552228  0.48573783807281518  0.49943519895104876
  0.51331605710713990  0.52705294606694542  0.54094096405854031  0.55498965000635891
  0.56879400663365365  0.58258323648256083  0.59653454358300639  0.61027513081178353
  0.62339295537070449  0.63666835233459684  0.65025398264374412  0.66477589090019173
  0.67932236652097155  0.69358030323196973  0.70795047138963163  0.72296578977537374
  0.73752863644854760  0.75180262303631906  0.76577995924149689  0.77944110112071530
  0.79283755300905190  0.80623886709280790  0.81926764799528851  0.83207112658529969
  0.84527360193353185  0.85894594124687795  0.87280148578899108  0.88704451560485553
  0.90152482158868108  0.91623050939866513  0.93079709069456851  0.94493971200197069
  0.95848404887956473  0.97223553549298625  0.98608597973330792  1.00000000000000000
 -0.00201943581357550  0.00942685756406510  0.01875601548763759  0.02858316183576180
  0.03841190936422884  0.04787155665654328  0.05739484799073503  0.06750781918139979
  0.07843687411345145  0.08870971360517942  0.09827848401305365  0.10740770126738436
  0.11673006519655249  0.12645492674375977  0.13544596506798032  0.14330875913333144
  0.15094562258336156  0.15895628417019519  0.16791394017230399  0.17757334656402884
  0.18862923701429032  0.20147773859671173  0.21584321819313612  0.22957469419523688
  0.24151264181198137  0.25289312999000968  0.26427179158220593  0.27502859433928911
  0.28507818850552930  0.29600741287452204  0.30897308605754720  0.31979320060686672
  0.32985547427925671  0.33931204164395429  0.34807344494122033  0.35668318306032443
  0.36558358282271808  0.37491110038049164  0.38384779280548870  0.39237736354257402
  0.40157767227711400  0.41165651850127383  0.42195181752338423  0.43275506952483461
  0.44397597868655980  0.45574296748308185  0.46742303100700733  0.47890489188585827
  0.49132170448977996  0.50395594864989690  0.51642088456835800  0.52817641113340030
  0.53901640861170130  0.54947609208864157  0.55982930413830012  0.56997230153419054
  0.58029258918682691  0.59119705884781171  0.60247754822787836  0.61337670421641399
  0.62405832936282979  0.63516396052251078  0.64674149943808257  0.65849799690959843
  0.67058209815963543  0.68245829495851651  0.69459590231900159  0.70634590181091961
  0.71754278113178704  0.72918919358003242  0.73990534259777085  0.75063700486623897
  0.76025074537501924  0.76989667048199861  0.78047377824941644  0.79126087180703719
  0.80168651882227360  0.81186267303664583  0.82140121544772360  0.83107512625809787
  0.84076838879884108  0.85058260130273566  0.86029162666077730  0.86956752253477088
  0.87876883676557482  0.88929827914726334  0.90017311959614521  0.91128861964637287
  0.92232136815464094  0.93363465724051231  0.94448219838180714  0.95606822123920898
  0.96706122437004505  0.97821850054702186  0.98914395950151279  1.00000000000000000
 -0.00237666151423421  0.01125496173502476  0.02294059930774544  0.03457742451335818
  0.04617904077847273  0.05779796938403548  0.06890175861456256  0.07980650715149279
  0.09109459314672702  0.10216649542729599  0.11359603657054224  0.12476654379028193
  0.13827300577440074  0.15050647408951415  0.16192128376425358  0.17368102887711978
  0.18515770969160342  0.19507163339455488  0.20435933840766740  0.21444317420854514
  0.22461628970514058  0.23423753907306039  0.24383626917927445  0.25454148967254053
  0.26577683807716695  0.27663752486169463  0.28691041370799386  0.29675455907189707
  0.30650278668151054  0.31609627450323796  0.32545747128392688  0.33460191303928155
  0.34343301812468902  0.35271851082308964  0.36280707640497140  0.37353403453084533
  0.38306695058852624  0.39218760505973871  0.40122806690513957  0.40993959923563394
  0.41846207221036114  0.42789072513674992  0.43916392513823943  0.45098153421499521
  0.46178910801743395  0.47186190159643027  0.48182084259324937  0.49122073190173504
  0.50029121410280897  0.50970498699353350  0.51978280749933747  0.53081774522956804
  0.54241283326311907  0.55466451025868591  0.56734815100850777  0.57992530276633891
  0.59102988977799598  0.60108766164395533  0.61163135888251141  0.62205767595569039
  0.63157403311362648  0.64086079552903064  0.65071834073545209  0.66095424696778904
  0.67086526378851508  0.68067333417978637  0.69104061666833316  0.70243357553188557
  0.71408458697020638  0.72589443111676100  0.73781525984590379  0.74946702940089605
  0.75887107755999250  0.76857372509654409  0.77867028758090406  0.78804384304782249
  0.79698518293780607  0.80562823590525912  0.81566647096244815  0.82766339674744571
  0.83918979152551543  0.84958385321866525  0.86044347637145824  0.87134004617747840
  0.88233294223251002  0.89346400415164584  0.90409236879797594  0.91415274164740312
  0.92412573039732071  0.93323467230790846  0.94376929557856515  0.95446837645654647
  0.96586099357418520  0.97660066538216717  0.98776400129748065  1.00000000000000000
 -0.00311796841854127  0.01258850772891648  0.02637808910438219  0.03942767273043175
  0.05176430062598372  0.06338921049698953  0.07464659352195997  0.08630715258128956
  0.09812686719144301  0.11007096282549400  0.12235944626857623  0.13515553425204213
  0.14789939102133914  0.16017895529054915  0.17108440433838726  0.18086716298115801
  0.19049649110195102  0.19978269508880572  0.20895127896032892  0.21777077478042423
  0.22642276992065780  0.23744448343908106  0.24884659689506877  0.26169243615822824
  0.27373785183596799  0.28637619392998492  0.29880199750879644  0.31095108886397022
  0.32323164309709879  0.33514534072723490  0.34640421669437310  0.35779906787443333
  0.36894471718196897  0.37998567053368570  0.39088559847813742  0.40200561532112683
  0.41372203197804713  0.42465600630418743  0.43462024837131169  0.44449546902179748
  0.45471172895213585  0.46534416058705330  0.47651674172562342  0.48861920421942490
  0.49882533676397167  0.50816611404609591  0.51717603830487335  0.52601190315214519
  0.53485318260425929  0.54380442201417112  0.55320491331784050  0.56273862900510874
  0.57273038492896766  0.58281140090740935  0.59272416016655705  0.60253092417990040
  0.61212892404783925  0.62174954700355034  0.63137152445444589  0.64142913392366785
  0.65241325672111505  0.66422017664287181  0.67448725151059141  0.68433451694489922
  0.69473935763015437  0.70488164499482886  0.71460402636721931  0.72375344359197769
  0.73316462426369433  0.74243550724358853  0.75208652032801060  0.76212789278672621
  0.77245466792138673  0.78276995105517921  0.79294464942439857  0.80332336987304187
  0.81433090654803975  0.82514729571651135  0.83529716202225579  0.84472944583368614
  0.85396267577450713  0.86335154724799146  0.87248979021634232  0.88210228413373026
  0.89196938587004027  0.90140303449390180  0.91037340303560177  0.91941623756589363
  0.92980373563520591  0.94004825764602118  0.95052270447036757  0.96068573137286473
  0.97083659402903022  0.98063642398437900  0.99027113461035876  1.00000000000000000
 -0.00444948803675854  0.03085900304613634  0.05815067705912086  0.07982205223869976
  0.09814381507635948  0.11429810779983253  0.12847872868531202  0.14158390729501172
  0.15356350755623707  0.16483274848225898  0.17551899925785844  0.18556342276286092
  0.19497664406842663  0.20412079427970747  0.21332947576348074  0.22247916128579509
  0.23104863497024755  0.23990205857002653  0.24820559436704143  0.25741639486946888
  0.26646882851532944  0.27589092349027450  0.28503676322977189  0.29375114750053027
  0.30136167998620689  0.30883864556764090  0.31648919805197773  0.32439644143832858
  0.33294295754798914  0.34184505215775735  0.35089700362187276  0.36023881133631319
  0.36998526391288317  0.37985505478780873  0.38946087278583252  0.39910459834813306
  0.40799724354967626  0.41690626099373035  0.42596470809100545  0.43530245309032434
  0.44495505994096685  0.45465907213353002  0.46397235535959275  0.47318332257968948
  0.48206820028307273  0.49062779919932181  0.49942303195194171  0.50692094378315089
  0.51418691379009973  0.52173600617078231  0.52907117611986465  0.53645243698411971
  0.54384702928549677  0.55136299017612433  0.55867717343853318  0.56634560483114693
  0.57389707571104964  0.58135547809886901  0.58892132802172592  0.59701515991898946
  0.60517566016998925  0.61361791281427747  0.62198977307372505  0.63062604527034061
  0.63871461736160717  0.64639619172065621  0.65417074833035005  0.66219887056166715
  0.67089591373935487  0.68070451436493951  0.69043477789790408  0.70018001575048650
  0.70940092614046046  0.71822011666180907  0.72738276413687430  0.73719347583228112
  0.74759622903732503  0.75848965820425496  0.76964328830325957  0.78146605341117747
  0.79295176967302061  0.80278999222627456  0.81251653820741898  0.82306187499114003
  0.83466433713912247  0.84696911014952470  0.85867418476453716  0.86976282485430079
  0.88066138220172474  0.89149762087617535  0.90369473343857520  0.91605723072888079
  0.93099713057068256  0.94813349412897585  0.96980080482372921  1.00000000000000000
 -0.00246237563520145  0.01133586314308674  0.02278006074436426  0.03278735884750980
  0.04309640398153984  0.05342175261488881  0.06385246492549766  0.07443146916603585
  0.08621491795183886  0.09876732418699313  0.11103965796839145  0.12266825158844406
  0.13379766593453257  0.14492240204342752  0.15660067448403109  0.16861361378477682
  0.18001402791385487  0.19054245045737883  0.20011684212679304  0.20950402403096111
  0.21910504648369103  0.22907614825056971  0.23951458764240166  0.25037889230517335
  0.26159352320441265  0.27408099622876286  0.28752153024097743  0.29978899577529311
  0.31028646908778806  0.32047867658524665  0.33065800656472788  0.34060687730885586
  0.35029790506756675  0.36018550040925251  0.37051641488190629  0.38132904961686681
  0.39268782603290747  0.40373293385126408  0.41449863009264942  0.42419477684614770
  0.43275307439124133  0.44134181894300806  0.45044085953465984  0.45991190067411158
  0.46909781822495966  0.47803598669004932  0.48827701725991207  0.49927669012421383
  0.50952706927870250  0.51892138447358882  0.52823506488288086  0.53761720168912575
  0.54900445848993651  0.56087665811169196  0.57361968531100593  0.58632774402486332
  0.59899007442473184  0.61122464024397172  0.62263518297186593  0.63251307402929524
  0.64180919624886335  0.65148443360712927  0.66154938058483304  0.67053764758738144
  0.67955844387761066  0.68953727761182970  0.70135796814971052  0.71230694722911980
  0.72207981200460991  0.73184249319221528  0.74137655332291796  0.75079348116610711
  0.75989280633016565  0.76832922419403826  0.77840891624630848  0.78917203412783121
  0.80032237381020044  0.81132645004323500  0.82212230722620971  0.83292410906962011
  0.84507791033990520  0.85886095936719087  0.87310972844219625  0.88319879323155037
  0.89265264331589800  0.90145352812335311  0.91013779172485110  0.91869044942978184
  0.92774010493386971  0.93719102739096916  0.94683294151955311  0.95638242488725478
  0.96761957934836995  0.97913325958433683  0.98992000276490211  1.00000000000000000
 -0.00698415166990980  0.07632405828124948  0.17018719667878168  0.22470720832721802
  0.24861622535342426  0.26720092332810241  0.28094257125640715  0.29195487248848423
  0.30162325767738524  0.31060408014239482  0.31913695512908363  0.32793024843929963
  0.33629279023848024  0.34540174139470192  0.35355247785679011  0.36241816969065827
  0.37136481520457543  0.37898179612361216  0.38540264965826937  0.39127673403898067
  0.39663201099110140  0.40151790019003375  0.40636628370876687  0.41159673960408694
  0.41727986130325168  0.42341571010355250  0.42971763028011206  0.43571498723001501
  0.44120899976601463  0.44663547825720529  0.45210263931371303  0.45779420348707439
  0.46364837612881743  0.46938913516623276  0.47500321106681975  0.48065474428497562
  0.48634219413426899  0.49181689134226542  0.49686526363843370  0.50188130317192459
  0.50683218450553746  0.51190119115127264  0.51722345633360456  0.52277315605648988
  0.52841693347895824  0.53400954600015271  0.53954265731622730  0.54488597588740995
  0.55007182605821026  0.55513445514204840  0.56022081162720205  0.56530994837730386
  0.57034207706091977  0.57546987897526503  0.58048541909473383  0.58542981456023324
  0.59039829257554688  0.59535219787870108  0.60017407669538725  0.60516913752067858
  0.61029196280144127  0.61557727499487380  0.62085699113512260  0.62609920814256981
  0.63145226556491785  0.63697966702701569  0.64266295875080548  0.64884675321081764
  0.65556050475054628  0.66228618355598901  0.66923160059330089  0.67672472548079687
  0.68429679742797267  0.69105873274037899  0.69732367830604003  0.70362275536439223
  0.71018481532837574  0.71662614617901599  0.72305019132848347  0.72940496244698905
  0.73608108330382849  0.74272393292644001  0.74953545205823435  0.75707218347573513
  0.76549537223460773  0.77473293573082991  0.78497903948839476  0.79549844401044500
  0.80669755128124943  0.81953391045992752  0.83414303833251169  0.84941618631323079
  0.86569904612620208  0.88672084633741788  0.92229827331863690  1.00000000000000000
 -0.01771700107745913  0.10319105669547186  0.13591241429204218  0.15827067872550987
  0.17793170342767678  0.19458513359598398  0.21095864677290829  0.22763828999384611
  0.24527554433956522  0.25986303782594433  0.27268490106775833  0.28573525257960564
  0.30031704743558735  0.31570948835273571  0.33138613777023807  0.34688666376284971
  0.36208590955963543  0.37597110197908051  0.38841159121976682  0.40025400520576271
  0.41134928970488271  0.42142514399493164  0.43060714535626893  0.43889216523817687
  0.44625004621981779  0.45334549550354897  0.46044375253346137  0.46775596093569893
  0.47518333924931389  0.48236867857446170  0.48949419314491827  0.49671691492668807
  0.50404699532822561  0.51105994891681883  0.51774305864367420  0.52423507613014841
  0.53062115608938976  0.53700187713767789  0.54351578451062210  0.54919867770875141
  0.55505221937071547  0.56081403687635412  0.56640595734552923  0.57215938028433766
  0.57803584658570528  0.58384518445780664  0.58948617794209213  0.59500266525331624
  0.60063920059023257  0.60582591965630217  0.61111838899715043  0.61611747176296616
  0.62069746649787927  0.62504201866642273  0.62912074521779682  0.63313926465979953
  0.63756474607472213  0.64215971158016749  0.64660021885089880  0.65066068767503404
  0.65442952534346566  0.65838682962223283  0.66242300895207840  0.66667542346790976
  0.67131926891869431  0.67614395653841519  0.68109317554756321  0.68602874731692554
  0.69120461460060023  0.69655155533513069  0.70174971430600497  0.70687173473115694
  0.71226234884511996  0.71792833896362829  0.72375508311710712  0.72967588937409633
  0.73527812123145220  0.74096098062935323  0.74701596771601952  0.75394448905056377
  0.76127384917019802  0.76842439900393522  0.77516303788970486  0.78182775056530607
  0.78872146442980740  0.79644601489356159  0.80499443774621959  0.81392187639311986
  0.82430127056222069  0.83545539069871610  0.84788512314606945  0.86152517630117476
  0.87672761085034578  0.89605080430724171  0.93227747443488840  1.00000000000000000
   2.8483897596379979E-008  -1.0000000000000000     
 F F F F F F F F F F F F F F F F F F F F F F F F F F F F F F F F F F F F F F F F F F F F F F F F F F F F F F F F F F F F F F F F F F F F F F F F F F F F F F F F F F F F F F F F F F F F F F F F F F F F F F F F F F F F F F F F F F F F F F F F F F F F F F F F
  <DiscreteSampler_grid>
  grouped_processes
  1 # 1 for a reference and 2 for a running grid.
  10 # Attribute 'min_bin_probing_points' of the grid.
  1 # Attribute 'grid_mode' of the grid. 1=='default',2=='initialization'
  0.0000000000000000 # Attribute 'small_contrib_threshold' of the grid.
  0.5000000000000000 # Attribute 'damping_power' of the grid.
 # binID   n_entries weight   weight_sqr   abs_weight
    94   10   2.800824847252708E+001   1.486765214477352E+003   2.800824847252708E+001
    95   10   2.800824847252708E+001   1.486765214477352E+003   2.800824847252708E+001
    121   10   3.206294307107297E+001   2.079277208109286E+003   3.206294307107297E+001
    122   10   3.206294307107296E+001   2.079277208109285E+003   3.206294307107296E+001
    133   10   3.206294307107297E+001   2.079277208109286E+003   3.206294307107297E+001
    134   10   3.206294307107296E+001   2.079277208109285E+003   3.206294307107296E+001
  </DiscreteSampler_grid>
