  0.00000066388694787  0.00000071505725121  0.00000081492584876  0.00000092201945404
  0.00000104794741251  0.00000120126187444  0.00000138916268135  0.00000160705869801
  0.00000185605034735  0.00000213870367453  0.00000245829075816  0.00000280116180348
  0.00000317389874104  0.00000359409707578  0.00000407672063374  0.00000463163245905
  0.00000524870037738  0.00000590962472158  0.00000659103488304  0.00000731031557482
  0.00000810130041767  0.00000903449966821  0.00001014819995232  0.00001144609488056
  0.00001292365418245  0.00001452556878666  0.00001628168525828  0.00001822610890012
  0.00002036588247782  0.00002264730550485  0.00002528257120979  0.00002809690528174
  0.00003111622458332  0.00003421581786351  0.00003739594138818  0.00004069259203366
  0.00004415102135038  0.00004805445796181  0.00005233919730408  0.00005725141348367
  0.00006273167676500  0.00006862532831629  0.00007501369235901  0.00008202689191296
  0.00008951941809223  0.00009734680271574  0.00010585666229198  0.00011470490330618
  0.00012401385702614  0.00013454574047405  0.00014614637637489  0.00015991863896925
  0.00017583261852919  0.00019289481341382  0.00021075451815358  0.00022738031064866
  0.00024551043822386  0.00026451949991393  0.00028561680918855  0.00030661850636702
  0.00032899294015414  0.00035092714703693  0.00037133541841808  0.00039291191647651
  0.00041700673911502  0.00044228742233751  0.00047381887251227  0.00050900482924463
  0.00054703022496354  0.00058643439956043  0.00062832089310160  0.00067928171876452
  0.00073918400098402  0.00079840835349257  0.00086378019325456  0.00093240081157309
  0.00101035501287972  0.00109910873152672  0.00119786655235557  0.00130664775237549
  0.00144075129990458  0.00158268853208350  0.00174073990785613  0.00199593548259270
  0.00226534976079058  0.00257173355286209  0.00288305078789789  0.00314429408879972
  0.00341128656413770  0.00375980376933545  0.00420404247089302  0.00472199761084659
  0.00584338052267308  0.00960964793739955  0.32676933209430092  1.00000000000000000
  0.00000056824020429  0.00000087545088166  0.00000105488088079  0.00000124763176265
  0.00000146101893761  0.00000171804019066  0.00000201601993602  0.00000234454247316
  0.00000275294376350  0.00000322912633395  0.00000380860728583  0.00000446575247351
  0.00000521902262434  0.00000607565013296  0.00000706952010456  0.00000824310291150
  0.00000961759115154  0.00001108191845256  0.00001261902241679  0.00001432361270580
  0.00001627326376912  0.00001854703329253  0.00002112952302216  0.00002404865820906
  0.00002732349935161  0.00003108259063694  0.00003522995060311  0.00003969660453862
  0.00004447170131050  0.00004942456382485  0.00005456793946171  0.00005997492215232
  0.00006600319268754  0.00007273546769894  0.00007975643686267  0.00008705070278325
  0.00009469862998138  0.00010310958265682  0.00011230290328621  0.00012314622524168
  0.00013551692403689  0.00014809542694037  0.00016103828529282  0.00017485235949611
  0.00018992271015093  0.00020710351453662  0.00022597599109525  0.00024585251878375
  0.00026767572801802  0.00028890827841509  0.00030987602894622  0.00033277229648739
  0.00035781753707396  0.00038465811960172  0.00041140933619125  0.00043900956093075
  0.00046960212719165  0.00050313740321251  0.00053717631960126  0.00056976345364554
  0.00060476517570771  0.00063674586468320  0.00067308969934686  0.00071274360874022
  0.00075375006040833  0.00080793115052394  0.00086707926914499  0.00092023999529249
  0.00098799231916833  0.00105262524197514  0.00111791245071214  0.00118494335664829
  0.00125260701994130  0.00132170293164752  0.00138550941360705  0.00144507928654041
  0.00151352766374591  0.00159180725655568  0.00167053579974886  0.00176213981564229
  0.00189828770023649  0.00205245782422920  0.00219260075788818  0.00236241729822738
  0.00254795441400202  0.00277624310305570  0.00303494259390371  0.00326643325405103
  0.00351154218408131  0.00378326912339772  0.00406589362305044  0.00443589900472977
  0.00529328591109838  0.01910808637097234  0.08916715440008260  1.00000000000000000
 -0.00000005828440893  0.00000595084450068  0.00001731070665968  0.00003169417821014
  0.00004825984317291  0.00006630118944051  0.00008584383825631  0.00010640840383662
  0.00012819426751521  0.00015061877315923  0.00017387736962167  0.00019735120581236
  0.00022097215222704  0.00024464451894721  0.00026947292678019  0.00029412031035574
  0.00031998623525696  0.00034587497234389  0.00037442207003967  0.00040474446368980
  0.00043627374943542  0.00046827509346043  0.00050089466079640  0.00053463826665072
  0.00056783356200833  0.00060090910549555  0.00063393790406800  0.00066742052998492
  0.00070208413648953  0.00073776352806453  0.00077525735551345  0.00081622416798941
  0.00085906958179980  0.00090293955605319  0.00094923901948752  0.00099627877940915
  0.00104303553693619  0.00109208049130722  0.00114484826789397  0.00119887505040497
  0.00125337968724255  0.00131044160335426  0.00136952978215887  0.00143259586767229
  0.00149926320877587  0.00156947754760826  0.00164118906145799  0.00170993713574378
  0.00177909179118429  0.00185225934941347  0.00192772927541920  0.00200366086889363
  0.00207908305165791  0.00216019403713275  0.00224215999593785  0.00232481238126403
  0.00240664140285467  0.00248825868937417  0.00257553611560018  0.00267136154498106
  0.00276759748652184  0.00285393389239526  0.00293092962093856  0.00301407716658695
  0.00310255673958174  0.00319020637592186  0.00327521340821157  0.00335505040152243
  0.00348453450484858  0.00364991274851734  0.00384235435875013  0.00405089519969687
  0.00426826705291701  0.00445629298380116  0.00463672318030668  0.00480536982342057
  0.00496350331270618  0.00510390579813848  0.00525701318543672  0.00541476016966348
  0.00556748380327584  0.00574643474852319  0.00593647552977770  0.00613892580957781
  0.00634550531014494  0.00656162687812501  0.00678055881560921  0.00720633973854601
  0.00786532390949783  0.00877344652730324  0.01014553513546445  0.01107057499126621
  0.01173990250704028  0.01259278283011654  0.06570124241025020  1.00000000000000000
 -0.00215267526236398  0.00773007575413322  0.01718316789997120  0.02730474798954254
  0.03838476612737445  0.04982893008507787  0.06107646404648765  0.07251082165207304
  0.08372581169694716  0.09438976772447510  0.10478711877739227  0.11520609488920627
  0.12551165958058710  0.13568585561671528  0.14584048887108766  0.15624556836155992
  0.16709128844856708  0.17799818342432439  0.18889452629385453  0.19885172518565669
  0.20840399552366179  0.21786735653014200  0.22771456284919617  0.23804461085831474
  0.24844590285798165  0.25896017189539888  0.26985488674138269  0.28079589613197981
  0.29168719044088515  0.30273086963940860  0.31429855505498122  0.32700936706381356
  0.33908921177946044  0.35007054270958554  0.36001266010413452  0.36950285856604870
  0.37897341171265420  0.38926152926597818  0.39945501539304512  0.40969670205126751
  0.41939128641311851  0.42962047698620454  0.44030604377481769  0.45108295067915111
  0.46205776357045647  0.47175386945598957  0.48109188096903321  0.48979212260329974
  0.49865417474554063  0.50733308638551611  0.51557366417398975  0.52373960793404217
  0.53247816306016871  0.54197500654637520  0.55144668797052598  0.56065256413659070
  0.57001911555810059  0.57950876144202190  0.58963914286728147  0.60015032877639662
  0.61103949980370520  0.62227439749825508  0.63341886797003433  0.64467668452091165
  0.65666682291999623  0.66856302518769994  0.68009342310308207  0.69114982348793563
  0.70165759741187139  0.71180329449898838  0.72198053423936015  0.73265420461056341
  0.74378693505700411  0.75543558472459627  0.76709777399901868  0.77803246744938770
  0.78864973244931103  0.79916449857481509  0.80863830980099460  0.81785366633929291
  0.82739809968230604  0.83835230538109051  0.85055556485725781  0.86243162037206034
  0.87491270086157280  0.88769668707869465  0.90149652867309560  0.91525966661587954
  0.92658980368837895  0.93751325413665043  0.94760681268102043  0.95813995962094056
  0.96874580532574439  0.97911799755813389  0.98950623356707523  1.00000000000000000
 -0.00016678941047288  0.00065429404322098  0.00098797550505914  0.00125785177166042
  0.00150416822018707  0.00173324151833061  0.00194985403802164  0.00216424593222915
  0.00234946084295922  0.00252654231590580  0.00270523821757344  0.00287846605331840
  0.00304786263693722  0.00321552115931357  0.00338237319649660  0.00354409259392857
  0.00370019391127919  0.00385152724978115  0.00399740767986698  0.00414836784047132
  0.00430438611855194  0.00446736462264334  0.00465891946010540  0.00485037007939853
  0.00503962522883552  0.00522575018835139  0.00540783581179627  0.00559825160774111
  0.00579401012612240  0.00599701390381351  0.00622768530082130  0.00644432817692774
  0.00665663498348329  0.00686734601797862  0.00709034935421415  0.00731185692726463
  0.00753190474099400  0.00779093374262023  0.00803368189721485  0.00826920010387644
  0.00852101297373702  0.00877018947552876  0.00902427617996154  0.00929226704713867
  0.00958498027741457  0.00987963614377055  0.01020939936518779  0.01051990184996577
  0.01082194533215243  0.01113023494873946  0.01143829077174828  0.01170280782263811
  0.01198317519957299  0.01226529479377028  0.01258249962563960  0.01295951974052648
  0.01339377260054340  0.01397178653673023  0.01443084088659636  0.01475038271735788
  0.01506039932452076  0.01533785275993966  0.01564418956814121  0.01596223277769556
  0.01634452462112321  0.01691880457468723  0.01728531899591833  0.01765075798189820
  0.01802782250807143  0.01845151942391291  0.01908807145653521  0.01990626337254005
  0.02085683193994147  0.02162638512635401  0.02232952098417310  0.02314170463014902
  0.02409830959837430  0.02505554477674383  0.02579471775457889  0.02641523491622528
  0.02708363506209559  0.02801680610139169  0.02883451093518138  0.02953076687005735
  0.03045012823029183  0.03194216281538063  0.03345694654279714  0.03496492144623341
  0.03632838468053258  0.03762705894130660  0.03957859146737225  0.04271263758968027
  0.04657529866558169  0.05327546338857347  0.17728150862817352  1.00000000000000000
 -0.00235957108430260  0.00876775900878727  0.01815566768471768  0.02847173490131257
  0.03867582535534968  0.04949451690867596  0.06013192556429395  0.07217326856335490
  0.08424671986862277  0.09731213159370954  0.10941156551528683  0.12097626276307975
  0.13147473596211565  0.14206264642565750  0.15298584936659157  0.16442901350249994
  0.17610768532447679  0.18744291107018485  0.19871733869427502  0.20966211359946066
  0.21979928147421582  0.23005341645419719  0.24013009335652971  0.25003786561072727
  0.25928090289445849  0.26875725181434007  0.27831410084585967  0.28817117727498132
  0.29785791662014444  0.30689196208813507  0.31616739584893183  0.32585190774966971
  0.33633783610708934  0.34785142848426076  0.35867977798690220  0.36886628779866076
  0.37916344491457488  0.39009924783637695  0.40196476715269985  0.41372857346664338
  0.42479604733414694  0.43519165021578954  0.44599236811739418  0.45696622743818693
  0.46835614034942452  0.47960981818057957  0.49028398977153737  0.50006278202095522
  0.50938845814210232  0.51846268662321260  0.52729512732084416  0.53601935032468428
  0.54515731728260131  0.55497896537768865  0.56465191590942698  0.57401034238424897
  0.58376471743555769  0.59425729471537847  0.60498104839324096  0.61543923456580407
  0.62597241055067721  0.63682890570874617  0.64799491121894559  0.65939669894345376
  0.67010932158432490  0.68006913477333464  0.69037755965753744  0.70070173338471797
  0.71102040410216849  0.72155001394753482  0.73252986173901680  0.74339456937619919
  0.75399819496456033  0.76456464010457859  0.77619039222741026  0.78812483742399830
  0.79983682157725788  0.81084968030659388  0.82152910793898026  0.83230204041100375
  0.84309395686780197  0.85378758449592829  0.86327752102534283  0.87194414386581587
  0.88057860115478215  0.88944238357516370  0.89887252027058773  0.90866362626299058
  0.91865093100348783  0.92993532164572812  0.94127589886990304  0.95284624066100920
  0.96418827590204870  0.97610668754177365  0.98776266529205492  1.00000000000000000
 -0.00013257553080767  0.00025989821554104  0.00060943554329065  0.00086650570436355
  0.00103289017084325  0.00120193312638212  0.00135560742471633  0.00150027864171845
  0.00163960200204525  0.00177492762310905  0.00190975494735483  0.00204244015977838
  0.00216894920032907  0.00229699376015949  0.00242040824151038  0.00253825422294240
  0.00265349242537133  0.00276653195189600  0.00287726858598448  0.00299226157238046
  0.00310717951956625  0.00322276360558368  0.00334324949111181  0.00347124122680143
  0.00359624554261546  0.00371297851422051  0.00382911868361830  0.00394485733718165
  0.00406008640949586  0.00419081198811297  0.00432310907541176  0.00445383864781246
  0.00459437287671283  0.00475144719540653  0.00490488602033512  0.00503889543072486
  0.00516522905764588  0.00528804514346908  0.00540388318919574  0.00551846624621517
  0.00563175789557182  0.00574984369110239  0.00587832539631279  0.00600407804700028
  0.00612922017154968  0.00625629957154026  0.00638225132252339  0.00650726667509208
  0.00663954002600631  0.00679893555553138  0.00700916961630740  0.00722482608796698
  0.00743486471582074  0.00771546093125676  0.00798769311584340  0.00832729812455393
  0.00866512688609667  0.00893226358519597  0.00920853280210256  0.00947649836055217
  0.00967517950852264  0.00987450434332575  0.01007063982563522  0.01033364081811867
  0.01048726888094328  0.01071185463920069  0.01098107149467742  0.01138774179699534
  0.01186464297013204  0.01240286466726612  0.01264712281006451  0.01285979995056756
  0.01301148952179315  0.01316288391715627  0.01331399568937078  0.01379500773857812
  0.01430029607903183  0.01500171430926112  0.01544261526097624  0.01585585924167878
  0.01651106606052344  0.01695096732694475  0.01733273644629187  0.01768991010816478
  0.01802920254025691  0.01836561892987374  0.01869605548174027  0.01904734363664833
  0.01961073463459430  0.02029783789401867  0.02072093920220536  0.02157689989892126
  0.02368333474901128  0.03166825000271694  0.06780831991091937  1.00000000000000000
 -0.00267050993207800  0.00945472879301279  0.01927266438099652  0.02912725841026956
  0.03910940079054133  0.04878917874886472  0.05835214423494780  0.06774887907686768
  0.07672645379797113  0.08525525199763972  0.09353066886140238  0.10174468165905418
  0.11054341506003841  0.12054950727814613  0.13076905666811159  0.14177514927281926
  0.15295033734811364  0.16393381168383295  0.17455805613645833  0.18481907461335589
  0.19516968593747250  0.20590673156519471  0.21683570495137397  0.22814102388986063
  0.23960450574194322  0.25119725800127596  0.26209802203802918  0.27271443823700742
  0.28368498207376192  0.29486130888757039  0.30604356777832753  0.31679643158933057
  0.32722343763244671  0.33773560230653377  0.34817127431500494  0.35882489262226369
  0.37010478300181110  0.38166514519120459  0.39420658576446338  0.40483228035852398
  0.41570728991634703  0.42759953944838419  0.43999579504978953  0.45112421530649749
  0.46161306720665685  0.47287035076857076  0.48437388062630143  0.49563259059812081
  0.50776409381146537  0.52148941984574637  0.53622373446104576  0.55003444186819284
  0.56212016951062105  0.57343061925743577  0.58480983561063826  0.59735311979021555
  0.61038995056907763  0.62359010789636127  0.63595042761989506  0.64773240395985798
  0.65955744336025079  0.67130954042555868  0.68268650975736200  0.69444545157849713
  0.70638388246340855  0.71821465314802357  0.72980047391708125  0.74082660938275324
  0.75166514622870739  0.76176928107880681  0.77281420142518642  0.78449803945920815
  0.79549083280468547  0.80566206245468897  0.81534730093409946  0.82562846327211215
  0.83603799064463580  0.84713473590835198  0.85811253233982177  0.86789269682762404
  0.87571697441707197  0.88380664934357900  0.89187222720173198  0.90018928938083265
  0.90914129112329944  0.91839753620591036  0.92791793456650329  0.93707670037326896
  0.94533180124222282  0.95328645372886611  0.96102753702705446  0.96863377805866357
  0.97651435017092891  0.98431802032163229  0.99199161507138389  1.00000000000000000
  0.08728315980651256  0.36731183924366173  0.41642511779608649  0.46186776618449515
  0.50436963029838711  0.54046788256416456  0.57601231039661926  0.61270481962234735
  0.64335229145759620  0.66836266078569695  0.69055239476577679  0.71177601474725871
  0.73154082408135435  0.74917603586212689  0.76571969034218401  0.78076106647954902
  0.79456245962269834  0.80790040775987371  0.82100926983735334  0.83264280806074886
  0.84285389279118261  0.85261121453442745  0.86145857190887132  0.86978213994333320
  0.87749837954671683  0.88452850909307945  0.89116917358409209  0.89762231808402326
  0.90341938706350389  0.90887785860129300  0.91400085559597599  0.91878500246990091
  0.92332220694018841  0.92767868340372961  0.93174007734554776  0.93552493845986340
  0.93881889609748770  0.94177235386253788  0.94466544206636749  0.94747449396122441
  0.95018889724952671  0.95280187240540382  0.95533827638687363  0.95772876217221015
  0.95977241121261869  0.96138970122794620  0.96302043477231314  0.96465146229512788
  0.96627084383995976  0.96785076452001728  0.96934008622904888  0.97074806698359950
  0.97206659124345762  0.97340468463651209  0.97471828172296493  0.97603717954341773
  0.97731925254210528  0.97852371634724622  0.97963517343793260  0.98066130583900690
  0.98159537080003922  0.98249006592164900  0.98334995450055296  0.98417677628028633
  0.98498798995317305  0.98578994203221593  0.98654748812133874  0.98725200560010595
  0.98790594045617874  0.98852626225473195  0.98912329554494316  0.98971135901189577
  0.99028212177916508  0.99083908549767552  0.99138096341280080  0.99189544580332545
  0.99238692803042439  0.99286896021024940  0.99334779559945174  0.99379620710465844
  0.99423667018856932  0.99467104823302022  0.99509441254294406  0.99550195758289484
  0.99589603007624905  0.99628385750699266  0.99666105131221272  0.99702945839261359
  0.99738230957410767  0.99773186131369118  0.99807433625269637  0.99842072193573250
  0.99877089484807979  0.99915798123358723  0.99956622926884386  1.00000000000000000
 -0.01936201654431477  0.12348893974022969  0.15546925659351743  0.17399176813832049
  0.18945455099891953  0.20368011264280925  0.21797980831077968  0.23130612378580989
  0.24247834102377344  0.25146576046462793  0.25943061202171630  0.26706409956413640
  0.27487087118936937  0.28294813259224239  0.29074593162333079  0.29821759797000269
  0.30554164641429893  0.31267348734714395  0.31961750471626293  0.32624705663167669
  0.33276267006122306  0.33917757506041363  0.34540730713840340  0.35185248789704610
  0.35807542871575754  0.36467009612416290  0.37138109156046167  0.37790885807697455
  0.38421147373401160  0.39040922655537502  0.39642748898833235  0.40189917543950932
  0.40740141125024620  0.41295761145166726  0.41856975104438815  0.42399002698065025
  0.42946040178199751  0.43488387241011500  0.44021405457421098  0.44554827250174178
  0.45083725689334320  0.45618470496672975  0.46161108889592439  0.46717695671578613
  0.47264101871611153  0.47806025057995216  0.48330660107096429  0.48836173177785264
  0.49340652817300307  0.49852640406666365  0.50353385084130831  0.50860592414757677
  0.51358359219398386  0.51880799455705362  0.52399835072409062  0.52944445755642433
  0.53518536099595659  0.54136961904129954  0.54802288734035409  0.55464404721687477
  0.56107150887447399  0.56757491306836938  0.57426356432317738  0.58068926975004054
  0.58690972959100851  0.59280843510803050  0.59869184880604842  0.60474408629516219
  0.61082257659072348  0.61686227010716455  0.62290546746231235  0.62840597292391187
  0.63381247055452472  0.63913567362355850  0.64442611653174831  0.65013936736221500
  0.65634447720940237  0.66307395036182215  0.67051958895874730  0.67835878914614811
  0.68624425756777274  0.69445021562545250  0.70280052911330326  0.71192545015610453
  0.72144217959459245  0.73085750352211465  0.74007637505583690  0.74998641536463662
  0.76147015922634531  0.77388965331989312  0.78781193454302745  0.80306084704376202
  0.82032534767516940  0.84333149093991877  0.88222678884758376  1.00000000000000000
   1.8575491542090997E-009  -1.0000000000000000     
 F F F F F F F F F F F F F F F F F F F F F F F F F F F F F F F F F F F F F F F F F F F F F F F F F F F F F F F F F F F F F F F F F F F F F F F F F F F F F F F F F F F F F F F F F F F F F F F F F F F F F F F F F F F F F F F F F F F F F F F F F F F F F F F F
  <DiscreteSampler_grid>
  grouped_processes
  1 # 1 for a reference and 2 for a running grid.
  10 # Attribute 'min_bin_probing_points' of the grid.
  1 # Attribute 'grid_mode' of the grid. 1=='default',2=='initialization'
  0.0000000000000000 # Attribute 'small_contrib_threshold' of the grid.
  0.5000000000000000 # Attribute 'damping_power' of the grid.
 # binID   n_entries weight   weight_sqr   abs_weight
    13   10   6.986455725426384E-004   1.735662400488722E-006   6.986455725426384E-004
    22   10   7.035320830408592E-004   1.753848714730029E-006   7.035320830408592E-004
  </DiscreteSampler_grid>
