 -0.00299710075329067  0.01354943760223453  0.02538768878532320  0.03487461900834252
  0.04504077240991860  0.05567499677950134  0.06571909864815494  0.07489499845559258
  0.08486390453653221  0.09778262481389977  0.11055413413357147  0.12180098284180864
  0.13155375271097511  0.14048123296372761  0.15007740128506453  0.16013242465611488
  0.17015722330757657  0.17984600276606760  0.18961879842548668  0.20154653536084177
  0.21345947800048015  0.22526088456939536  0.23677316735805284  0.24762317042660037
  0.25852701987945031  0.26951896007972304  0.28020459574393181  0.29120349220580027
  0.30054515119082370  0.30936577441674817  0.31846673715141038  0.32785134650062792
  0.33702993058178532  0.34539090430312275  0.35367315361698137  0.36255511436585625
  0.37097325310121909  0.37875810282563582  0.38622466208340756  0.39430364526923489
  0.40294430688177152  0.41214744644200818  0.42116308499354022  0.43081450592099302
  0.44104144176545229  0.45180468598912604  0.46244843066763303  0.47297706636874476
  0.48330512928491187  0.49321165951887885  0.50342624359690635  0.51374320903682213
  0.52475011667909510  0.53593418515554003  0.54615174388503307  0.55563764713498265
  0.56523523486591887  0.57514377911078129  0.58522698978047583  0.59499507520076278
  0.60495350606988463  0.61628217380216244  0.62681333527284522  0.63643289589512264
  0.64622643401966762  0.65653130070035703  0.66693915357971123  0.67666854616873207
  0.68593533699623155  0.69528600303025345  0.70480756893027552  0.71437033965061203
  0.72379615448406265  0.73322113175482007  0.74321542928711581  0.75361814857760689
  0.76469822484406480  0.77662595933433853  0.78875078502018503  0.80035565110797158
  0.81163731419430041  0.82305344580417206  0.83487890057402259  0.84642797640933198
  0.85814883941062381  0.86998106613048287  0.88106141597994425  0.89262266547501767
  0.90432558951772701  0.91617103807674583  0.92932788833054436  0.94309182427128735
  0.95684813765862653  0.96891578032341030  0.98240900292474287  1.00000000000000000
 -0.00433290800440945  0.02207214947424978  0.03967240762642694  0.05473562323587960
  0.06956802254009702  0.08441288061662783  0.09732436194260767  0.10852702004850924
  0.11794770887591789  0.12770131704376023  0.13825372747039172  0.14902567657490978
  0.15982912991141535  0.17071760575869252  0.18290119471813676  0.19389202533510727
  0.20524151880920743  0.21319403562532613  0.22076209880421349  0.22821801821735899
  0.23496329082403664  0.24148442612254728  0.24838466435520962  0.25550612867245481
  0.26218366082233080  0.26824720512593736  0.27524888705759831  0.28372370408095193
  0.29333509763828830  0.30461977071024748  0.31599437798665164  0.32682057336038500
  0.33751358626776767  0.34807252320718601  0.35951235806300891  0.37225308395733947
  0.38364478254451939  0.39518122514480203  0.40405530429231035  0.41370916880192876
  0.42284399090655511  0.43086522164770913  0.43909643633910961  0.44744770365012826
  0.45660635154982782  0.46645167203192284  0.47661003216030695  0.48567462635168718
  0.49446610040271988  0.50314928748877441  0.51233063020323089  0.52146142826756725
  0.53022349622268983  0.53884379952115624  0.54850338056246040  0.55920379296594358
  0.56893645107310020  0.57815561482778510  0.58788826035426178  0.59746430949444662
  0.60660389942095627  0.61530990931381513  0.62423872129916691  0.63427013425264067
  0.64563616662380940  0.65492911231125406  0.66435497133961396  0.67393207489492346
  0.68395408462948759  0.69453826119901219  0.70549956292658511  0.71584139115224610
  0.72611794867666490  0.73654421714014051  0.74685018667734659  0.75670363406323438
  0.76679916320710151  0.77832230974088457  0.79096882163496618  0.80272076325353803
  0.81333905952525964  0.82352052582502799  0.83325692578709876  0.84291309036760409
  0.85316855184264107  0.86470391385099288  0.87764462729870119  0.89126961310782182
  0.90430860212605257  0.91747440584504258  0.93032815717493500  0.94257258790011900
  0.95468068423763675  0.96804324610964210  0.98306389987956722  1.00000000000000000
 -0.00000065175114149  0.00010683015383936  0.00063930913608578  0.00180045627292607
  0.00370341828163845  0.00614334992560151  0.00923346841068781  0.01300592948969803
  0.01755483795080160  0.02233299975187842  0.02707482261959642  0.03189577169856578
  0.03727345841794824  0.04368791991969721  0.05102747320012782  0.05901783908164177
  0.06584474018815999  0.07231368506648293  0.07904412065450611  0.08576607561862475
  0.09256263263363310  0.09945712619971535  0.10734481084258761  0.11596474260842829
  0.12483934833250887  0.13369133599256736  0.14269647654652992  0.15234157737318157
  0.16271935270797638  0.17331840179554764  0.18383008347475296  0.19394189479643795
  0.20426665290860965  0.21485275461172498  0.22532112645976057  0.23589216827578441
  0.24671819370309722  0.25809641857748333  0.26929090216991913  0.28054796698618828
  0.29201405676117198  0.30373003797959797  0.31543256833717026  0.32696095592132213
  0.33849761315093774  0.35044771319294943  0.36263278437710800  0.37478755053804708
  0.38668171844320548  0.39856433944938863  0.41051588982323217  0.42258275030913461
  0.43529831420791815  0.44784029604079834  0.46026996847247981  0.47202872074488472
  0.48356402147056937  0.49522102063435425  0.50720063074254007  0.51970796963554300
  0.53217874443309443  0.54486291221393834  0.55799367352268403  0.57163080660733490
  0.58550807957009487  0.59915454742549024  0.61243866984501827  0.62520186060491623
  0.63779897133402652  0.64993976526536090  0.66192928720117572  0.67416438342809604
  0.68686137884627718  0.69993888527951187  0.71309450288655851  0.72667087826113652
  0.74012292107631217  0.75352544391534493  0.76703776233579002  0.78065706297309101
  0.79358894883359554  0.80616652278130119  0.81851651847427997  0.83091962564223376
  0.84349016672538291  0.85628279211929437  0.86975552734479644  0.88361580289811748
  0.89751806788659683  0.91129441530742950  0.92501654194766059  0.93942108580670169
  0.95403758820606677  0.96895884885488093  0.98426344727573678  1.00000000000000000
 -0.00274155074008267  0.01071386109413463  0.02170925970449891  0.03207852460194922
  0.04282682164531037  0.05395433302127260  0.06475069134892088  0.07450688828462493
  0.08421471180150725  0.09454762470808531  0.10514508005282557  0.11548090105960153
  0.12630381280444522  0.13771025219358315  0.14894887548674188  0.15997582597522644
  0.17140766893197473  0.18334099793903247  0.19523580242794586  0.20695415269964526
  0.21844104908129314  0.23066641630515697  0.24389186932895984  0.25658194269218693
  0.26874987237523884  0.28051793157735261  0.29189392043866108  0.30292019574377543
  0.31348864607990223  0.32254364835759664  0.33222180126657358  0.34207866845473861
  0.35145058255130029  0.35982501842211140  0.36802653682150910  0.37709837390148310
  0.38751625926879307  0.39755300739707555  0.40667997965335839  0.41555939874556552
  0.42538647536264174  0.43584757853463157  0.44579278987942977  0.45546929041267314
  0.46549266952363444  0.47606524647223308  0.48669201854480226  0.49807302602499032
  0.50973244599618917  0.52081861266143092  0.52907580198446502  0.53707157189357302
  0.54525767566788585  0.55319059997194053  0.56094033205985427  0.56905056468166948
  0.57691385640351645  0.58536095516971898  0.59613959205034772  0.60683785657300959
  0.61875012469026824  0.63204525423555069  0.64548927742644235  0.65830511733743291
  0.67054657334437284  0.68234150987296915  0.69355620032005749  0.70449500381303709
  0.71560170449735172  0.72625930535653016  0.73629784062077952  0.74599423802227971
  0.75683638008126342  0.76807346689003098  0.77844621964667937  0.78878276430628114
  0.79945311268892705  0.81118329017576996  0.82418531446442111  0.83682426604366444
  0.84817752566654225  0.85820248879594518  0.86773260464005697  0.87696888269162443
  0.88555430241366262  0.89415677516255310  0.90263320209884579  0.91110317589470469
  0.91999489584200822  0.92932072838569191  0.93916756781623500  0.95046902545689782
  0.96270008648958427  0.97470177581439321  0.98660172842486871  1.00000000000000000
 -0.00268769217396679  0.01149936166598116  0.02276025051900234  0.03328720049144056
  0.04345884263160914  0.05351782598639386  0.06378185866437350  0.07414167322059621
  0.08453601699509951  0.09583005900441466  0.10796957727808795  0.12049131716293336
  0.13236366826023699  0.14398970974543024  0.15541840112429667  0.16621595103665412
  0.17756247680081916  0.18848442764147050  0.20011894804680125  0.21250852863203001
  0.22518679628615432  0.23752606606066093  0.25087391575929552  0.26502374861102307
  0.27704397733972858  0.28599747218582489  0.29517462051270216  0.30449408085772650
  0.31381633065952969  0.32360136179643367  0.33354099185503205  0.34263233543345833
  0.35119462774492566  0.35972099942321728  0.36800280291827359  0.37604991322943571
  0.38452135230322082  0.39248161059849962  0.40316163784798581  0.41467344416461821
  0.42494482137855422  0.43482835655119589  0.44586221097901402  0.45776191992297344
  0.46938779763611915  0.48013419107732791  0.48889642601225858  0.49897165990747422
  0.50870577715700882  0.51831571617773253  0.52764748544510276  0.53718377564332465
  0.54714644045883931  0.55882769906086305  0.56999696680417977  0.58149778735499003
  0.59283673138434256  0.60381943891018830  0.61615769309386570  0.62832645256307362
  0.64029666205700464  0.65275077100347578  0.66527858437898424  0.67680053728073153
  0.68789557599612583  0.69923550200668361  0.71056870310237785  0.72182311389685772
  0.73209220835298017  0.74076802186828739  0.74975214075505192  0.75866467028737761
  0.76744459856733260  0.77630906995173710  0.78510150517701371  0.79497066791343507
  0.80525374245156556  0.81544561720151976  0.82571037361694322  0.83582777492629623
  0.84563249653618111  0.85592982888445301  0.86654320610920998  0.87669164922572274
  0.88568939273839886  0.89493408674180286  0.90517968692657558  0.91526377818070503
  0.92519764128310344  0.93482335972095398  0.94511513646109580  0.95590477031349208
  0.96691055427077088  0.97831340488245278  0.98941765613894561  1.00000000000000000
 -0.00183777557878499  0.00806948686039230  0.01587647550122645  0.02361448479918746
  0.03176391855534667  0.04024831232046929  0.04875117911831169  0.05685806402902487
  0.06604313980145300  0.07645781537073787  0.08632160342268014  0.09536727022591809
  0.10352762508000342  0.11316811677302829  0.12261324167716992  0.13274612160206417
  0.14259449816756922  0.15220032751621065  0.16156094973706406  0.17129523649596623
  0.18113811701024340  0.19163057582388257  0.20231379627517362  0.21459012762386070
  0.22729586466046775  0.23966586060803852  0.25152685180457152  0.26263239062067761
  0.27314634357105411  0.28368052896816748  0.29468522489125903  0.30700739176181507
  0.32090936705979861  0.33573953091284192  0.34812591821986755  0.36068789060101675
  0.37248475652188884  0.38366931405630766  0.39448683533275808  0.40557627050242434
  0.41745254308902691  0.42938143743614826  0.44135233257603423  0.45177048100225914
  0.46175592513773428  0.47140443856041253  0.48114803986328686  0.49139891944341291
  0.50260655609070903  0.51532511026050010  0.52624369192767628  0.53538092803318071
  0.54515502306501717  0.55510727049666297  0.56547205998579608  0.57525542219264059
  0.58555920921090909  0.59825485435015091  0.61011214385886670  0.62106369665590833
  0.63212481063297421  0.64368032786446272  0.65461403535712448  0.66537593499886249
  0.67588445173021161  0.68620412922791918  0.69667878635048985  0.70739871055015191
  0.71920174939719839  0.73195545272778950  0.74756526406209234  0.76042275401018655
  0.77194073480041181  0.78302934602928287  0.79360361306225680  0.80408785719966980
  0.81461816182819125  0.82436344848012366  0.83357137134898396  0.84225803617889961
  0.85175004762386575  0.86149298043120648  0.87115934429861486  0.88086439032546648
  0.89054073737167594  0.89997439741746110  0.90967595559292080  0.91979398094824105
  0.92979042160311631  0.93977095714002368  0.94954527780755793  0.95939722333996957
  0.96907825795291935  0.97905389859878289  0.98952544386662689  1.00000000000000000
 -0.00110839416960675  0.00267240365560639  0.00655830988872820  0.01026179742089703
  0.01382288514178024  0.01757019802610611  0.02157296901116736  0.02583827495764209
  0.03037884053110141  0.03473655095673682  0.03919155116733150  0.04389176842590031
  0.04880897693563283  0.05398548422531070  0.05941472532441138  0.06484979860146545
  0.07028926233366857  0.07576732095686722  0.08157004311498828  0.08731171262663158
  0.09318451199182116  0.09919504890628689  0.10518550774808889  0.11117088546855801
  0.11727452843642786  0.12371477367095628  0.13091923756614293  0.13889729530162118
  0.14674549005118701  0.15516192394805770  0.16358521999447947  0.17263333173042739
  0.18297218039092525  0.19439462276027253  0.20665149741289979  0.22009404078744516
  0.23399667725792661  0.24826708817693000  0.26342418712709242  0.28195941025249704
  0.30350469361634319  0.32494904409200071  0.34782579327765362  0.37374601189720741
  0.40761837615985280  0.46501606132882362  0.56739870635493761  0.61809413013838910
  0.64366143916385210  0.66355399780490820  0.68158254619289926  0.69756432033426352
  0.71230933014441400  0.72586621412963814  0.73855761929425079  0.75110264072448740
  0.76396220157490935  0.77622738715152717  0.78819489420314659  0.80057772932059401
  0.81311342744726400  0.82545425841043962  0.83507926810726296  0.84222054282224335
  0.84880666983582564  0.85541122040213313  0.86184593421607347  0.86831297006775277
  0.87470219273594807  0.88075713750783924  0.88663492975269342  0.89244429535645131
  0.89852567075146106  0.90537467492464829  0.91188333571791269  0.91782465505330013
  0.92345113251904898  0.92873845718464276  0.93391580099268268  0.93910973722015179
  0.94405477217202682  0.94887485580401265  0.95384510817440549  0.95858071220595809
  0.96280366331558276  0.96654235239284814  0.96993950697387621  0.97331334096403188
  0.97667537688151840  0.98008539414996787  0.98353870434502810  0.98700063910149927
  0.99042184457423699  0.99373636671802590  0.99690127338794554  1.00000000000000000
 -0.00289859693043257  0.01040064490394044  0.02244646666804455  0.03419570819523782
  0.04595521970788743  0.05751516862710618  0.06939281622080819  0.08171965119680275
  0.09422620975591203  0.10692176384814968  0.12001505032039946  0.13311731971279164
  0.14516768641970909  0.15796453910913721  0.17137496702400787  0.18545224666026974
  0.19918414986394609  0.21175993852820776  0.22330442282218044  0.23466179341554863
  0.24647598398449594  0.25863706620130061  0.27087011671533939  0.28276044827259245
  0.29404465631175214  0.30444595882431025  0.31493860474161567  0.32295044758205782
  0.33105216443130187  0.33922381654322931  0.34770822266449702  0.35609074502102644
  0.36432952262430474  0.37256135832978743  0.38272512555342708  0.39306633683904108
  0.40177722010421590  0.40990373771276684  0.41862501238202454  0.42808962745017393
  0.43752941355126329  0.44705578665818441  0.45692452691713714  0.46783455569950200
  0.47897947448232381  0.48940575687359733  0.49976754741389501  0.50981221949082411
  0.51944839758945505  0.52762527828504935  0.53560846705872800  0.54392281069517456
  0.55300222181916747  0.56076153699612563  0.56844959243442095  0.57619929578568052
  0.58500298471608470  0.59615582564616421  0.60907465370517877  0.62081265427040710
  0.63343767770717785  0.64598744181380141  0.65803736319288020  0.67019032338085993
  0.68280139298735443  0.69488101755146980  0.70576477407079274  0.71733353300896463
  0.72898385994516568  0.73901688186877845  0.74864695399425152  0.75865787542615415
  0.76907049754442558  0.77987905306220229  0.79153296292473496  0.80430013261392230
  0.81740843627871396  0.82677786725397695  0.83792248276866466  0.84821571522307748
  0.85745295904179863  0.86571299828684389  0.87456327460333649  0.88450088375859981
  0.89404753967985096  0.90267082712463775  0.91090319545408271  0.91950576346748869
  0.92919994263372407  0.93888146373670689  0.94820954302817895  0.95768135368022977
  0.96756676245561124  0.97790995697304062  0.98905374038986926  1.00000000000000000
 -0.01044436372911034  0.08499177063437409  0.14386157818731371  0.17868143464320130
  0.19878604303113934  0.21088759056944237  0.21830211437808822  0.22474539273521837
  0.23063256054865816  0.23591537910828475  0.24099444238174422  0.24543138257410177
  0.24960414111599791  0.25368304938411756  0.25763251609107624  0.26158989532053500
  0.26575621227718738  0.27014232276669303  0.27429480965317693  0.27798862151296355
  0.28143424675645051  0.28486021415059692  0.28829405231129218  0.29186609519400519
  0.29553212366079251  0.29920922512496456  0.30283201718268854  0.30636774870011285
  0.30988080466502682  0.31339363453572361  0.31664005514432225  0.31998329887300986
  0.32340096339889296  0.32687881398986945  0.33042269991362472  0.33426079473259984
  0.33839797942958516  0.34266271026985390  0.34698954576004359  0.35132362916145266
  0.35559733725177017  0.35957699353743805  0.36344018006474560  0.36734787579777917
  0.37125948531836211  0.37513635903375553  0.37890851018005473  0.38257802076073705
  0.38634448215524553  0.39027172943011357  0.39425849545987995  0.39806704411483096
  0.40183291043485703  0.40569631065900547  0.40974876274270622  0.41402314253664946
  0.41860206517363485  0.42332700646404703  0.42812508617661726  0.43300983962055317
  0.43832421677881633  0.44424543477452760  0.45022746197104158  0.45592365062076440
  0.46188674755765896  0.46808826095448269  0.47457151664624164  0.48076122004550031
  0.48680787232917344  0.49298321435574993  0.49925066306857840  0.50554807357192699
  0.51182889897096295  0.51823387795206544  0.52500093608958298  0.53211648348231533
  0.53952572883735450  0.54703323511500346  0.55489434621844380  0.56285825312244853
  0.57099642898763003  0.57924763644197697  0.58747546554105257  0.59550926360040202
  0.60455165713701442  0.61590267805474008  0.62994694374103932  0.64625874636745051
  0.66304743494442553  0.68009999769984075  0.69903736493719726  0.71930360852411013
  0.74224724116545249  0.77171692239697709  0.82484624790005634  1.00000000000000000
 -0.02047510281931354  0.13089949031504999  0.17605437671085472  0.20382528050306686
  0.22454061544201392  0.24052991324491702  0.25361346696246045  0.26449115422126868
  0.27440293843714764  0.28318936367066505  0.29112361472256104  0.29925849924624842
  0.30738053968473472  0.31550224340381494  0.32366825043324177  0.33149452060984053
  0.33916427381023095  0.34667634066211556  0.35389862961459106  0.36066824191302554
  0.36710043875142939  0.37357950012909785  0.37994816542931620  0.38653781468989623
  0.39287265481188866  0.39861194689102319  0.40387800709612842  0.40887246827239870
  0.41381134086116211  0.41872068107922433  0.42357412535013372  0.42839294893952434
  0.43311717050821463  0.43741340847030324  0.44158484246213042  0.44575963162202081
  0.44990968570339968  0.45408917287100858  0.45843867360507012  0.46316464530596579
  0.46815351632533903  0.47304951594357864  0.47779243749460221  0.48245990873643735
  0.48684065846070640  0.49131292640200519  0.49577791433362989  0.50020769597301640
  0.50466452044372845  0.50917190792932543  0.51361285564616377  0.51790039498115437
  0.52224357311119329  0.52635734056113104  0.53052744284708553  0.53465409414366472
  0.53866489030720432  0.54268982483655459  0.54704587179461595  0.55121551212576192
  0.55539916402203371  0.55965279599432805  0.56406011452668070  0.56863517080409132
  0.57326334816566415  0.57770732966308913  0.58225937032543351  0.58742403437756385
  0.59312056730982543  0.59903249557288862  0.60496593796681242  0.61061683385790222
  0.61597067199115574  0.62133888708848128  0.62698318333946701  0.63275526347529054
  0.63840148741885361  0.64407999297643248  0.64978224118157890  0.65567996166397180
  0.66202798365539262  0.66976569213857640  0.67843725297642843  0.68791028047596381
  0.69822840332482616  0.70895107240629873  0.71988461585327679  0.73079931654627694
  0.74193279364732689  0.75401395263639082  0.76797990123448912  0.78639335935706323
  0.80837743553923480  0.83404613071952705  0.87053634771295485  1.00000000000000000
   4.8423231888904772E-009  -1.0000000000000000     
 F F F F F F F F F F F F F F F F F F F F F F F F F F F F F F F F F F F F F F F F F F F F F F F F F F F F F F F F F F F F F F F F F F F F F F F F F F F F F F F F F F F F F F F F F F F F F F F F F F F F F F F F F F F F F F F F F F F F F F F F F F F F F F F F
  <DiscreteSampler_grid>
  grouped_processes
  1 # 1 for a reference and 2 for a running grid.
  10 # Attribute 'min_bin_probing_points' of the grid.
  1 # Attribute 'grid_mode' of the grid. 1=='default',2=='initialization'
  0.0000000000000000 # Attribute 'small_contrib_threshold' of the grid.
  0.5000000000000000 # Attribute 'damping_power' of the grid.
 # binID   n_entries weight   weight_sqr   abs_weight
    13   10   4.060334065958484E+001   5.551854749976153E+003   4.060334065958484E+001
  </DiscreteSampler_grid>
