  0.00461463557895631  0.01279448500409152  0.02347500975743016  0.03417521722667858
  0.04464915091453305  0.05492487343031646  0.06478809526602096  0.07408086924941655
  0.08338086571682039  0.09272228198462969  0.10191532138854294  0.11125721191489256
  0.12041702923387872  0.13047029903122875  0.14038360799602553  0.15048966951363552
  0.16062986542575053  0.17096597283493181  0.18146621793328493  0.19229637514025472
  0.20319009785176922  0.21375438244166883  0.22399984170320794  0.23389208741292000
  0.24377159052182604  0.25440830136320669  0.26555844534120993  0.27667173977300002
  0.28746311440388278  0.29851326089388980  0.30968132880644450  0.32009440665937555
  0.32986721516321205  0.33960651188930263  0.34958750136196909  0.36007150194501414
  0.37119863511006007  0.38292034605245795  0.39490022018578180  0.40642064927624949
  0.41756703458071592  0.42843499642803717  0.43898336185763692  0.44917839289215400
  0.45959933955977667  0.47026109418198764  0.48112557746272322  0.49224587988018320
  0.50328358822405672  0.51398191169449625  0.52438246103027053  0.53471055995360228
  0.54512206806099472  0.55554487947021081  0.56655290847221496  0.57801478057389055
  0.58927082603718040  0.60039393821407194  0.61170780913473022  0.62301079894962019
  0.63382965329847141  0.64449517131666667  0.65568762639304012  0.66729484383420912
  0.67904018898963803  0.69074231350487059  0.70211486804893342  0.71297350893054401
  0.72338127160846810  0.73376310335001937  0.74413403276617696  0.75437216830469800
  0.76428456360282959  0.77419541810971948  0.78378576847848824  0.79322251396649479
  0.80248882087885032  0.81192144670508304  0.82113281387593129  0.83042411960245155
  0.83975548729187099  0.84966457199938827  0.86011969951489109  0.87071712718081384
  0.88119190977723894  0.89186518053009900  0.90241710419552357  0.91247678883012728
  0.92189274292744705  0.93120680106520148  0.94092804985706102  0.95112181135777540
  0.96131288550210214  0.97137442742214708  0.98188917205371629  1.00000000000000000
  0.00339491394994490  0.01864120168373639  0.03364828646366128  0.04659930983965176
  0.05767026220427829  0.06850996137269577  0.07911586057870994  0.08918244002909687
  0.09906535752372427  0.10924748269556162  0.11946277867942158  0.12957559688642492
  0.13946994320862835  0.14928062533702327  0.15934168507295796  0.16933797394955782
  0.17934615363024081  0.18944361295696538  0.19950290784239902  0.20963229541714828
  0.21975427112256737  0.23004162944539130  0.24057051841803878  0.25140360846624277
  0.26221078558974037  0.27285105096728746  0.28301949401237320  0.29344719915234341
  0.30418003049214110  0.31511662745906943  0.32537050545349455  0.33508421421578616
  0.34450380312181056  0.35389643455789332  0.36315861590534909  0.37289093732370693
  0.38293959831355029  0.39303577847560284  0.40296080159275732  0.41287699438089470
  0.42307528633224079  0.43343917836447177  0.44373905663688223  0.45394688908772285
  0.46413277708270573  0.47420029948530468  0.48404601031374828  0.49386876727018753
  0.50397108830638093  0.51433467608910100  0.52454461153427145  0.53417055340599340
  0.54392774382432030  0.55386311839672031  0.56413120782194126  0.57472789883827213
  0.58583899163741560  0.59722548196662273  0.60825159226700665  0.61890796414099525
  0.62979486125865125  0.64072850359619993  0.65123038338441697  0.66149738020841753
  0.67188319558486220  0.68271950278520754  0.69312241278112241  0.70300769427708720
  0.71280084136302602  0.72246135562539560  0.73210143471360267  0.74184982057842763
  0.75172399985610627  0.76189004461422316  0.77210426271727473  0.78239668836702891
  0.79282402759119774  0.80320504834757334  0.81368550136005158  0.82424691700956898
  0.83461747194932645  0.84470443423918684  0.85479537941697703  0.86493002501332839
  0.87505031858145599  0.88521044349088596  0.89574859177455257  0.90658754766486049
  0.91738331632172154  0.92821214806184060  0.93893681765026460  0.94965066927795472
  0.96050907217339576  0.97115449486540473  0.98165791857986517  1.00000000000000000
  0.00009415467318872  0.00017648808216978  0.00028083101082510  0.00038536056347323
  0.00047641762946967  0.00056109031428463  0.00065505479020918  0.00075325313894720
  0.00082680684849005  0.00088573879571459  0.00094717783634235  0.00100690735268496
  0.00106611099021746  0.00112740386612257  0.00119424085049512  0.00126562622022022
  0.00133545893091775  0.00140432221675961  0.00147499431677038  0.00154770705717660
  0.00162069085505983  0.00169533250496513  0.00177346811691594  0.00185451858909063
  0.00193657972557546  0.00201903827938277  0.00210198545930007  0.00218485701054336
  0.00226700619128671  0.00234959284228152  0.00243362132544857  0.00252173249294874
  0.00261198349502465  0.00270372993643513  0.00279802723649941  0.00289569746743964
  0.00299504561856518  0.00309517714013545  0.00319877809570247  0.00330675523287008
  0.00342111048112887  0.00354457250227706  0.00367292419301745  0.00380740590676530
  0.00394529391570639  0.00408605635757086  0.00422934162774413  0.00437781458123548
  0.00453690748249358  0.00470778133259003  0.00488784932480716  0.00507918485604369
  0.00528390994730059  0.00550736072731036  0.00574024939196616  0.00598235036879997
  0.00623588658808860  0.00650050833711050  0.00677227133228947  0.00705504214097123
  0.00735542918974740  0.00767862058079583  0.00802971212617635  0.00839029352894851
  0.00876316843245362  0.00914203379562592  0.00954601411873944  0.00997986312135835
  0.01045187072271817  0.01096081532435089  0.01150745802140741  0.01209114115297958
  0.01268933701851444  0.01331087681633283  0.01396808490364415  0.01468206161538725
  0.01549084689570195  0.01638233440698208  0.01733484028175792  0.01838569127591807
  0.01960912526398306  0.02107706616099453  0.02273731343966623  0.02456126188208416
  0.02666020825489799  0.02913563314171700  0.03193287339327665  0.03516616863244924
  0.03899759090856574  0.04363274127030684  0.04983337792374003  0.06078865151392980
  0.07772430203376071  0.11026759036685785  0.49658018831113704  1.00000000000000000
 -0.00212433872588901  0.01005980600061650  0.02074866067847139  0.03203711403612933
  0.04331121596875329  0.05496789374019213  0.06596016254412072  0.07661716587697671
  0.08676515568505054  0.09687681973681711  0.10661900340808690  0.11638080795373505
  0.12610400257617255  0.13649243236175929  0.14686528827065201  0.15758085592109081
  0.16819995872011587  0.17868013917201112  0.18922039343587393  0.19967060702770556
  0.21014492872003168  0.22041293904388307  0.23093248268145047  0.24152951153747923
  0.25208275356312076  0.26201070912944319  0.27217164391973353  0.28208175489796622
  0.29208347161815079  0.30133000250992142  0.31057796855293757  0.32041132393280425
  0.33043563744669974  0.34104460950255361  0.35198811179670608  0.36321053548786497
  0.37463105090071347  0.38552732517739052  0.39678198688743577  0.40830015006961923
  0.41980674197161305  0.43118043879240281  0.44244756339822028  0.45367929004366891
  0.46451288584641737  0.47483960008342563  0.48514357294335575  0.49534012720336346
  0.50582706751804940  0.51640198611923538  0.52672808920852676  0.53671496053156620
  0.54695518251726771  0.55711116835519814  0.56744396873277436  0.57795372747653362
  0.58899707961724546  0.60005999911978081  0.61022927516260095  0.62025962316876171
  0.63039639409856130  0.64060557087269410  0.65057039391862492  0.66067181058810520
  0.67127052057174708  0.68206985072016924  0.69302275519829015  0.70404079697727140
  0.71537652981761879  0.72695113701798353  0.73817624131294535  0.74965425790125839
  0.76066136795239703  0.77165882301921063  0.78193316375221766  0.79247685840633431
  0.80337966421781459  0.81451585462949860  0.82569950304169915  0.83673730996210871
  0.84797560837107877  0.85906663894466939  0.87004777125441279  0.88076531566104477
  0.89123708296302517  0.90156187341378158  0.91171111868956933  0.92162041052711008
  0.93201593293780716  0.94260582136632820  0.95330735924262755  0.96331273316725430
  0.97262497721034402  0.98181223529892514  0.99082775510898236  1.00000000000000000
 -0.00267399877981700  0.01121271050001685  0.02197932328440511  0.03280774975358004
  0.04337879661146889  0.05328685990703141  0.06301359182180931  0.07269786084074212
  0.08280195123791513  0.09398880152304036  0.10530841528876785  0.11673763241232046
  0.12772692846196348  0.13829719931085066  0.14861793994300557  0.15861650136900798
  0.16846573834380915  0.17835592379190759  0.18832940419802818  0.19811115797349718
  0.20778260767246676  0.21712056846492950  0.22651249692344075  0.23612382701301834
  0.24593308991167331  0.25641311730215033  0.26762183450968602  0.27907232558510614
  0.29043575289428469  0.30153885963579180  0.31271720488339494  0.32327389497742243
  0.33400496862146606  0.34506072402586724  0.35613438497539951  0.36742998626370443
  0.37787726645562131  0.38803583261280283  0.39812322393813793  0.40913301869843571
  0.41992302321854724  0.43042340129288870  0.44040069669176679  0.45070406549901049
  0.46105930414301516  0.47158332096223310  0.48256591327511433  0.49334723423432569
  0.50380804909033372  0.51404407985870160  0.52414549451663195  0.53407254378730717
  0.54396589757598124  0.55417733266349145  0.56485615093855790  0.57466629696586713
  0.58412685618669413  0.59380632796727029  0.60433316509804058  0.61556175345500108
  0.62702000969071114  0.63761209607884661  0.64808903531348383  0.65820469819649963
  0.66833371396897512  0.67878101893837928  0.68919186154366874  0.69967834108645832
  0.71003201861634813  0.71984145268564748  0.72994225007653579  0.74021881346291341
  0.75065008978391490  0.76128677765635644  0.77209445395389764  0.78340166265176558
  0.79454054649015704  0.80552020542920522  0.81616354300783944  0.82739000139750363
  0.83862371260822266  0.85002951507759783  0.86059209847862805  0.87064817289863794
  0.88087400768347757  0.89127913055740693  0.90220778657611167  0.91319349301920927
  0.92397553252885223  0.93460190100419982  0.94493613750248651  0.95561985147350448
  0.96655157096164557  0.97749280419971807  0.98862916472986329  1.00000000000000000
 -0.00229000207482461  0.00931574367336337  0.01935113392698901  0.02944024756652517
  0.03959123503031599  0.04939758803041885  0.05942503175967236  0.06993678741093104
  0.08083063319899653  0.09198999919760489  0.10346901303517470  0.11543920933498128
  0.12690170627532704  0.13808776459207808  0.14854914520003157  0.15851369242686214
  0.16835153854081039  0.17793232751828855  0.18778743296910794  0.19742933462199524
  0.20682100651474075  0.21666994657377955  0.22674216255249757  0.23700855932851966
  0.24744899826320166  0.25781532753266589  0.26808216870250612  0.27846241448129067
  0.28919119569174750  0.30024141254053632  0.31137878723050660  0.32278337601429197
  0.33450065161061676  0.34566309549356949  0.35665183927649946  0.36763055418097468
  0.37840105597205625  0.38820940602846660  0.39833060137654946  0.40822525461689196
  0.41810505366646378  0.42781239649779795  0.43768654933981027  0.44839693141759251
  0.45895974388339683  0.46969367617488705  0.48063231127355149  0.49118116585527005
  0.50152183981342469  0.51185076327415391  0.52194444485848224  0.53214396768655803
  0.54236508230389535  0.55246778722797552  0.56269965556492296  0.57314609652385962
  0.58407186720812443  0.59512678696422894  0.60621266577367816  0.61796419435789185
  0.62934111411422922  0.64048650585902567  0.65159645579531378  0.66360257498757891
  0.67466389806444993  0.68492449886263029  0.69475428313449306  0.70456508908871385
  0.71428927187672719  0.72407536882097823  0.73519967545276221  0.74696027134968990
  0.75843922896331417  0.76940595469764361  0.78006265378280759  0.79011230114053821
  0.79989769474119388  0.80993045160564670  0.82024768106348089  0.83061739605004392
  0.84087960214725166  0.85135506245181469  0.86117215979661388  0.87100934647902251
  0.88101511889501716  0.89115133220022824  0.90107123340583384  0.91114644414757640
  0.92174256834876456  0.93365157231192775  0.94467936422566345  0.95536683509061704
  0.96627280735483978  0.97758582442967445  0.98879694306302035  1.00000000000000000
 -0.00244825174710386  0.00998966170289363  0.02122513718732711  0.03277398162186056
  0.04384554310180762  0.05411114682487864  0.06450575507863569  0.07531715009609777
  0.08650216540832081  0.09794868235715541  0.10915932858391818  0.11985516900840261
  0.13026923213294839  0.14097445526839894  0.15169325591362345  0.16251801251128140
  0.17324150038767228  0.18408609673286433  0.19496062337134451  0.20560985356688855
  0.21624500529999996  0.22659190644527147  0.23717392170864834  0.24775469755666427
  0.25860551581610774  0.26943260720220813  0.28036491212085057  0.29117366121865679
  0.30195338096496122  0.31242115873471704  0.32286359707413242  0.33334594548111002
  0.34453061015926728  0.35619173667056664  0.36822222241781100  0.37977972801891074
  0.39105584580824737  0.40205872566198769  0.41269429672307917  0.42280879590282200
  0.43265063931494474  0.44228007364788291  0.45171928205852047  0.46121056750053979
  0.47082205656595272  0.48054887023053616  0.49096656968416402  0.50150586387084917
  0.51248260428391212  0.52331774666320086  0.53444711405980461  0.54506849910137878
  0.55523083955310082  0.56514489164797810  0.57451586962636325  0.58432751758392920
  0.59348035954793743  0.60336193981352582  0.61310768577728014  0.62297876683990128
  0.63292937436718588  0.64305561346060613  0.65365004669292071  0.66479702038549016
  0.67584813885125172  0.68684413908154929  0.69830871944407413  0.71047283747397361
  0.72245433130362147  0.73404095123794022  0.74500600982196108  0.75537443456123909
  0.76538428733079700  0.77535121328950785  0.78577823743210551  0.79602702669544845
  0.80618468330234683  0.81647909890720605  0.82711303912349476  0.83806177836811169
  0.84870984826952334  0.85919487371745751  0.87011110054510965  0.88048883839882142
  0.89017571332630041  0.89968635872822367  0.90919922665330744  0.91863711627793165
  0.92779463595617240  0.93729474622729592  0.94821704437748933  0.95945692807053973
  0.97021861145767307  0.98039461394646876  0.99027171361254474  1.00000000000000000
 -0.00216633236407353  0.00998693021469297  0.02051095656716799  0.03162754438393355
  0.04297034075598996  0.05428302829284470  0.06569395256198864  0.07694215146155337
  0.08780222260725576  0.09849206882457914  0.10905953014916497  0.11945893309075629
  0.12983411214620377  0.14087047895745067  0.15174477690142163  0.16274239474178195
  0.17303408286780281  0.18338200592939019  0.19416918071658482  0.20540281540168459
  0.21679329139018119  0.22848320966976315  0.24047378185899543  0.25183395006419007
  0.26263912602351813  0.27285849213242397  0.28281485271345141  0.29265376074877009
  0.30248417434202951  0.31251841988514339  0.32266315381338795  0.33325539637316226
  0.34428992797229058  0.35498669762764840  0.36500976543415736  0.37453265489190851
  0.38429687684583547  0.39439389304337780  0.40485000452148112  0.41507767089051756
  0.42534424714123636  0.43546644696313819  0.44615960373435132  0.45701742295878206
  0.46790048651620630  0.47878618518573801  0.48958080791241537  0.50036859023874947
  0.51142610422406209  0.52306353254219928  0.53519163876249110  0.54643360956490261
  0.55738905359675228  0.56810633776319086  0.57870792150337935  0.58938745782129121
  0.59980208859047024  0.61043039334753957  0.62090328499089886  0.63134446591655458
  0.64163805667860607  0.65225268385074686  0.66275062640023008  0.67308429036219908
  0.68320438207523149  0.69448896377325298  0.70622545159140049  0.71752643670807159
  0.72856647561763987  0.73963372424029061  0.75064569040243534  0.76150281438306489
  0.77215400259070788  0.78261967504944763  0.79297388886717513  0.80327131117288175
  0.81345046052991998  0.82356802140106888  0.83365740311875269  0.84344659736840433
  0.85309004821113532  0.86277498583588741  0.87270523653506871  0.88227391712097580
  0.89170333418965242  0.90137411242269438  0.91111431194743098  0.92102715251220135
  0.93066977766130454  0.94034989295979676  0.94970396677147617  0.95944686397712642
  0.96978944773109854  0.97985080980468831  0.99006753890328292  1.00000000000000000
  0.22229248109073049  0.48793849821000962  0.53759498383452575  0.55809183722076772
  0.57377359759348290  0.58708622969198787  0.59864542624556183  0.60832298351903236
  0.61696732578049229  0.62516173313629497  0.63271787818876724  0.64010235583945951
  0.64712756034917440  0.65334802621716237  0.65935147903281599  0.66515063040731981
  0.67076681886201350  0.67625446497170627  0.68162880978750906  0.68675029175422297
  0.69153882219251273  0.69612400709035005  0.70058268413772462  0.70494739562631969
  0.70925618565272031  0.71348495055315542  0.71759625957157258  0.72161503032635788
  0.72552903909826583  0.72937849078857631  0.73326654291643700  0.73713631150216985
  0.74099471323938582  0.74486024718149124  0.74861423289954687  0.75221774453770951
  0.75573884130511271  0.75925869401183865  0.76288623450921766  0.76647429529904265
  0.76986375958457653  0.77331130490764632  0.77686593353126754  0.78047519737043269
  0.78406807755406172  0.78752849231740585  0.79081813926799382  0.79397360194559463
  0.79706668588461738  0.80014038906882412  0.80313331359012829  0.80608339234700443
  0.80904816503925447  0.81205726176185156  0.81517223259441352  0.81829763139937173
  0.82140779954704557  0.82454281970564791  0.82773180260780210  0.83096138038811718
  0.83417089286660395  0.83736582732227538  0.84038245787622112  0.84325722643446133
  0.84619873683914204  0.84922728700149830  0.85236698894227358  0.85559701150657330
  0.85879962247827990  0.86192029970627271  0.86501243739350131  0.86800100316993944
  0.87103042273130649  0.87406058345537918  0.87713562934884848  0.88016977611350455
  0.88324485097647054  0.88636928244069535  0.88956220279951281  0.89277182239829977
  0.89598986013623017  0.89925304053068134  0.90256093629163592  0.90591909970172024
  0.90929927189078086  0.91278689571579796  0.91638957459440940  0.92050307738372683
  0.92501123420023013  0.92965556417372897  0.93466236069803565  0.94049238016765313
  0.94756765229751261  0.95607594427847553  0.96925620196315321  1.00000000000000000
 -0.01510591942093843  0.09357492245105160  0.13235016317115089  0.15864943778287896
  0.17881245400011947  0.19561149696957036  0.21030599744923828  0.22359003649390144
  0.23557184177348739  0.24705804778454832  0.25765299076729076  0.26762319576671123
  0.27681627842335271  0.28550184102828297  0.29424657626328449  0.30259415244586302
  0.31068457066320149  0.31835558041814754  0.32572689083294387  0.33294119804042782
  0.33983752910724280  0.34660519608007445  0.35345989634185604  0.36002180306113152
  0.36655598967557229  0.37316049538310098  0.37988636484647181  0.38675048569491932
  0.39336230374195480  0.39962439537961142  0.40560751577854642  0.41136693164346128
  0.41704857170455534  0.42245021210279349  0.42805281541966544  0.43380752474429785
  0.43935580587519552  0.44467187191441393  0.44971028528919860  0.45472852003758174
  0.45988850426872419  0.46505500361432162  0.47012466474206571  0.47500681034795705
  0.47986842316403960  0.48488826805001006  0.49007768086004982  0.49527309656341373
  0.50058860753068024  0.50596838346327389  0.51136153549759311  0.51682951706593472
  0.52223562613113561  0.52786419938842455  0.53345476235391187  0.53897381389442156
  0.54467220762571167  0.55049016187460498  0.55617147066463812  0.56180899695301501
  0.56764665513748880  0.57366425005167654  0.57979825684216169  0.58608313347315988
  0.59251813088240446  0.59904032826188935  0.60537151703609549  0.61163146546082292
  0.61791378589422885  0.62421282402958755  0.63050690981949209  0.63688763889704869
  0.64340384252911498  0.64999063344163910  0.65667405196375128  0.66331411940230778
  0.67015567131523868  0.67714700341492207  0.68431365863891824  0.69188691281428694
  0.69971226948085907  0.70755909074218148  0.71559747461639978  0.72403804571915342
  0.73338480651820270  0.74327114614371648  0.75315137588641512  0.76383932837434576
  0.77598469561489669  0.79013722124071095  0.80576159621073173  0.82347163098115805
  0.84457331886397435  0.87004541546780012  0.90780938851629733  1.00000000000000000
   1.1426329710676273E-008  -1.0000000000000000     
 F F F F F F F F F F F F F F F F F F F F F F F F F F F F F F F F F F F F F F F F F F F F F F F F F F F F F F F F F F F F F F F F F F F F F F F F F F F F F F F F F F F F F F F F F F F F F F F F F F F F F F F F F F F F F F F F F F F F F F F F F F F F F F F F
  <DiscreteSampler_grid>
  grouped_processes
  1 # 1 for a reference and 2 for a running grid.
  10 # Attribute 'min_bin_probing_points' of the grid.
  1 # Attribute 'grid_mode' of the grid. 1=='default',2=='initialization'
  0.0000000000000000 # Attribute 'small_contrib_threshold' of the grid.
  0.5000000000000000 # Attribute 'damping_power' of the grid.
 # binID   n_entries weight   weight_sqr   abs_weight
    16   10   5.012799673805609E+002   1.768985635648495E+006   5.012799673805609E+002
    17   10   5.012799673805608E+002   1.768985635648497E+006   5.012799673805608E+002
  </DiscreteSampler_grid>
