  0.00467965932902736  0.01203088316865423  0.02196815036653661  0.03218353661136997
  0.04237844567694946  0.05326890677386675  0.06411749117505536  0.07542216034801519
  0.08643266078523529  0.09765294169061277  0.10827226832160509  0.11909571990463572
  0.12985347420999452  0.14037742548344326  0.15023582380582029  0.15998528501132636
  0.17017495327955826  0.18115047878747453  0.19185696525862597  0.20202669934791007
  0.21209385165646835  0.22205852084734329  0.23170350791555372  0.24121294285081804
  0.25098575034905540  0.26102433391446284  0.27085509517217871  0.28094029481688765
  0.29114521258851561  0.30176899792840933  0.31265907271580545  0.32444741836566204
  0.33572403398911738  0.34639195725675742  0.35732475313730838  0.36811231101507735
  0.37889486974204645  0.38953737772688024  0.39988727217380193  0.41004178397600333
  0.42017948696359225  0.43049461284032509  0.44045758375851601  0.44999957857821044
  0.45963005346881525  0.47003957524968487  0.48081200610159952  0.49115253339676079
  0.50097255442855637  0.51088385980394801  0.52110299543285943  0.53168821586023751
  0.54219636613560773  0.55221521436902110  0.56183010434747205  0.57131156361160917
  0.58089154361170581  0.59086993922717568  0.60090454685788364  0.61101021452875959
  0.62078627133107123  0.63080640241071029  0.64107470495066354  0.65149538664329942
  0.66192137863033373  0.67240708372377056  0.68297573003611367  0.69356168136038843
  0.70450143257768727  0.71539623920318529  0.72598600415675729  0.73636249479830884
  0.74672824065213483  0.75668247262784871  0.76639350575371412  0.77659378167462045
  0.78712522200948398  0.79741596937663262  0.80761912409974568  0.81836212643160655
  0.82957172431115345  0.84060510347560691  0.85128101896061104  0.86206898485571193
  0.87277529246014651  0.88330735507838765  0.89392187839553294  0.90502190691438866
  0.91642168971489146  0.92751482857265521  0.93823047475502297  0.94877978264434359
  0.95999163630007422  0.97247592522322535  0.98597799935969677  1.00000000000000000
  0.00320047622700999  0.01916425014490121  0.03364373294035607  0.04618092196427566
  0.05809354661736026  0.06964555413207417  0.08062523630806485  0.09125719440344190
  0.10178350079901835  0.11238138630069276  0.12303464284150324  0.13387572334719869
  0.14497656582333129  0.15615261910420664  0.16741496555411478  0.17900987589266232
  0.19028377176841002  0.20116746736165261  0.21202646009490742  0.22273292016473259
  0.23320201481990760  0.24335446122912138  0.25335335743136439  0.26348455641102475
  0.27363873915906767  0.28335878723113994  0.29275148142342855  0.30223832566871256
  0.31208601557590765  0.32252485447430251  0.33329223265249636  0.34397266067482329
  0.35452101625560950  0.36506522970214456  0.37581865226979116  0.38645443452100919
  0.39672367076992354  0.40681482330476476  0.41668117413224987  0.42635066838632329
  0.43592936746624877  0.44570687780498680  0.45561788819202448  0.46538034040135384
  0.47494512697143626  0.48448533688129808  0.49415104565195250  0.50377248257145157
  0.51310484702582693  0.52242451070644491  0.53193026480914707  0.54142909734391775
  0.55095848911188516  0.56054885947969946  0.57034382964086039  0.58031298058994429
  0.59058325316312443  0.60098728605167584  0.61116952458717233  0.62117020007607293
  0.63116741067717186  0.64141875828497941  0.65206669911366011  0.66286033924850252
  0.67352043850347865  0.68412612834571163  0.69495497999081113  0.70626580498327363
  0.71744185684841466  0.72862076341326998  0.73949807560523351  0.75029724123746433
  0.76130824610401326  0.77223681467471972  0.78300285379683143  0.79344335802763954
  0.80383248260295659  0.81405543259643498  0.82394398062152485  0.83360144998102204
  0.84302497193650827  0.85244475482507664  0.86203001615639474  0.87172149260955833
  0.88168534740879145  0.89163381279665688  0.90179099259741280  0.91175836392399756
  0.92164988023421401  0.93163528685288088  0.94187095751935224  0.95200981161593690
  0.96193224037374703  0.97173556441642706  0.98191201086016466  1.00000000000000000
 -0.00144021400838237  0.00662615658131300  0.00952074368349483  0.01266184928814799
  0.01583395420467487  0.01925361599215604  0.02303396748364371  0.02720101666320434
  0.03198725878828217  0.03665358672435351  0.04136318022140141  0.04667872449277427
  0.05238706340913626  0.05820423066144516  0.06418919635874906  0.07051759702807336
  0.07698342118672363  0.08354003794477871  0.09052221749011430  0.09763542550730110
  0.10458450478436368  0.11164271544826589  0.11903466390891349  0.12688668210107812
  0.13506870085978787  0.14324064688013613  0.15143290532118961  0.15970986888395208
  0.16811011749116728  0.17667709689037603  0.18558500773891981  0.19494643920088164
  0.20457142151851360  0.21432830103879971  0.22436760758874660  0.23449263716530555
  0.24452225995448632  0.25465381893169226  0.26488418253269397  0.27524703584297699
  0.28592897755362751  0.29659290300319635  0.30710514816032625  0.31738744452325107
  0.32751360368253546  0.33776835544975836  0.34823664381778091  0.35900510836872018
  0.37025179274034409  0.38184487026789909  0.39351804424855136  0.40495994053922846
  0.41612881001007129  0.42793774810538182  0.43998962636727396  0.45225949755785960
  0.46455034446507681  0.47673743822834652  0.48880275203964396  0.50080451933938031
  0.51279310281713053  0.52479404769640814  0.53701931827107274  0.54951941989288577
  0.56173122876574588  0.57469516140836419  0.58785854670754623  0.60112364009575658
  0.61444814010688587  0.62787172876741648  0.64183742360332385  0.65519624741260873
  0.66836417143867544  0.68120780519855983  0.69428968391585033  0.70786588546592677
  0.72179134555867652  0.73615883910384561  0.75028769943512019  0.76470178880256690
  0.77894170204761015  0.79294465525913649  0.80686627713380366  0.82093499474561238
  0.83523601255699143  0.84973936051370880  0.86434848576321988  0.87909435475646613
  0.89402472780247755  0.90916470882306466  0.92453834193269735  0.93942749957446070
  0.95449055619169276  0.96961509390152723  0.98473325964155711  1.00000000000000000
 -0.00247767987816551  0.00919343954334963  0.01929768473223495  0.02953524531675342
  0.03962672465338531  0.05003984381232326  0.06015934819503442  0.07034895684953558
  0.08046772109157191  0.09132506289557930  0.10253761817154942  0.11355934354938170
  0.12464065123402010  0.13565587097607582  0.14670453994650107  0.15734747002628857
  0.16777159785751425  0.17805423616160984  0.18852709973313156  0.19852565172275430
  0.20838849437332718  0.21787418506823586  0.22735541974770845  0.23689606203097227
  0.24659487561619137  0.25623119452784443  0.26597610163401503  0.27596350635933420
  0.28655935784609743  0.29715699414399099  0.30836231483702092  0.31977038018756837
  0.33111778724862051  0.34211116017619814  0.35299778813976762  0.36352101642013590
  0.37360632250342296  0.38338868269433823  0.39320740707053697  0.40324732713714345
  0.41354841826055078  0.42406834580561897  0.43481780587996433  0.44577474772790543
  0.45663259227347708  0.46747954810442038  0.47837840563358958  0.48935704972113037
  0.50047364758767210  0.51152522624961272  0.52281650601459784  0.53378171974299804
  0.54477491771020559  0.55519940613770802  0.56604629311822952  0.57618233466777502
  0.58629184893799480  0.59639708029329730  0.60698598408069659  0.61799322086911268
  0.62931015932804557  0.64092902603146418  0.65256824210520081  0.66451647033979355
  0.67590043408139233  0.68712793337740352  0.69794642279823538  0.70879206066243627
  0.71849095552295017  0.72836979199296337  0.73790608339983499  0.74769723972210944
  0.75756161148960710  0.76723836157209602  0.77699329217099633  0.78713169408419359
  0.79760520159592174  0.80942444031165195  0.82077594270402188  0.83277036359182777
  0.84291845236136176  0.85359604675729883  0.86331703654009984  0.87327695229377211
  0.88295425751755663  0.89309860566969079  0.90390619791954019  0.91461223797623992
  0.92495185519136203  0.93520450340045425  0.94584631266516317  0.95615187488172437
  0.96681220034980264  0.97734451184688764  0.98881868559845942  1.00000000000000000
 -0.00252249234798808  0.00976717158361667  0.01962577860756703  0.02996291666478102
  0.04036155288773453  0.05157919134525557  0.06254587595753228  0.07330863246849367
  0.08425456458386624  0.09587075050966654  0.10734001152573915  0.11858304623069076
  0.12984738296411960  0.14115895605589082  0.15195460705761726  0.16218179654094880
  0.17196629006756847  0.18148897824887539  0.19132646598226441  0.20109698315611296
  0.21062559660447200  0.21993131295192603  0.22972292609669748  0.24022754561512327
  0.25127516553875540  0.26189119303545555  0.27230099171619165  0.28238761732174944
  0.29274256002801541  0.30359476869899693  0.31463410673097847  0.32535644566319899
  0.33632789849394551  0.34718578571412156  0.35849234936921370  0.36949335567159675
  0.38078106992638067  0.39207590896477201  0.40302803905210399  0.41371900303654241
  0.42421332656054228  0.43444697119319170  0.44470022283985144  0.45477299081107714
  0.46581597197024488  0.47710784409718254  0.48807750287201479  0.49914842891516847
  0.51005903740259395  0.52065323493595339  0.53066313871553361  0.54019496336761064
  0.54998756065360066  0.55983794370823903  0.56993842385416371  0.57996275726306579
  0.58986314720662203  0.59999559059169394  0.61046755416395604  0.62119642721905410
  0.63200685599394990  0.64271907829159158  0.65353641526753814  0.66444534203126060
  0.67563684793693579  0.68669564362200397  0.69721970614624562  0.70755260921402430
  0.71803649341857734  0.72819216419039834  0.73811298214464804  0.74805437550466025
  0.75822766507785844  0.76902066606141828  0.77984834808077763  0.79079040540172874
  0.80124858382588104  0.81164974875249907  0.82168529368096777  0.83153644390364223
  0.84133121922140441  0.85114921156060697  0.86098586797845222  0.87115589214577527
  0.88167816768299156  0.89273477922217614  0.90383122473606126  0.91449569346267368
  0.92536082854056945  0.93620215007841268  0.94720616898164200  0.95787313475584346
  0.96858369487059237  0.97926585617265771  0.98976441696625583  1.00000000000000000
 -0.00251808666564429  0.00987488032687231  0.02018569374135057  0.03083808881638140
  0.04133716692706118  0.05208673971769925  0.06300144244532108  0.07388357413361185
  0.08445245489834852  0.09459410192055254  0.10475221370834621  0.11480937539301735
  0.12507156143789044  0.13498878436315515  0.14482220429698978  0.15463220313569931
  0.16474700011731402  0.17513349642939657  0.18562372140346012  0.19648939132244078
  0.20718004934208467  0.21764146256035549  0.22774751420832617  0.23799748960497891
  0.24826322485014471  0.25844655963924029  0.26837706533209094  0.27842090771662287
  0.28873343249715949  0.29989223987275399  0.31101776674535681  0.32170854241757102
  0.33244471191927760  0.34357217447376281  0.35448386414432642  0.36491938386893064
  0.37557244029597647  0.38666010005546653  0.39801113333383953  0.40930002254300052
  0.41969156343664210  0.42971607924748573  0.43966845587676912  0.44986569910655111
  0.45983250318107738  0.46952304360815900  0.47944199226158657  0.48960823839122819
  0.50016171338732751  0.51099765286618393  0.52238906163201604  0.53293887983299471
  0.54309879970222730  0.55300097866237041  0.56257070523908992  0.57239478908579189
  0.58254239026236843  0.59375515441345528  0.60522092071416678  0.61615285128778563
  0.62693732883113484  0.63800560776584614  0.64903362006811605  0.66105852147349842
  0.67248859203746070  0.68427405715361722  0.69617581916175308  0.70788793326698995
  0.71882646714732545  0.72997833314646654  0.74154495655009867  0.75287116598819426
  0.76350265230870606  0.77387181441979924  0.78443515507818451  0.79501283098674680
  0.80555755843079258  0.81561561866150545  0.82556911334043526  0.83570512735697322
  0.84617321316354310  0.85655126798521453  0.86670958087921579  0.87699535819324825
  0.88735412168559757  0.89758098631735128  0.90774163347303671  0.91797204414800038
  0.92818616137516563  0.93842521616781760  0.94896015441025194  0.95942441955286939
  0.96958471935269819  0.97952082817757935  0.98979176744129749  1.00000000000000000
 -0.00600931698549136  0.03302961320675186  0.05639442089989212  0.07470115210562225
  0.09021779125733345  0.10389950330523566  0.11650722972332840  0.12875382653650103
  0.14091006337746942  0.15277716050181425  0.16457104343734608  0.17567944624125392
  0.18619719958891712  0.19638011153968177  0.20643435942739791  0.21633138150918210
  0.22579148646752137  0.23502833037501064  0.24415686022933378  0.25328628246279783
  0.26213682085132922  0.27075931085339622  0.27943923391247810  0.28821630080003174
  0.29716102700399044  0.30618075711923037  0.31495744756400545  0.32376651301752524
  0.33263833843164331  0.34159726974499749  0.35047078621234012  0.35897721222993967
  0.36712497943644928  0.37524525344101040  0.38345558601858126  0.39194207518854751
  0.40049313421236404  0.40884036060161816  0.41729130002922771  0.42594650053880384
  0.43490337611085789  0.44382047460316165  0.45258021079540234  0.46091492730040196
  0.46897849842510680  0.47694846005206620  0.48473404061859127  0.49255583397273855
  0.50047529980032146  0.50841985181097493  0.51632433671135458  0.52411835582273225
  0.53181793179139758  0.53947232501505349  0.54729119910641832  0.55553020059395763
  0.56389973926648107  0.57278273049534434  0.58142416445398415  0.58988687944600737
  0.59830884730143197  0.60670929871910018  0.61507784812655542  0.62347771629867199
  0.63186242007351923  0.64036821798297183  0.64910105591837741  0.65781621808930535
  0.66625761000734485  0.67436242799441504  0.68230190932203916  0.69068294667378460
  0.69956744616964894  0.70858427878060970  0.71744941181903132  0.72628183996396023
  0.73552371531392013  0.74502722360830509  0.75442605298612830  0.76376863961768560
  0.77366679471231947  0.78384049417094470  0.79415142383931847  0.80478617070483038
  0.81573451630930427  0.82732090083391141  0.83904499905109309  0.85115357633630839
  0.86350354553268693  0.87619756388419257  0.89009481937211454  0.90536049913388872
  0.92201945349660108  0.94067465679641393  0.96463599920354981  1.00000000000000000
 -0.00259856655471724  0.00990418508093878  0.02038629440375271  0.03094685404344664
  0.04150394744908048  0.05162118013262311  0.06178396068747484  0.07166364110530700
  0.08149968726342145  0.09145909738283445  0.10134387722006674  0.11144205375271650
  0.12187146392672900  0.13215046437426317  0.14264478094581648  0.15355942230960687
  0.16442833055393996  0.17566800903473143  0.18699260997081280  0.19853793812404358
  0.20977668779044209  0.22044542114141388  0.23117994269793837  0.24153739413450803
  0.25173658474945698  0.26190590657679597  0.27214819086607311  0.28269106031942542
  0.29342726078337278  0.30440392115485981  0.31483768895121161  0.32461405704224849
  0.33392518238098734  0.34301859411701557  0.35214287622968776  0.36177057533876467
  0.37151970908410809  0.38195375012478261  0.39230711517089212  0.40301252751939176
  0.41360844771650096  0.42444283206609779  0.43547088655619559  0.44651846635370757
  0.45701337170223005  0.46704663877595282  0.47722949526778446  0.48755045531822039
  0.49801162021458961  0.50853794676940356  0.51876467755347277  0.52882079303367069
  0.53916590159021871  0.55013918970334375  0.56069017406771904  0.57064708446974377
  0.58045473098006384  0.59043659500356771  0.60048042262079260  0.61044480105882903
  0.62023692430724897  0.63020862031725156  0.64036813962370076  0.65156194878414597
  0.66293616633974983  0.67391648420664851  0.68476766586413484  0.69585801870416597
  0.70697544596931927  0.71787254165642900  0.72854150563776243  0.73883003097771593
  0.74896798465597159  0.75909630870651468  0.76946413736489261  0.77981365954704374
  0.79066989463176085  0.80229520699262691  0.81405677346017069  0.82523657418780749
  0.83654305847835853  0.84852744134823965  0.86035406623956256  0.87178553297267991
  0.88296150245679339  0.89426358400368133  0.90550116084363830  0.91642816565629837
  0.92683479628698462  0.93731167145511884  0.94793154918122180  0.95820021678846501
  0.96838337834355492  0.97864579726195899  0.98941759191412826  1.00000000000000000
  0.17043312318913167  0.44850350276494655  0.50248130302160210  0.52820909122121262
  0.54342859357454409  0.55540395349283478  0.56506426322892089  0.57257275135320229
  0.57940182680959418  0.58548618627790483  0.59111072970510947  0.59656239009614476
  0.60190781176776897  0.60683168749472338  0.61132641332081228  0.61563886973786475
  0.61992140546178687  0.62422488181446645  0.62840760139551233  0.63243024583342844
  0.63640368012226856  0.64024883676296251  0.64389498423944191  0.64735833559808398
  0.65067837961449870  0.65394311628848545  0.65719338664047988  0.66049112836189694
  0.66384333554258079  0.66708539323058680  0.67022187443716297  0.67325089458179199
  0.67622834477723270  0.67928556654160466  0.68239675908035480  0.68550234310503044
  0.68862277215710466  0.69174555479331346  0.69485296176345601  0.69796852163441303
  0.70113055009766312  0.70431699293898065  0.70752706818315769  0.71079945637287323
  0.71404941765708008  0.71725732362998496  0.72033066332561668  0.72350567150525058
  0.72672174267429590  0.72995594335843561  0.73317620041304321  0.73633124337581657
  0.73942078660105082  0.74254859119480587  0.74569146993980417  0.74883943760593252
  0.75203204507857568  0.75518811406685338  0.75844155614969588  0.76182802669907790
  0.76528689449912168  0.76880002733270758  0.77219770297594126  0.77547859988571177
  0.77867503756947676  0.78195528888319454  0.78526339809145795  0.78870402566004327
  0.79213603416921263  0.79554558840886980  0.79895994217673161  0.80238490955213848
  0.80588494525391108  0.80950791733716765  0.81327263171213615  0.81721354961997528
  0.82124082012717525  0.82528019307818723  0.82937438904422878  0.83358753590575951
  0.83811684756697324  0.84276421947388092  0.84742263033187615  0.85217003221762377
  0.85731957011855819  0.86297324082924443  0.86894325511229054  0.87539108305432811
  0.88255902299971434  0.89030004934431628  0.89884806773815584  0.90860067687972157
  0.91993456766232584  0.93406013022644863  0.95610850974560702  1.00000000000000000
 -0.01833638208457945  0.10232031551686858  0.13644504923951500  0.15820273643289343
  0.17625942124647626  0.19307276791880001  0.20930858596968194  0.22496186119715594
  0.24046384216571304  0.25555323377479205  0.27064955528650914  0.28551055345077453
  0.30037662417133515  0.31472788871879737  0.32842847002535852  0.34212090299240988
  0.35555587521523291  0.36796499105742669  0.37996287869397583  0.39102236669179641
  0.40151197289203289  0.41093418705000639  0.42020197147233068  0.42904683102317798
  0.43755646194906556  0.44565599567645209  0.45362812524825058  0.46149043262894879
  0.46874476094993672  0.47562098366715916  0.48209074817295755  0.48821920165440624
  0.49432979951380440  0.50039950053450899  0.50645322575092988  0.51258540746104142
  0.51851338618375153  0.52420936054519984  0.52970766674678749  0.53514277784438613
  0.54065495458652468  0.54626661135291266  0.55194436382859924  0.55762224492276646
  0.56320893793020110  0.56860201265416077  0.57374255228570303  0.57886614261231850
  0.58383947248833201  0.58882570488516783  0.59379978411636292  0.59873683703116432
  0.60365912572406355  0.60860052123385555  0.61345100765350924  0.61822661411158153
  0.62304496402094955  0.62790247236515850  0.63282821578266313  0.63777945385652302
  0.64269259769783260  0.64757335363961488  0.65242592279228628  0.65735739965329554
  0.66232799190980707  0.66731885923044143  0.67227990369182444  0.67720499350498931
  0.68211003022721506  0.68713449129766702  0.69231541648701511  0.69753571571338013
  0.70278317142483304  0.70810221010086050  0.71354925648162826  0.71906350305049260
  0.72476493373509010  0.73080982898128677  0.73707455787997866  0.74344876246489422
  0.74965925030325820  0.75621014127813069  0.76294361584592318  0.76993412869936373
  0.77744099809283662  0.78544621349879340  0.79422054959504262  0.80394822498275909
  0.81449237485148818  0.82598135933431738  0.83895402679685926  0.85405215115812549
  0.87148645271409730  0.89386831140766654  0.92918272965355464  1.00000000000000000
   8.0489212388218637E-009  -1.0000000000000000     
 F F F F F F F F F F F F F F F F F F F F F F F F F F F F F F F F F F F F F F F F F F F F F F F F F F F F F F F F F F F F F F F F F F F F F F F F F F F F F F F F F F F F F F F F F F F F F F F F F F F F F F F F F F F F F F F F F F F F F F F F F F F F F F F F
  <DiscreteSampler_grid>
  grouped_processes
  1 # 1 for a reference and 2 for a running grid.
  10 # Attribute 'min_bin_probing_points' of the grid.
  1 # Attribute 'grid_mode' of the grid. 1=='default',2=='initialization'
  0.0000000000000000 # Attribute 'small_contrib_threshold' of the grid.
  0.5000000000000000 # Attribute 'damping_power' of the grid.
 # binID   n_entries weight   weight_sqr   abs_weight
    13   10   1.082654009025885E+001   2.837596476116219E+002   1.082654009025885E+001
    14   10   1.082654009025886E+001   2.837596476116227E+002   1.082654009025886E+001
    16   10   1.706946300106946E+001   8.707347941734615E+002   1.706946300106946E+001
    17   10   1.706946300106948E+001   8.707347941734645E+002   1.706946300106948E+001
  </DiscreteSampler_grid>
