  0.00527367904957798  0.01106516055633808  0.01894382290096075  0.02780737068250012
  0.03756720812622007  0.04699285987792157  0.05663325778992404  0.06680722231355705
  0.07740790659540037  0.08794235302212890  0.09737767904675353  0.10696809796380093
  0.11657581998556346  0.12616424914916985  0.13582940809738267  0.14600034068405426
  0.15755477234530807  0.16849795683633703  0.17887418505682978  0.18929387358095592
  0.20072676227666125  0.21246525515800746  0.22452816203219855  0.23678837993802079
  0.24883067843157194  0.26101575440272923  0.27333598393902186  0.28561951073267344
  0.29753249395392750  0.30890055643643727  0.31933707103636932  0.32916852573198235
  0.33937303475263508  0.34975577343091058  0.36005379546015398  0.37000482573023497
  0.38054171018752381  0.39174003689196174  0.40324713535489970  0.41432221268500341
  0.42469300638848539  0.43435856980246745  0.44344784773677781  0.45244193721355969
  0.46180817883742281  0.47125741192382903  0.48107230463560380  0.49109531360843117
  0.50153864407358939  0.51223467702356495  0.52329090073899009  0.53443131072319305
  0.54505702219799979  0.55477046559501852  0.56467045210544242  0.57459601424657591
  0.58492368559635022  0.59525087135909682  0.60575372177130493  0.61605023500096845
  0.62659124500571795  0.63747075712391921  0.64861390959347709  0.65968006857800909
  0.67045895161530156  0.68140309797619070  0.69226748730176491  0.70303635084847826
  0.71333674972004835  0.72347973733265503  0.73307961985993686  0.74301567340129804
  0.75305672988365346  0.76301507649526135  0.77271681043586327  0.78216968182706881
  0.79223222213992661  0.80358053926318829  0.81566099354942201  0.82787179668981270
  0.83972989825743327  0.85143845056174083  0.86256497497930817  0.87382224180786805
  0.88477672288198961  0.89524008937094601  0.90480936250792721  0.91461363780160998
  0.92427201094650580  0.93316151547281789  0.94220371421790172  0.95177904028332183
  0.96217242873099418  0.97299483103143314  0.98569104155629761  1.00000000000000000
  0.00290029861374510  0.02140391903054338  0.03909130600251576  0.05346139529106934
  0.06535174433789959  0.07654714775043379  0.08677362346866989  0.09633228259652345
  0.10577134566518005  0.11515371115222570  0.12461414977809573  0.13419056190236731
  0.14387269667693392  0.15363625024652730  0.16338943979842496  0.17373737711196990
  0.18464294050921878  0.19543348676066327  0.20576316495994543  0.21564361936422555
  0.22511697595297550  0.23452255387924109  0.24399769800966423  0.25369129332490248
  0.26374916205808180  0.27376711071850784  0.28362206193031952  0.29357035262556758
  0.30345239151257830  0.31311443979755010  0.32251981384453726  0.33213742332477786
  0.34243551337133277  0.35322913299317271  0.36412154314818634  0.37514809059416859
  0.38696741999720236  0.39878354909531583  0.41039549911257683  0.42139666696684736
  0.43193087670204072  0.44224843787134227  0.45258258651693989  0.46267149676648350
  0.47276999631399541  0.48306925093981651  0.49300523878002200  0.50259859660745709
  0.51156858082682521  0.52079648080548679  0.52998114831266052  0.53949139936292745
  0.54924790986979311  0.55920879639137577  0.57014722483740077  0.58150401175307465
  0.59408467419714750  0.60666959797382258  0.61873352651578606  0.62972098347092764
  0.64041689053656159  0.65057180869614473  0.66010155811291515  0.66915542498868497
  0.67792819684175598  0.68654647008116032  0.69580787721959547  0.70497579557379697
  0.71523287753156339  0.72596329793254444  0.73650255348564631  0.74714865338458936
  0.75768909559784114  0.76771332811006132  0.77730479131878605  0.78665259819468059
  0.79695708229186657  0.80860206448435867  0.82006000321761119  0.83027018679223730
  0.83981850093726340  0.84923248602266377  0.85865991960165489  0.86847226821548384
  0.87914826073881280  0.89111739146118540  0.90297260952978009  0.91392163394367387
  0.92464279018292372  0.93451768843297900  0.94428839766874062  0.95421028979223210
  0.96519743706260541  0.97682887383746797  0.98860207196221828  1.00000000000000000
 -0.00144446245948182  0.00664535090905104  0.00937064895527243  0.01232827680682738
  0.01562766299293298  0.01921794031444529  0.02330050286346467  0.02757137997142549
  0.03186673175117621  0.03669191863133237  0.04152548406723675  0.04654203705742099
  0.05204538796626508  0.05788807283993441  0.06438401289076215  0.07114208885328656
  0.07787238509379479  0.08449044552063184  0.09114027474400571  0.09812578314710091
  0.10545660668454522  0.11286067414704548  0.12033842756699460  0.12811489168949472
  0.13647670501849193  0.14528773284680613  0.15424175396937040  0.16304995423352095
  0.17191067682548455  0.18060383046758505  0.18912035811880232  0.19762705247998119
  0.20608043533813564  0.21476201270539877  0.22411302844537037  0.23335470828441693
  0.24330808420587466  0.25354148172778879  0.26412672514239838  0.27448194515569208
  0.28486285493323538  0.29524756693395343  0.30557697549339369  0.31588530979730345
  0.32607847834342646  0.33679340187349144  0.34799910982826882  0.35939535943478557
  0.37087008299190560  0.38233693048536738  0.39376452687310737  0.40519873716496246
  0.41669337563962550  0.42849281588307775  0.44074218667045945  0.45330733998770256
  0.46598283692463899  0.47854655026731502  0.49091590617382813  0.50315745159817726
  0.51538008305516747  0.52804908510824022  0.54065942095000930  0.55330400991847106
  0.56661940408049960  0.58061061141519710  0.59453852179867261  0.60751643089130158
  0.61976275942031700  0.63199549078209294  0.64434716892934385  0.65691202074618371
  0.66956546225938407  0.68240545010490716  0.69607345898880124  0.71097166009454815
  0.72551725297946323  0.73912839753633175  0.75201037002909965  0.76441145574763492
  0.77769686326919263  0.79108108533490518  0.80404018974181435  0.81678968641093619
  0.82989402860367922  0.84277092602832393  0.85590011892477513  0.87047846187883193
  0.88599389291256259  0.90135361940768211  0.91706129504821110  0.93312551230452967
  0.94963496281681692  0.96638637245401127  0.98320018788934826  1.00000000000000000
 -0.00313966824494192  0.01041752908290790  0.02222665548083791  0.03364976740182955
  0.04507510723718029  0.05644283577503888  0.06734777037322677  0.07785686752504616
  0.08844581632988596  0.09946126843581962  0.11120864439638711  0.12330251795822794
  0.13509972147049648  0.14638125774047822  0.15782587238717885  0.16895952296837458
  0.17986699283858237  0.19032831781506809  0.20171267264282589  0.21302475226364276
  0.22470787364687381  0.23581236920522025  0.24674965416799127  0.25771286006845567
  0.26857712074840495  0.27945556859362986  0.29057203641587176  0.30271725487421253
  0.31467272954595588  0.32616626119978331  0.33698297551950079  0.34724011844902397
  0.35723608152196012  0.36752535402913661  0.37857271183853819  0.38961137748313818
  0.40026697980600534  0.41033370371911171  0.42066585392901146  0.43083986253138329
  0.44137583346020676  0.45210068576647505  0.46313475999364817  0.47474903058452966
  0.48624519212974360  0.49770770512118678  0.50857875360296678  0.51930043379614055
  0.52936460516964989  0.53893643682003134  0.54855102652771826  0.55829646201013194
  0.56839917986363864  0.57812322750259715  0.58816301592180764  0.59832199689378118
  0.60852358582205379  0.61835773150015694  0.62872095320460375  0.63955187392020230
  0.65029536887115391  0.66065253444651983  0.67120885044323120  0.68191988404443482
  0.69217002936685601  0.70202244017338311  0.71179768646161201  0.72167078155221698
  0.73130967446608353  0.74037958327388220  0.74936638808053202  0.75886638351968916
  0.76864616470956182  0.77840009631598606  0.78739664482789828  0.79772395113254091
  0.80871605228020238  0.82002094534938252  0.83094670091710454  0.84171467929241617
  0.85196639472032398  0.86188409570529123  0.87187905615008232  0.88193410083130441
  0.89178358427670601  0.90169148685435052  0.91190769591954246  0.92188574091334885
  0.93143362400280161  0.94066712596928859  0.94993658839776351  0.95964834125613152
  0.96966402344772307  0.97986415132875659  0.98996360410677475  1.00000000000000000
 -0.00210504247784749  0.00856661427343223  0.01795489008657639  0.02801231912349472
  0.03887513478377844  0.05118034843016976  0.06357605227450258  0.07493386300214237
  0.08557103304011607  0.09588985391201055  0.10628939275618529  0.11638968782451108
  0.12820584403291996  0.14040968089068392  0.15231295221043198  0.16347941667809096
  0.17527569471123675  0.18764955719598969  0.19969931560205542  0.21075718440336660
  0.22094355296382984  0.23073270830220796  0.24068614107753786  0.25075895372512758
  0.26100562216912160  0.27137538345406964  0.28142688200380056  0.29122349559414562
  0.30070244504279636  0.31071063649005703  0.32110539126570031  0.33137871472012165
  0.34149285951765956  0.35169862623190046  0.36227585022065384  0.37322192942345489
  0.38391147875948317  0.39400528805514029  0.40380788250319638  0.41372330134208801
  0.42453459547572359  0.43600791559095536  0.44768470247220499  0.46007969510150287
  0.47309574854489772  0.48546841931790796  0.49632056674249203  0.50679699521197641
  0.51667546617780014  0.52605378806513747  0.53537607235888673  0.54484846646467389
  0.55432450775635800  0.56364642568784706  0.57320899123858204  0.58302704959207008
  0.59339569685018079  0.60305196584391274  0.61291138112927279  0.62282040906564540
  0.63303183007438990  0.64373216060040561  0.65444071620345867  0.66502157391120675
  0.67561281709544041  0.68629567972245908  0.69703705717578224  0.70746426745811342
  0.71759606951145982  0.72779348516045128  0.73865919322562468  0.74968505611661296
  0.76028221842777044  0.77086259681911995  0.78228967147964734  0.79375066004028727
  0.80445135332950146  0.81482637070242370  0.82548578818751239  0.83657720947054681
  0.84790360568938472  0.85933605562430493  0.87068076080835843  0.88146295906496086
  0.89191804865719160  0.90230666143412352  0.91256837004865354  0.92265010616335608
  0.93256555375937922  0.94228561296108648  0.95205537184421107  0.96159225956433048
  0.97136600390194738  0.98127950543807785  0.99078895659193922  1.00000000000000000
 -0.00243547087761811  0.00958097938524273  0.02070468238576318  0.03254426161705818
  0.04491080102754988  0.05645449653065461  0.06747945261169727  0.07812503794873299
  0.08862388966884015  0.09909004646241164  0.10948249664137916  0.11989262914414911
  0.13054126607753500  0.14150570854302330  0.15214404399789369  0.16256589930666357
  0.17323990745745613  0.18421109266359600  0.19478269348852273  0.20485392437404462
  0.21495460589052015  0.22543704195718611  0.23589544725528988  0.24626016534822148
  0.25666707974385938  0.26674642997251619  0.27632654789048372  0.28600621402904430
  0.29614263117462847  0.30655688916981272  0.31691421641227002  0.32722321280643335
  0.33787763555657785  0.34911993317427265  0.36096729807183209  0.37259014933427875
  0.38363757795174802  0.39456227396763172  0.40571661076533794  0.41704454360275006
  0.42848507087075305  0.43987684145480455  0.45092557874799521  0.46166691911028435
  0.47236526936848366  0.48269267217649947  0.49264564398668742  0.50306540518607046
  0.51368820609358190  0.52420792777727221  0.53482194210871048  0.54566719886503268
  0.55725738745325726  0.56859306915015329  0.57968572486894065  0.59062812075412618
  0.60134795896327853  0.61251331480352156  0.62399899614022769  0.63603362089737936
  0.64797844656535819  0.65982954280400918  0.67123935160218595  0.68212075412438722
  0.69284726538459163  0.70336242253953873  0.71385255250726387  0.72419477684987477
  0.73455350961271437  0.74490884674330338  0.75467066239442826  0.76448045955229282
  0.77437487604286381  0.78501011022230371  0.79563468093825751  0.80614132504686997
  0.81626722801000695  0.82611939417748481  0.83599106453777505  0.84534051528106779
  0.85417570943080012  0.86312212431123025  0.87239117284853696  0.88198240056401622
  0.89179074057117214  0.90167212076833680  0.91141134327675022  0.92097684445219175
  0.93068718692783992  0.94037186135058248  0.95020534448671390  0.96019535773104836
  0.97068978526305461  0.98100368854882058  0.99080411432509763  1.00000000000000000
 -0.00590591427190590  0.03232106071217103  0.05589652198362605  0.07486332133897021
  0.09233525202487729  0.10719163218820707  0.11983786061821741  0.13012993701585213
  0.13972847959586693  0.14904397927732274  0.15893066652055277  0.16892675373644933
  0.17912049823039483  0.18910740466552700  0.20012837984931994  0.21119099443972869
  0.22087346894229931  0.23089870079560229  0.24019869198494739  0.24965452209298061
  0.25870664041551344  0.26762146913505502  0.27616584088431895  0.28418158031760704
  0.29190393445534185  0.29928800786748283  0.30695266436696633  0.31505400059017008
  0.32375613022455751  0.33237543474510800  0.34124084947759015  0.35034111029611370
  0.35938863122505482  0.36816115581909614  0.37727234986004615  0.38652810101111901
  0.39544183090109419  0.40388069438936336  0.41223417404036078  0.42079645161729340
  0.42946167743086300  0.43794920785686808  0.44599433377966818  0.45372556586108997
  0.46156716673025783  0.46986008997584899  0.47866029981952612  0.48764910394342481
  0.49660293725343430  0.50440006127516457  0.51141468493320441  0.51828105714903772
  0.52504247693369321  0.53178596767507402  0.53859732265062776  0.54570085588636541
  0.55304846792321771  0.56077858946928483  0.56941933838894632  0.57811973799852046
  0.58616343159234285  0.59378942295432313  0.60134531460960516  0.60913846612166811
  0.61731099303939252  0.62551035985039938  0.63362089140950562  0.64197550152885563
  0.65026744490287713  0.65848680249853209  0.66698860790206860  0.67579022827918533
  0.68517964311587010  0.69468285205080460  0.70499546441598071  0.71523973377978489
  0.72605651628718593  0.73580800034222882  0.74502932463965121  0.75433192356089895
  0.76374371858059598  0.77292192672458915  0.78268220995078053  0.79282046545363916
  0.80375086632924553  0.81495729728415389  0.82706100335068622  0.84005257951093637
  0.85447856013271883  0.86935008626282695  0.88484729160604647  0.90084603278918529
  0.91728625447328682  0.93705706436744141  0.96231573994201747  1.00000000000000000
 -0.00329560621205242  0.01039719302588685  0.02251247772520552  0.03556370436027639
  0.04727551095750199  0.05828176958261404  0.06860982625545298  0.07780794279841385
  0.08648347335328979  0.09512520689729181  0.10412434583628892  0.11469719849127125
  0.12541145132514434  0.13652582982650430  0.14740269992474372  0.15775875193846520
  0.16876084916258063  0.18073883061281526  0.19203782006798331  0.20244729515538093
  0.21286641930253156  0.22304826259657753  0.23301106687059839  0.24273288346323926
  0.25305055553161254  0.26397333442037751  0.27452621395185722  0.28460082607273168
  0.29465399368331935  0.30523354432333988  0.31609603552402554  0.32667913461924464
  0.33726305950984159  0.34759025217296696  0.35809541574665132  0.36843440401860122
  0.37927935647719085  0.39043034129280346  0.40156375724005333  0.41262355484811292
  0.42335064478810230  0.43371593926266144  0.44348595002358082  0.45301304913665341
  0.46304093071864344  0.47337167348976678  0.48347069586633162  0.49359191769378080
  0.50423034683885737  0.51565138648949693  0.52688925923396368  0.53795518409153054
  0.54929030393911082  0.56098500187215039  0.57311577864534757  0.58534547823411598
  0.59764151719578584  0.60982141812669666  0.62161271375483507  0.63269912162161568
  0.64317169339200175  0.65314298252363523  0.66279491870809970  0.67277550507823125
  0.68329826420288808  0.69403643640058121  0.70457620135586607  0.71521403372718462
  0.72590939230918083  0.73645277989003577  0.74696434960639779  0.75798588558482127
  0.76897156327414340  0.77919286840951563  0.78917806309994998  0.79920243905206567
  0.80950932548775500  0.81894823592599075  0.82827946725063728  0.83787678226451434
  0.84833676087770760  0.85824611508650950  0.86778251076374702  0.87754990243756081
  0.88759151274203696  0.89746123737278971  0.90679079244923122  0.91703425469487310
  0.92784170794834686  0.93825537122961078  0.94851218893497136  0.95869396183664202
  0.96910481307762630  0.97969679544727739  0.98981140709453919  1.00000000000000000
  0.30859051853578257  0.45894002948292995  0.50871142783840795  0.53219381926236808
  0.54671923762429109  0.55744674852846310  0.56660686816638617  0.57464999530360561
  0.58199071411509506  0.58839836958502145  0.59420934958686034  0.59989697665748232
  0.60503722287109507  0.60966492246327786  0.61418517138522166  0.61858243356742015
  0.62302122323268527  0.62735620497486877  0.63149972876784899  0.63552611351739274
  0.63935412547237658  0.64302002553896442  0.64662718822994592  0.65017912529224997
  0.65376341826633544  0.65740368635568758  0.66091897806036670  0.66428606742562679
  0.66752254242758957  0.67067633118239500  0.67392703492999739  0.67710223292779925
  0.68022412405288579  0.68335508744919760  0.68652069244772918  0.68970549417296412
  0.69282008898790526  0.69594032604694256  0.69889544582754037  0.70205990192965106
  0.70517356683341004  0.70818886338770237  0.71111641974643502  0.71394485976421662
  0.71672534515426500  0.71952207104012467  0.72228200211284543  0.72500341818482994
  0.72777214829996495  0.73049951335973806  0.73325877123575256  0.73603949134006696
  0.73882704499979357  0.74163704318637191  0.74449405694931581  0.74738765368053217
  0.75049496344056765  0.75383000014918433  0.75720491927867561  0.76057731492282554
  0.76394761725356763  0.76731979200901734  0.77077709846206843  0.77443558466014095
  0.77823819039780529  0.78196173140643088  0.78556498062109836  0.78903342278436528
  0.79251321933351904  0.79600609859742610  0.79957129576312336  0.80319628225437767
  0.80682584381728728  0.81045003955979822  0.81413130814908463  0.81790878804850475
  0.82188541376581370  0.82610078984174962  0.83036145728502242  0.83482394294249673
  0.83918153666682371  0.84381690422474354  0.84851982955614991  0.85336550427308755
  0.85852201699864183  0.86403846699158671  0.86977702621366004  0.87586412690041182
  0.88246334194532516  0.88934653353906923  0.89733234124832950  0.90727336701680239
  0.91840422370793429  0.93205120943460995  0.95346081357851953  1.00000000000000000
 -0.01816699114917408  0.10331285614689169  0.14024810403767801  0.16504357328958189
  0.18505716069017134  0.20322119766795033  0.22061101422082138  0.23755221540174612
  0.25469756589619302  0.27117092389993674  0.28680934684859266  0.30170582453575867
  0.31593306118836367  0.32932627193318187  0.34268726913344416  0.35532616939984124
  0.36737632227144157  0.37896641760830663  0.38985365918059939  0.39971014402195282
  0.40885613035218143  0.41788874269763471  0.42671863567508517  0.43517245894203554
  0.44286791739704356  0.45039061144222181  0.45764652865028049  0.46477801519510648
  0.47179173185028905  0.47866447226315267  0.48535276584525661  0.49202836263865418
  0.49875102663264892  0.50549163478606574  0.51206518049259164  0.51829433768069522
  0.52431944452730661  0.53006847855811634  0.53577684156697836  0.54149282334735871
  0.54698795142945245  0.55227123548431245  0.55744699537623621  0.56267402669732292
  0.56785919005703145  0.57292914610919188  0.57798080347640746  0.58295252338972325
  0.58762616101179288  0.59238738668727176  0.59720025302043567  0.60187342312599379
  0.60664928294887566  0.61149745302178604  0.61641893337143949  0.62142695467744324
  0.62640340916505677  0.63129822836810179  0.63608771229099970  0.64067035266177585
  0.64524913706719889  0.65025609651117289  0.65534190832733041  0.66052019107976134
  0.66594351535358565  0.67136574142391714  0.67661392588254443  0.68181363178953880
  0.68680481400613802  0.69138177933235290  0.69613116436218103  0.70099938657594152
  0.70589195035512275  0.71097042715163961  0.71622732597494543  0.72170768633640570
  0.72750270929020322  0.73355299863355616  0.73971775029577680  0.74597590566380700
  0.75248774488336334  0.75940266106970089  0.76647324598418753  0.77387186127879681
  0.78163196410231106  0.78987118533120260  0.79866185400803247  0.80790588350240100
  0.81822791575439768  0.82996779272804699  0.84264316008425610  0.85635572518496716
  0.87224252772366473  0.89309644495397600  0.92889431740603567  1.00000000000000000
   3.1619020534537803E-008  -1.0000000000000000     
 F F F F F F F F F F F F F F F F F F F F F F F F F F F F F F F F F F F F F F F F F F F F F F F F F F F F F F F F F F F F F F F F F F F F F F F F F F F F F F F F F F F F F F F F F F F F F F F F F F F F F F F F F F F F F F F F F F F F F F F F F F F F F F F F
  <DiscreteSampler_grid>
  grouped_processes
  1 # 1 for a reference and 2 for a running grid.
  10 # Attribute 'min_bin_probing_points' of the grid.
  1 # Attribute 'grid_mode' of the grid. 1=='default',2=='initialization'
  0.0000000000000000 # Attribute 'small_contrib_threshold' of the grid.
  0.5000000000000000 # Attribute 'damping_power' of the grid.
 # binID   n_entries weight   weight_sqr   abs_weight
    13   10   2.823670168038519E+001   2.732744813227669E+003   2.823670168038519E+001
    14   10   2.823670168038519E+001   2.732744813227674E+003   2.823670168038519E+001
    16   10   3.503449827273233E+001   3.632524496907538E+003   3.503449827273233E+001
    17   10   3.503449827273231E+001   3.632524496907543E+003   3.503449827273231E+001
  </DiscreteSampler_grid>
