 -0.00018062975567073  0.00049927260678030  0.00155946185447634  0.00329001109794424
  0.00619618363218375  0.01072266764144729  0.01686271392732589  0.02421829630359167
  0.03233567994161962  0.04090424393133613  0.04986531819885757  0.05917197092561367
  0.06867364639023202  0.07831260774218990  0.08812409886121485  0.09813449063573484
  0.10826532558661978  0.11845875176227007  0.12880467779932045  0.13930257966384821
  0.14976927882389626  0.16009697909081766  0.17040891192260740  0.18067386436655158
  0.19086994682688591  0.20107011180487699  0.21148298050218703  0.22215807368199963
  0.23283712376963184  0.24344726561750007  0.25400299581013402  0.26456218086839045
  0.27517737308115880  0.28589012528928415  0.29675528565145287  0.30773872939931296
  0.31872871803459690  0.32968885466712045  0.34059577287259490  0.35134959151779743
  0.36197914524764535  0.37264750975533534  0.38353319699236466  0.39459244129634896
  0.40566892161833323  0.41674484482588836  0.42779321351180077  0.43876904914390069
  0.44969495400056975  0.46063337755704831  0.47160666986649058  0.48264980458367035
  0.49375814462743006  0.50485093422204907  0.51586150773889339  0.52682345461620272
  0.53787723151615907  0.54891653679451047  0.55987776288610658  0.57076353808850533
  0.58180864386308129  0.59309244837563790  0.60443488839692061  0.61563169612877955
  0.62671876673430005  0.63778853045541950  0.64887730888640338  0.65986917147374635
  0.67089695257349069  0.68209047617039698  0.69345052584641997  0.70490604972307935
  0.71640629855606808  0.72793622893940513  0.73950624336281090  0.75103381729801344
  0.76259680972320443  0.77408540215015154  0.78550260379873071  0.79682410312207352
  0.80812592171740227  0.81956131579705926  0.83123717321621393  0.84319574378255124
  0.85497011881289764  0.86673168850471061  0.87859334832146485  0.89061939541551027
  0.90276245341149797  0.91498358474961661  0.92742404552178659  0.94008100653989568
  0.95297112669090844  0.96638889107042525  0.98171603200450652  1.00000000000000000
 -0.00000393971480247  0.00002445005069121  0.00004921501790421  0.00006979802596826
  0.00008604096252211  0.00009877709550602  0.00011055707271366  0.00012100396934582
  0.00012981568770499  0.00013782663609314  0.00014549371699320  0.00015256586092940
  0.00015886957762823  0.00016584787280557  0.00017374809435193  0.00018186958304478
  0.00018916889696163  0.00019443967624122  0.00019939517447818  0.00020482322160566
  0.00021020292899981  0.00021610731805402  0.00022135908510710  0.00022737393006828
  0.00023309237247810  0.00023739942590265  0.00024323361860594  0.00025008465574384
  0.00025827616726140  0.00026620033873552  0.00027342306460887  0.00028046324647976
  0.00028799519803508  0.00029574758477894  0.00030422039725713  0.00031058715922090
  0.00031851797182819  0.00032990196182392  0.00034279606328842  0.00035474882199807
  0.00036504624842611  0.00037526845776126  0.00038474587801776  0.00039433356460171
  0.00040451927824387  0.00041639341108587  0.00042754666211186  0.00043739248917029
  0.00044652869101866  0.00045605065978624  0.00046760543295046  0.00048387222257309
  0.00050159012891406  0.00051686133714352  0.00053180708243250  0.00054503518661149
  0.00055833125340584  0.00057686080362604  0.00060461107597502  0.00063086637408891
  0.00065387047735887  0.00067681715471034  0.00070213660212948  0.00072672334891137
  0.00074813831482646  0.00077200272973564  0.00080141951831584  0.00082919931313525
  0.00085660931838802  0.00088674443067525  0.00093749271564002  0.00099090158387912
  0.00104153635260734  0.00109932513390180  0.00116172123891909  0.00123037161669677
  0.00130501889273561  0.00138867293418802  0.00148025417850729  0.00157783315983908
  0.00168439089105858  0.00183952461123432  0.00202728668708063  0.00226647165426571
  0.00260973144302537  0.00352587476078507  0.00619919566227700  0.01004865691352350
  0.01338515013877589  0.01733101215757293  0.02321093994419733  0.03276576029434528
  0.05047651608333915  0.09579284850101218  0.66442065865304012  1.00000000000000000
  0.00000067788658376  0.00000071325599367  0.00000073692161567  0.00000075967233506
  0.00000078073174304  0.00000080147585169  0.00000082312271214  0.00000084712883149
  0.00000087274773567  0.00000089968425238  0.00000092877817395  0.00000095892883842
  0.00000099027700651  0.00000102388290953  0.00000106063821541  0.00000110250547480
  0.00000114896960971  0.00000119905229321  0.00000125328067989  0.00000131322910878
  0.00000138119875386  0.00000145660619465  0.00000153617296370  0.00000162161043681
  0.00000170606103139  0.00000178837595538  0.00000188432053680  0.00000199522350653
  0.00000212253695053  0.00000226833751439  0.00000243914368813  0.00000263339925173
  0.00000284945909581  0.00000308709769009  0.00000334955377485  0.00000364344173021
  0.00000399090239202  0.00000439756896655  0.00000486385680989  0.00000539749792408
  0.00000601560089015  0.00000673225617045  0.00000755649064443  0.00000852140639013
  0.00000963908091312  0.00001096516380924  0.00001256252247121  0.00001442796899258
  0.00001662852336682  0.00001919563219514  0.00002214873141986  0.00002559087940984
  0.00002977349278805  0.00003491774021156  0.00004123705674262  0.00004863581774361
  0.00005743967807424  0.00006788413556692  0.00007992336660523  0.00009399118986115
  0.00011068054022820  0.00013100939608366  0.00015555503541784  0.00018492965778643
  0.00021957677075423  0.00026084600244313  0.00030953833044404  0.00036637005200709
  0.00043353479486822  0.00051335432861223  0.00060934773355575  0.00072220717317014
  0.00085550613108493  0.00101043186292596  0.00119212845672049  0.00140588045608980
  0.00166319619080369  0.00196992539609874  0.00232817266799272  0.00274959845989187
  0.00324759535167249  0.00384239716162107  0.00455057675302808  0.00541698339614076
  0.00651882215352205  0.00789915420578641  0.00965155619859466  0.01194961761813866
  0.01506865758180929  0.01946736716932683  0.02589814798262694  0.03592510271224567
  0.05348102531772244  0.09194488702240244  0.50845698540062312  1.00000000000000000
 -0.00266014231227850  0.01079772189546206  0.02227419203351278  0.03559252075579546
  0.04827677566805039  0.06092763476145490  0.07342465953628995  0.08531079927174337
  0.09741866723907029  0.10925408004361542  0.12150118915345175  0.13371912308086975
  0.14611500459314897  0.15846128275620958  0.17092650639307760  0.18332534199719136
  0.19554920265308023  0.20769964671363225  0.21968095430687445  0.23187158314838643
  0.24399451488866933  0.25616082866285933  0.26838369357036723  0.28065295876286800
  0.29299017190274396  0.30514991401846042  0.31707412504125293  0.32903297088195932
  0.34093850520484631  0.35293696600570162  0.36478660878429725  0.37674288293239383
  0.38879208649135899  0.40093009338732288  0.41277933007106715  0.42434276988719344
  0.43585271001085341  0.44755720698776491  0.45938535276589521  0.47128559338730869
  0.48322880839042481  0.49507760900656633  0.50681046486569714  0.51863383437684629
  0.53054948592770479  0.54234645799444836  0.55393062918273339  0.56548019023765872
  0.57711788935315433  0.58869943355264631  0.60006579883326205  0.61123127120471876
  0.62245267665171022  0.63372448388369251  0.64499578409456637  0.65621490641629054
  0.66718994154995137  0.67798322165423019  0.68845221715283211  0.69884610128453262
  0.70928727899882771  0.71986283592455180  0.73058616337485371  0.74127053046748204
  0.75169373591165090  0.76212053648181821  0.77256410484152604  0.78295160806213449
  0.79326544762073048  0.80354330987020217  0.81317241896836012  0.82203870059347472
  0.83069702334250606  0.83933516683997367  0.84811774749370017  0.85699100982595400
  0.86601249024470528  0.87547111030654501  0.88454311667561325  0.89349285747255802
  0.90259289055244241  0.91105321369353842  0.91885444541784422  0.92661463461566040
  0.93400168242176163  0.94136797490938495  0.94861491621255523  0.95568403816228531
  0.96233816537051975  0.96826714796898961  0.97375930019121104  0.97893926784445096
  0.98384895899296354  0.98876254821286857  0.99380146981048967  1.00000000000000000
 -0.00244640620808855  0.00937140138206361  0.01850303268589752  0.02860550427047608
  0.03871034628913773  0.04920202522115794  0.06008454785888703  0.07066414628648017
  0.08130208304876892  0.09135234469663946  0.10172629286343907  0.11196346706824381
  0.12268911722119569  0.13335950835112340  0.14399013550948858  0.15464942602481777
  0.16547014152323172  0.17611120898876997  0.18606929456395174  0.19559622062944251
  0.20548489428790437  0.21598448054528380  0.22683843363007117  0.23741216092675599
  0.24787584613482447  0.25852079158437657  0.26922324338006748  0.28003857411114980
  0.29088083361531752  0.30160692714204940  0.31242100731856148  0.32322083742675783
  0.33377479045227759  0.34436002652054065  0.35491845819675710  0.36587415212319574
  0.37670124442037811  0.38724773958851749  0.39733305374015876  0.40738142974526742
  0.41782214951384133  0.42828982630618068  0.43889262972132548  0.44930866270201691
  0.45999645705682873  0.47012009343516431  0.48032852691986455  0.49047142120223541
  0.50077135546373752  0.51171155506554111  0.52258750887215433  0.53313347420597357
  0.54347421050415590  0.55354916381146202  0.56397051491406158  0.57449491920027707
  0.58537531556460076  0.59606875885181521  0.60692032558043130  0.61767717885660289
  0.62864063681045657  0.63970248786138062  0.65068327631342027  0.66146096845055768
  0.67187192145289432  0.68240239913307243  0.69275063761704780  0.70365095504957142
  0.71412304752445666  0.72461267802081974  0.73496921434657336  0.74554127439807960
  0.75621616697515204  0.76699471389338270  0.77781576152259446  0.78863734126865903
  0.79940194192168734  0.81016055539731680  0.82104976945743169  0.83197794179531492
  0.84288211160902760  0.85364094447578642  0.86426323514437386  0.87490788199063851
  0.88577561860440035  0.89677405039804303  0.90743780130600460  0.91789338290437328
  0.92803158861952995  0.93831941001776709  0.94847146900106594  0.95869914868581108
  0.96923638979432802  0.98007543985588341  0.99044834252306357  1.00000000000000000
 -0.00074017995042668  0.00290922021005729  0.00715582654435316  0.01163601593798909
  0.01631407740186679  0.02115168321083519  0.02613921879472707  0.03126911708087005
  0.03652727559114944  0.04190663256868338  0.04738126275608524  0.05303894622882422
  0.05875815618392716  0.06464206718191252  0.07054065198771316  0.07641883426095308
  0.08239063140432140  0.08846732234676467  0.09478226197083012  0.10120409514827927
  0.10766655879053029  0.11419005503835236  0.12091276487622052  0.12779527779719208
  0.13482102831707188  0.14194201465831718  0.14920697564481741  0.15661436063619077
  0.16414617199624765  0.17178337857879772  0.17952438268141141  0.18736930515762928
  0.19524888596032922  0.20312397160193801  0.21116651916644522  0.21921446483274484
  0.22755776197664848  0.23604388911859503  0.24463699454122859  0.25334042208890911
  0.26215575203039332  0.27119613168964107  0.28044442572033457  0.28979351206941734
  0.29931451182054081  0.30895224592890386  0.31860697847787889  0.32831827635103089
  0.33817069050994503  0.34842439297210376  0.35868758080927765  0.36898521283740932
  0.37916513600873436  0.38947812562731937  0.40002674974979274  0.41081759734388323
  0.42191326178979383  0.43332320337967600  0.44510808987053291  0.45678562384294058
  0.46857121038418070  0.48066644788620222  0.49316263197879967  0.50562468658947135
  0.51763628357034563  0.52958512720016981  0.54152323884994347  0.55368787092477989
  0.56602761429682069  0.57848760282619027  0.59121352920941084  0.60412055101634710
  0.61731119502876530  0.63067619307332701  0.64448945241031808  0.65840649158576559
  0.67189169066368692  0.68522659911659323  0.69878879403884619  0.71344312271023425
  0.72963755647219164  0.74664557371775420  0.76162809626380790  0.77580687937318105
  0.78915439140871857  0.80438703803454537  0.82097239510033060  0.83844945761678336
  0.85620634936710116  0.87408558518310542  0.89230365672981893  0.91176564332012888
  0.93247283454858099  0.95484115712603079  0.97609148550777780  1.00000000000000000
 -0.00162959040126558  0.00716417822887809  0.01668319711073737  0.02708625888883272
  0.03768535367183497  0.04820819924105335  0.05863058457583362  0.06886904077104476
  0.07914886036284635  0.08916093617144791  0.09959461010041781  0.11018366571816771
  0.12119023735102349  0.13240242977006017  0.14366283925615755  0.15475588562498072
  0.16570226381529932  0.17627357079739397  0.18638836299993503  0.19555765575734335
  0.20496845790537607  0.21482070983326879  0.22520416234335711  0.23561227145557273
  0.24608799188142247  0.25696413946881280  0.26789562187708482  0.27854559733633122
  0.28881686162813186  0.29899686896754657  0.30944384258850416  0.32004873247586751
  0.33065288500604911  0.34117655135138147  0.35160301651582898  0.36219985272836258
  0.37309523362395752  0.38437783912964196  0.39585299135853541  0.40699527903201393
  0.41744003165687760  0.42754054065582497  0.43776449586666621  0.44847591655466817
  0.45957632808996962  0.47025327512758047  0.48064835108040682  0.49098046889231045
  0.50145930355994650  0.51211488809579309  0.52263678396405533  0.53301168755422212
  0.54345537960725276  0.55429390893296071  0.56513588632677603  0.57582640501525284
  0.58616960098741899  0.59658521854966562  0.60708517021110775  0.61786583429359998
  0.62871212836062262  0.63938540040413538  0.65003717403886085  0.66074209520416527
  0.67158190169566212  0.68216428759951409  0.69277485310230447  0.70370433388750631
  0.71509474721245825  0.72617403420823512  0.73685398791399015  0.74752296351748770
  0.75796587982845243  0.76889907679244540  0.77964585964843813  0.79051995662668129
  0.80149106974378004  0.81255314166858028  0.82359673728119787  0.83411667806933609
  0.84442158367603681  0.85460541924415290  0.86504657216707626  0.87544053920805864
  0.88563170633298338  0.89617794241788251  0.90718779516599146  0.91794785142453783
  0.92855384441665545  0.93858756769070251  0.94943352848313922  0.95978453758314242
  0.97010405960739809  0.97978456443988893  0.98969361338356376  1.00000000000000000
 -0.00231255437619840  0.00911598224056450  0.01882085764014546  0.02986187476119791
  0.04096640755043254  0.05162102115342242  0.06227580842720016  0.07258320306103060
  0.08374305566908431  0.09461903587541483  0.10567690951504501  0.11632120917522944
  0.12691503984601243  0.13760677419233969  0.14787717106233164  0.15793614392272037
  0.16765321962406554  0.17819289925740586  0.18907097022667152  0.20023616526518551
  0.21096676168603681  0.22173407106227086  0.23251444393620277  0.24323990411459445
  0.25410331876190811  0.26494772671671979  0.27596002015278032  0.28671250954785099
  0.29743003314356059  0.30798154635679331  0.31866281595624252  0.32932336606066653
  0.34004325087530779  0.34997452772584681  0.35999439512052639  0.37020345643749719
  0.38101332341865746  0.39169760364859590  0.40220475225682223  0.41288805823619701
  0.42352577945915976  0.43430287495030423  0.44474657118133371  0.45547006027687281
  0.46614543384852475  0.47699657209673674  0.48780468726434362  0.49836915087334771
  0.50811125147192659  0.51761644242719185  0.52706620641107227  0.53698467653604709
  0.54786158520122785  0.55856262473317386  0.56893903401561718  0.57928214144368317
  0.59001279856665501  0.60032694491836858  0.61051811145705415  0.62041018849794172
  0.63076474785150183  0.64140530665529749  0.65170886614023205  0.66198320629218621
  0.67261147165359925  0.68352932574504788  0.69397651556915130  0.70418038720711762
  0.71441974722244828  0.72505903763864987  0.73589558191461657  0.74664048628820512
  0.75767044830347907  0.76851444696753879  0.77909820799979068  0.78950614796222840
  0.80014928823911369  0.81074577220547095  0.82082074409367201  0.83075396458804485
  0.84053741009884331  0.85016473934061321  0.86051077521137875  0.87136923636771990
  0.88236043613609616  0.89313165203203992  0.90394606064828775  0.91461301559020136
  0.92525372841153697  0.93569326125864383  0.94583553947906174  0.95666468537164939
  0.96703438748322457  0.97841417257171059  0.98918816030745738  1.00000000000000000
  0.00000771564579266  0.00005504908791027  0.00014977726256132  0.00026590526248774
  0.00044190516105467  0.00066172519770897  0.00091497070356865  0.00120874486483844
  0.00153936924445982  0.00191425900700659  0.00238033109829748  0.00294002110647784
  0.00366023136864975  0.00514668458571624  0.02704458804986442  0.09858864732844690
  0.16116782298672327  0.19875668967251059  0.22278774394103626  0.24252111323172762
  0.26627950982594378  0.30451058977147094  0.35502331905194429  0.39924015275155633
  0.43746740124840983  0.46857216369071475  0.49794004055458135  0.52179696204806958
  0.54370255661186584  0.56340597393412717  0.58164166338079604  0.59895537733366522
  0.61473994297535572  0.62929737246714990  0.64283416551923001  0.65551839918482668
  0.66733440332175109  0.67830056302995778  0.68843541953587273  0.69796100512997350
  0.70710033108165238  0.71604922904814916  0.72464507840438142  0.73271080188994142
  0.74041895182105644  0.74788674412201306  0.75529057639124009  0.76259331170188294
  0.76951627061823957  0.77613342810624220  0.78261677889899783  0.78904193525758626
  0.79530609616411096  0.80135398929175883  0.80724316915246397  0.81295099035726581
  0.81844695737923534  0.82374214957956149  0.82887681109015676  0.83386080011119856
  0.83874218639919562  0.84356655860837582  0.84832165411434568  0.85296717199458127
  0.85751167207420220  0.86196082427775633  0.86633100414733100  0.87064191570074700
  0.87487651465504834  0.87896752348468699  0.88292579628042600  0.88681700644376427
  0.89069626634550814  0.89456335156322864  0.89839221718621654  0.90219325982091592
  0.90595438246651772  0.90966666432710608  0.91331179683603181  0.91687028853930042
  0.92038598569286278  0.92388403374511041  0.92742342481688855  0.93097999061363079
  0.93448589434719753  0.93797830831458540  0.94152095784574119  0.94521786575222855
  0.94903880898043658  0.95291216362285458  0.95680436171589800  0.96092592343370409
  0.96554581066734635  0.97088112433462559  0.98048406545947986  1.00000000000000000
 -0.03073546865523696  0.12647157443139995  0.16734937690489432  0.19076874103626909
  0.20862883285548450  0.22304445119096183  0.23496286805088953  0.24551575444885254
  0.25524578958662331  0.26456134940672688  0.27336949906094404  0.28176356679557829
  0.28988219524952646  0.29766848720728339  0.30508957628984473  0.31227515904258718
  0.31932035446295343  0.32621745351759851  0.33297096679537636  0.33956200157687866
  0.34621728440347954  0.35284755198921319  0.35921842704277474  0.36538524984849857
  0.37129630465584984  0.37719501073529965  0.38306835941572370  0.38904018844544835
  0.39508499220778898  0.40117203981562211  0.40727534818059802  0.41348042133932844
  0.41966777430722085  0.42569182826072643  0.43146156630996552  0.43719100579542086
  0.44292234152283394  0.44864643528998482  0.45452794175501809  0.46042324372296040
  0.46631273154152419  0.47224540154997618  0.47813231813216128  0.48405902662533362
  0.48996828289323013  0.49587106645864903  0.50185743775766445  0.50781328460458652
  0.51379852967533290  0.51971828353009386  0.52564822895881635  0.53163608687046993
  0.53754124063600417  0.54349318744120323  0.54950639076847485  0.55565337381213087
  0.56173123425300076  0.56790503691663619  0.57396144738256627  0.58010404935946980
  0.58638868894351304  0.59287027082647425  0.59942791170143483  0.60581068809731575
  0.61220038487609918  0.61858045390812355  0.62508769767012651  0.63134836770867886
  0.63744354101963263  0.64341193955479592  0.64953782932419168  0.65574482660178834
  0.66195158548888100  0.66815315014642263  0.67454327530867386  0.68142564272749750
  0.68820650309234765  0.69482052107166958  0.70114706311725772  0.70726761037235353
  0.71375998004998742  0.72129587815758456  0.72910653344573184  0.73723550297922602
  0.74555353301723437  0.75437878985643525  0.76373626992582522  0.77334370128320706
  0.78272781220725762  0.79245848274195563  0.80348473793417963  0.81683828318953544
  0.83349770077906971  0.85464010680816993  0.89161293513135675  1.00000000000000000
   1.1130675089976946E-010  -1.0000000000000000     
 F F F F F F F F F F F F F F F F F F F F F F F F F F F F F F F F F F F F F F F F F F F F F F F F F F F F F F F F F F F F F F F F F F F F F F F F F F F F F F F F F F F F F F F F F F F F F F F F F F F F F F F F F F F F F F F F F F F F F F F F F F F F F F F F
  <DiscreteSampler_grid>
  grouped_processes
  1 # 1 for a reference and 2 for a running grid.
  10 # Attribute 'min_bin_probing_points' of the grid.
  1 # Attribute 'grid_mode' of the grid. 1=='default',2=='initialization'
  0.0000000000000000 # Attribute 'small_contrib_threshold' of the grid.
  0.5000000000000000 # Attribute 'damping_power' of the grid.
 # binID   n_entries weight   weight_sqr   abs_weight
    91   10   3.998574139400453E+001   1.341692817883330E+004   3.998574139400453E+001
    127   10   7.979635046100563E+001   5.336200541090475E+004   7.979635046100563E+001
    128   10   7.979635046102641E+001   5.336200541093505E+004   7.979635046102641E+001
    178   10   3.998574139400453E+001   1.341692817883330E+004   3.998574139400453E+001
    268   10   4.823058407649008E+001   1.455362413585507E+004   4.823058407649008E+001
    269   10   4.823058407649877E+001   1.455362413586160E+004   4.823058407649877E+001
    277   10   2.436652589821137E+001   3.752808503891557E+003   2.436652589821137E+001
    292   10   4.850807793189375E+001   1.479947435763442E+004   4.850807793189375E+001
    293   10   4.850807793190314E+001   1.479947435764161E+004   4.850807793190314E+001
    313   10   4.850807793189504E+001   1.479947435763540E+004   4.850807793189504E+001
    314   10   4.850807793190376E+001   1.479947435764202E+004   4.850807793190376E+001
    337   10   4.850807793189502E+001   1.479947435763539E+004   4.850807793189502E+001
    338   10   4.850807793190376E+001   1.479947435764202E+004   4.850807793190376E+001
  </DiscreteSampler_grid>
