 -0.00509677650306440  0.01817009105265269  0.03274688134340213  0.04521570838382851
  0.05600705474644462  0.06614107208118750  0.07575927810638178  0.08563920679192472
  0.09589292702525852  0.10696695980403244  0.11836079060437882  0.12928422126926337
  0.13927717188718472  0.14971800269845337  0.16067940367856309  0.17197367896255211
  0.18264346887754548  0.19263018260915082  0.20266501507117340  0.21270208803233015
  0.22414972513155695  0.23416364683423724  0.24431238060163021  0.25471482437341220
  0.26563523178994503  0.27623018608347349  0.28573465375818891  0.29551290957546911
  0.30567185056399593  0.31540952277110584  0.32385453335689535  0.33228500164686625
  0.34163037270927016  0.35189765663825584  0.36264369053712131  0.37375797873264360
  0.38541854391243158  0.39800409317674623  0.40832197738438242  0.41923153055200862
  0.43083233364746693  0.44293094119407289  0.45482366986909750  0.46631466056347426
  0.47785086523222969  0.48994302628461944  0.50196487654539834  0.51260744872605746
  0.52223368203072573  0.53132946457950814  0.54045821021512375  0.54958094715846895
  0.55883579489330604  0.56927294174324772  0.58111541464372407  0.59275748350395308
  0.60410671466213917  0.61527891814888847  0.62516970706006414  0.63265676442382468
  0.63945524190947411  0.64593428878471304  0.65209992713635812  0.65853086618625623
  0.66601572328931946  0.67343161307940225  0.68018919022960467  0.68727798542962737
  0.69794049181649176  0.71149183009759287  0.72565255663444883  0.73746579607448992
  0.74712108798557864  0.75621991201001848  0.76439967465422787  0.77233775158909390
  0.78021546839948330  0.78728768081709166  0.79678536082526918  0.80818650210826348
  0.82014795517211125  0.83237267912431978  0.84414536657335404  0.85543020955940274
  0.86618347985622401  0.87683923021151233  0.88773644731022539  0.89931610246219940
  0.91121146999248570  0.92207299501755735  0.93194473614607698  0.94216409476535767
  0.95358118603660669  0.96686030357247743  0.98206391325494269  1.00000000000000000
  0.00000107143337813  0.00000135275920641  0.00000172602778699  0.00000206374661345
  0.00000242130224702  0.00000275014463055  0.00000308065726456  0.00000347870488749
  0.00000396064381116  0.00000453591355308  0.00000528449797637  0.00000613673717019
  0.00000705900893576  0.00000828729461381  0.00000941090347623  0.00001078688212260
  0.00001211477783615  0.00001330689354512  0.00001472696119867  0.00001619772090808
  0.00001762377457483  0.00001925276988567  0.00002145074319773  0.00002434196316075
  0.00002763707340206  0.00003141800581410  0.00003562474795307  0.00004041193008441
  0.00004600540502033  0.00005213294214555  0.00005955565398272  0.00006761805768355
  0.00007719012412665  0.00008760112474875  0.00009917691942299  0.00011046495039668
  0.00012174217224535  0.00013504793107840  0.00014876020301608  0.00015913909606963
  0.00016928505999385  0.00018160387470115  0.00019543638317140  0.00021014485062860
  0.00022485073243589  0.00024075495237500  0.00026664295257354  0.00029501690017597
  0.00032122710419678  0.00034798621529627  0.00037843164612044  0.00041391141858949
  0.00045673739975524  0.00049847335970390  0.00054083392945955  0.00058733878577143
  0.00064200242500476  0.00070518401185889  0.00076594503247679  0.00082650662398176
  0.00089118573797556  0.00096007688306261  0.00103429292181128  0.00111252595329766
  0.00119372181009821  0.00128554458173054  0.00140357481538730  0.00154626927923337
  0.00170036133359445  0.00187311151298633  0.00205395650941083  0.00223520820362196
  0.00242528006126322  0.00260698712417625  0.00280112475749621  0.00302151754632038
  0.00324909895814145  0.00348748698087387  0.00371520397809997  0.00396878589331160
  0.00426942180681971  0.00462019807492955  0.00501407926094483  0.00542217416201354
  0.00590463123804824  0.00650163026373687  0.00718070124193065  0.00805473048625558
  0.00907965079691276  0.01046739319160467  0.01235014542216130  0.01570337065225462
  0.02146604249910384  0.03231181752385157  0.33186663602635824  1.00000000000000000
 -0.00000654157184456  0.00022502189265124  0.00047936826696773  0.00070173733116987
  0.00091112602148265  0.00111210966869669  0.00129383698338213  0.00147294786929843
  0.00164834979105898  0.00181707211223850  0.00198466281712663  0.00215224766266660
  0.00232298782982675  0.00250167569385224  0.00269192361524868  0.00286879397726932
  0.00304125118848262  0.00320667132060870  0.00336940573901204  0.00353200297399612
  0.00369776036524847  0.00386451693761849  0.00403444661679750  0.00420901345619162
  0.00438892039404690  0.00456652022561199  0.00473544445847963  0.00487540911680486
  0.00497884179166119  0.00509657432175977  0.00522409198993290  0.00534943780089852
  0.00546069234378828  0.00556828156181197  0.00568215610383126  0.00579993369722004
  0.00592345474456948  0.00604080564456947  0.00615126263199346  0.00626605867622450
  0.00637804033416463  0.00650104615511767  0.00663103310091815  0.00676595759612441
  0.00691023792969490  0.00704400071466121  0.00717460537945455  0.00729876287440589
  0.00742754340709330  0.00756350784358050  0.00771009167964654  0.00786316164989774
  0.00803942822727414  0.00826304988389997  0.00852203142147810  0.00878658870785288
  0.00904577562301448  0.00929254228540032  0.00958818650245007  0.00984226789878211
  0.01010071131462295  0.01036064869359580  0.01062860989908045  0.01093264626327375
  0.01136538772847634  0.01177057228317831  0.01215525346483442  0.01252001453499350
  0.01289520992820102  0.01334614699755341  0.01379145862650787  0.01430342770971674
  0.01483180937387698  0.01538171321413470  0.01602370647235607  0.01665450846588189
  0.01732345461007019  0.01801795114846484  0.01869483376594811  0.01934478815074093
  0.02000467757607411  0.02069819797970791  0.02144441534644652  0.02233534483498025
  0.02338378249156974  0.02467578114401996  0.02623461702128582  0.02771479487662566
  0.02926891614440389  0.03088889794170986  0.03242673506384849  0.03430773480933631
  0.03679766721708959  0.04021856952082516  0.19057763503796638  1.00000000000000000
 -0.00090406264764899  0.00668588487609402  0.01310972531062415  0.01958591794326789
  0.02734893025081581  0.03627193121018021  0.04594411061550608  0.05527274284232338
  0.06555254628947302  0.07673790165527643  0.08815026891981396  0.09951473439359969
  0.11024894875803780  0.12066928446987117  0.13129267502887546  0.14233149636516723
  0.15381457980855009  0.16520636856240745  0.17587021437507067  0.18603450293970505
  0.19640438452863382  0.20742507415155992  0.21806716532762807  0.23001099408603012
  0.24126269476145079  0.25181790863754361  0.26198617916597450  0.27305144756234700
  0.28528337305370394  0.29725165226874684  0.30884924620568754  0.31974213037006360
  0.33031258067258001  0.34128926676300309  0.35329608428729592  0.36450912402368735
  0.37661047569990858  0.38780799688660073  0.39984905307456176  0.41076067016943396
  0.42223289554812071  0.43320105105471662  0.44642814473480502  0.46080658803375879
  0.47619689999147757  0.48874393464590021  0.49993108987218182  0.50978029959716964
  0.52028969992931950  0.53230188837897552  0.54505331184132744  0.55653770485030718
  0.56758147065787767  0.57854650792533246  0.58988436763481233  0.60127714455580883
  0.61236490385981468  0.62273159366859410  0.63186984173678773  0.64117322164814583
  0.65077824232019132  0.66071887683831532  0.67135613821906026  0.68198905239169227
  0.69154986767227389  0.70094916766773285  0.71019704751391388  0.72091149854851233
  0.73164031843039434  0.74149327012437949  0.75077433730939880  0.76147364293864550
  0.77262311351524338  0.78378306443495493  0.79517264635993568  0.80675496192066842
  0.81913470664199783  0.83095766315220987  0.84048378066977714  0.84867180734968140
  0.85662115518476822  0.86413348312659055  0.87178803615106326  0.87930612222704185
  0.88681865179319608  0.89407582291619769  0.90517324099644092  0.91511189293435813
  0.92439232249332892  0.93386157685307714  0.94445851748071807  0.95679325826649975
  0.96938134026421507  0.98150586369104298  0.99103650336366722  1.00000000000000000
 -0.00216405767641760  0.00746296615112636  0.01510675583222406  0.02343764998460193
  0.03248235438840198  0.04221050514688904  0.05303782516470813  0.06441456239777087
  0.07530509666048998  0.08553718640272152  0.09627365329082799  0.10814535195795920
  0.12133837944075597  0.13538022962443050  0.14907602430566211  0.16240837275283759
  0.17080122872046996  0.17779657214788422  0.18558950524755566  0.19372180328292929
  0.20117433667988160  0.20825376895815820  0.21484067628359368  0.22212908569509987
  0.22925139814808307  0.24065067469703719  0.25248601050154745  0.26421329696682527
  0.27541829415994967  0.28743387028935624  0.30073573474370563  0.31399060480701779
  0.32521639415929482  0.33483541053106325  0.34429067310507483  0.35439901671862689
  0.36481249139105315  0.37485701545957545  0.38447657362433135  0.39473377006664606
  0.40656059033627351  0.41907645279157679  0.43049415173129801  0.44122755189458135
  0.45134479974346009  0.46226135248891831  0.47392526808486890  0.48640804190116521
  0.49949182702844835  0.51131423979806290  0.52223097076774150  0.53247323167373928
  0.54241251139525481  0.55287889791938616  0.56262295258091177  0.57064053215245070
  0.57881953182855461  0.58767854014805065  0.59776494350109377  0.60803736151166510
  0.61769585483770839  0.62674403918565980  0.63895363508488856  0.65072213949341018
  0.66204577753379656  0.67330454023125541  0.68601338101999443  0.69779167265710640
  0.70948390466461952  0.72135565942182200  0.73219221193012118  0.74149184831955028
  0.75081710590455031  0.76097318383502066  0.77104986817549315  0.78052711824390753
  0.79031770094698461  0.80154525858636561  0.81484783658166504  0.82647630712428144
  0.83826361354441092  0.84986990133682094  0.86191297528560717  0.87438783337541348
  0.88649910681494815  0.89740831392251075  0.90777399687327653  0.91819725493200610
  0.92878004137446590  0.93838348764648072  0.94710689212705446  0.95580967710424736
  0.96641505678346329  0.97786343446195600  0.98913803631404040  1.00000000000000000
 -0.00285303195764957  0.01156845484659052  0.02387579115330936  0.03726970674837157
  0.05055384414867429  0.06397520336274885  0.07703192445833958  0.08898733141356714
  0.09983855845088874  0.10834532541217139  0.11634874617861050  0.12441290550904034
  0.13123459248399344  0.13737074239022740  0.14304494651086236  0.14892238875735264
  0.15517276547294462  0.16150741074559857  0.16789152484455636  0.17415682551254261
  0.18029613379880055  0.18646242164312357  0.19722780279235058  0.21088446433791394
  0.22456154924488736  0.23680092655137466  0.24777767551028906  0.25877251736724149
  0.26947671278557345  0.28200024668681223  0.29510118759367282  0.30767149330392263
  0.31839676520147403  0.32748228096048126  0.33625576708178073  0.34459577882072262
  0.35272591682464721  0.36102267877926075  0.36952716973264821  0.37962609437274258
  0.39095804397270117  0.40125343277502035  0.41145661579535708  0.42106212750710609
  0.43128088548015098  0.44167642504055815  0.45184980743315806  0.46218104298192658
  0.47361732928974054  0.48618782567543967  0.49854645751764359  0.50903664298033457
  0.51956729198511586  0.53021787073669602  0.54064228556068872  0.55085209188042861
  0.56116462808677425  0.57259300218124076  0.58542167129556488  0.59746157810608913
  0.60957609268893942  0.62123455494994206  0.63335715780697588  0.64634515555104333
  0.66086236516364538  0.67431045479237250  0.68577668508892997  0.69630645210703102
  0.70698734358513837  0.71823514997172710  0.72953675410514407  0.73990611999142453
  0.75028796102370610  0.76153028133502154  0.77339130386395794  0.78502232806781602
  0.79626931796523870  0.80674274060718332  0.81647170402225677  0.82578336376211903
  0.83564451052994837  0.84599699202134226  0.85669185485321120  0.86707352216323896
  0.87757521611420553  0.88836364679179602  0.89980432620932560  0.91134641883549816
  0.92236327756130354  0.93230435454571414  0.94171384281625214  0.95187782343366889
  0.96321289757998085  0.97538020592977392  0.98770525016558886  1.00000000000000000
 -0.00001356487878349  0.00157458041766902  0.00239156548429980  0.00355493575473657
  0.00558735821118988  0.00718101902121240  0.00827952367030406  0.00910855975884683
  0.00979492417841149  0.01037279233337931  0.01090082596835128  0.01141396458565438
  0.01191815621286505  0.01241183991605095  0.01286638234806558  0.01331352033882370
  0.01372318576914650  0.01412830005516481  0.01454307320239311  0.01495232549318054
  0.01537673730689177  0.01580173672587641  0.01622883679390673  0.01666719017659837
  0.01713175566471064  0.01761173250119815  0.01810158153746287  0.01859240291384356
  0.01907577810452295  0.01955829736217388  0.02004004099836629  0.02055130353425311
  0.02109867182133524  0.02168394733333659  0.02231758989488115  0.02293858701090298
  0.02353857092157960  0.02411851603411304  0.02468075186634817  0.02521205759579239
  0.02566338217120391  0.02614834668954614  0.02665448217609826  0.02722022173812871
  0.02786516640811786  0.02852856709966336  0.02925069690376588  0.02982168540204252
  0.03036122460955374  0.03088543963142130  0.03140225457103039  0.03193649267514328
  0.03251171790344943  0.03318890434044772  0.03391240845107853  0.03462875913136661
  0.03523683234138927  0.03577944233648413  0.03629609642867660  0.03680526304063578
  0.03744735629625340  0.03833442717228034  0.03930554420306707  0.04020958679965309
  0.04100592058867821  0.04179471491626685  0.04262995990880748  0.04352787555485930
  0.04453219882391879  0.04559446258578909  0.04688399009187678  0.04784360815476564
  0.04895325407911234  0.05012562883317012  0.05123856572082401  0.05250748067425150
  0.05402280531052199  0.05530080329232009  0.05605789194335419  0.05714801638408681
  0.05818756139210043  0.05893149547907163  0.05967511328134794  0.06049563419668057
  0.06168854758516235  0.06353005266805760  0.06680963550333659  0.06958747172835465
  0.07340275500005869  0.07912423563029439  0.08705654741077702  0.09561779346002054
  0.10614743482441279  0.11966167661418588  0.15557408966054717  1.00000000000000000
 -0.00141529209091919  0.01073788514741074  0.02039438013035428  0.03141987609565518
  0.04236022075496429  0.05245236913874221  0.06189061313390905  0.07156429166456825
  0.08152080760693026  0.09183382692916678  0.10261665152059307  0.11415050219068643
  0.12775019760684658  0.14250610293065591  0.15619473819061255  0.16851310399999628
  0.18046629543339035  0.19241775400875152  0.20432346463742845  0.21618079847567642
  0.22837856453809674  0.24074106270253495  0.25272841184273831  0.26428176100784018
  0.27410323682104965  0.28106874849517005  0.28842721842030017  0.29556030367039893
  0.30255352967382770  0.30981966017098977  0.31761363936340009  0.32540226398065586
  0.33261541967251956  0.34124918348247535  0.35104549241766819  0.36029227895716687
  0.36976485452523739  0.37964640803306704  0.39030948552305722  0.40234465153872956
  0.41469923138259818  0.42611296326886233  0.43744710223206057  0.44878788428165245
  0.46114201075762234  0.47181941478263506  0.48075566843362944  0.49010696701817685
  0.49946793125662520  0.50922356289514503  0.52005636422024160  0.52870263350268143
  0.53621228462389792  0.54374779249777094  0.55165354795939825  0.55998894060931981
  0.56849681863802970  0.57696342880507823  0.58598565534269254  0.59587174396092146
  0.60567925996832683  0.61511717059576876  0.62481251840118890  0.63466952311805236
  0.64454559765442931  0.65468943216880848  0.66481611878522007  0.67497228641926388
  0.68532898687466171  0.69611652110559719  0.70762484686304605  0.71883989924442993
  0.72920533147712374  0.74033408497737185  0.75174954174764541  0.76329077765999243
  0.77456759064982983  0.78552875395279220  0.79648200137689296  0.80822826698725059
  0.82045616985062997  0.83157580672664233  0.84158846325361836  0.85206183068617070
  0.86448788197399173  0.87790223861146244  0.89094826992857001  0.90270140189786341
  0.91387312336652182  0.92481967840020596  0.93624765729200210  0.94730939197166519
  0.95822931846937331  0.97087598868774627  0.98462749116024706  1.00000000000000000
 -0.00398285809631913  0.04971942771842418  0.13991819282306975  0.21659265760879864
  0.25068531901717894  0.31608780364084532  0.37427469373168476  0.42882092889175322
  0.45866171776322023  0.48039095415200128  0.49986193533323303  0.51701843023920480
  0.53192749852614940  0.54561421874165539  0.55877525505685255  0.57131480618867481
  0.58326168945535151  0.59431119034787905  0.60470039321459990  0.61417614586581870
  0.62279433487144342  0.63069599636050366  0.63845206289781653  0.64649245956016377
  0.65407104383362580  0.66122735882712447  0.66796156507302029  0.67437652929511316
  0.68050995766935596  0.68695058038923329  0.69341804350120440  0.69971816137428577
  0.70583313877072429  0.71162576937854849  0.71721528302241466  0.72275168356781716
  0.72829032703331609  0.73368138891330503  0.73924092575595712  0.74477556645028087
  0.74975472145239974  0.75455475623226087  0.75904577066102819  0.76347420834358748
  0.76802110426294501  0.77270198647604060  0.77792346096843223  0.78347627209228066
  0.78878845403043718  0.79291772771488434  0.79624421524491451  0.79925544720275776
  0.80205915824681240  0.80472799020057584  0.80702793671289208  0.80948277464548302
  0.81179500840132157  0.81372797431509170  0.81564479478527763  0.81764954924104016
  0.81958830453962628  0.82148238957414377  0.82348692825334480  0.82556286972133952
  0.82771439605242703  0.83011258584118974  0.83245419673395360  0.83472463623330972
  0.83692726253040695  0.83918011244302415  0.84143415739059069  0.84381435058244536
  0.84627844189766566  0.84876366363625289  0.85125671965197625  0.85376974509280013
  0.85684872221651831  0.86026325881144516  0.86351486992689752  0.86665763630159554
  0.86973092914511252  0.87275705732585440  0.87582392461622849  0.87955042518868454
  0.88337175543075441  0.88755543411520488  0.89212255228095405  0.89710194904243978
  0.90280595906236483  0.90940205737921875  0.91619545184177709  0.92327201939395487
  0.93105830461486450  0.94165587953552909  0.96090239202755245  1.00000000000000000
 -0.02114803162969282  0.12733483442983282  0.16371224754459524  0.18991195797397087
  0.21394087547477594  0.23378204285188606  0.24962691220797953  0.26268148105233902
  0.27464569063329941  0.28226198556893745  0.28845160517544716  0.29429533543315922
  0.30055747212209832  0.30862431411365854  0.31626038085272895  0.32352233078148540
  0.33024798384259074  0.33739061888417593  0.34439940439120509  0.35080698348058237
  0.35719094933992862  0.36385392414634093  0.36999503233129666  0.37611743891224575
  0.38226671587265953  0.38897399825182999  0.39534065973568056  0.40137887467944572
  0.40718395269332702  0.41294576103546921  0.41779232076221451  0.42156641868012784
  0.42535053909044218  0.42902423461299688  0.43247590076308745  0.43576157069914695
  0.43907591787117367  0.44219409776819524  0.44544469584833385  0.44890629474062282
  0.45280401881417237  0.45666436717952086  0.46034335440414786  0.46401543436354525
  0.46782096854586469  0.47182654681009850  0.47569393679112681  0.48019021636102138
  0.48572433002120763  0.49153102238215202  0.49716572274484033  0.50266578848935284
  0.50786501468340539  0.51251781407846997  0.51725282884566282  0.52189363179405823
  0.52671086211739471  0.53179923956405561  0.53725536735989143  0.54273147390122511
  0.54825162703165009  0.55380442823364406  0.55929896707416560  0.56448158453124253
  0.56970596656153349  0.57487689613248394  0.57989999642119361  0.58474437197169860
  0.58953660277305464  0.59437768808229807  0.59937663293958376  0.60484564259750295
  0.61019891889157363  0.61495620323658828  0.61962010927173217  0.62434793210006301
  0.62917920242987235  0.63453067783260098  0.63998203309540969  0.64591344978837972
  0.65312794255851736  0.66061559278237880  0.66961528985282293  0.67956893538103857
  0.69015355298378567  0.70062698257914224  0.71085350184306917  0.72101103334001215
  0.73156124074987461  0.74376588353102646  0.75846068867403948  0.77762839655385696
  0.80016034815265724  0.82703052258417675  0.86757643783181182  1.00000000000000000
   9.8224300908737213E-010  -1.0000000000000000     
 F F F F F F F F F F F F F F F F F F F F F F F F F F F F F F F F F F F F F F F F F F F F F F F F F F F F F F F F F F F F F F F F F F F F F F F F F F F F F F F F F F F F F F F F F F F F F F F F F F F F F F F F F F F F F F F F F F F F F F F F F F F F F F F F
  <DiscreteSampler_grid>
  grouped_processes
  1 # 1 for a reference and 2 for a running grid.
  10 # Attribute 'min_bin_probing_points' of the grid.
  1 # Attribute 'grid_mode' of the grid. 1=='default',2=='initialization'
  0.0000000000000000 # Attribute 'small_contrib_threshold' of the grid.
  0.5000000000000000 # Attribute 'damping_power' of the grid.
 # binID   n_entries weight   weight_sqr   abs_weight
    13   10   3.518589773810839E-003   2.730140071775121E-005   3.518589773810839E-003
    22   10   3.493987308310915E-003   2.673113479553697E-005   3.493987308310915E-003
  </DiscreteSampler_grid>
