  0.00458280289145603  0.01269955922192557  0.02104816568209846  0.03062766472422154
  0.04027847046114134  0.04999861404127821  0.05991261653155853  0.07004478038829749
  0.08035799335269718  0.09066752650707276  0.10061691905001820  0.11057585515724985
  0.12092786479117895  0.13119111394725450  0.14137835811860208  0.15168098097742841
  0.16211661989876094  0.17232944653513776  0.18239372261170861  0.19241645253139750
  0.20236197563830030  0.21186226322729992  0.22136790356249969  0.23115298829854336
  0.24053606002871039  0.24971977845874538  0.25829846262818196  0.26720602518230913
  0.27681857693239892  0.28709689839201374  0.29681814318832472  0.30639081284715342
  0.31610721799622649  0.32688237655988689  0.33765600062069062  0.34827636105167675
  0.35929652457976363  0.37051011464822092  0.38180096685417031  0.39221603297260010
  0.40241024032287731  0.41268776561742304  0.42333715414687201  0.43425317699717247
  0.44500805805632310  0.45577493126015467  0.46647365410010733  0.47709090413810185
  0.48752060839377470  0.49768694277471837  0.50763892045909675  0.51763037469235518
  0.52813833288492151  0.53881958612398573  0.54965341730031092  0.56045146442160365
  0.57134348224694287  0.58243996393048814  0.59320878996575366  0.60382442125646718
  0.61447340280386253  0.62493723609482998  0.63607811130014580  0.64753329187596886
  0.65965401044160099  0.67121931048220396  0.68224153956324285  0.69304149626931377
  0.70393242489957786  0.71441667856206159  0.72486470709684236  0.73572205146462955
  0.74697245803542378  0.75785900815353902  0.76802118469136627  0.77789712267004929
  0.78817394144788711  0.79909941497976145  0.81008240053887370  0.82029092316052910
  0.83053145952447349  0.84091349922795333  0.85133769750658239  0.86184438602819258
  0.87318090440064711  0.88545546646965168  0.89731588208257562  0.90803975207696563
  0.91885882629391624  0.93011533121907453  0.94081366489633644  0.95165001717780118
  0.96290269551829710  0.97539035283784159  0.98785510032947788  1.00000000000000000
  0.00221107795358822  0.02504325387492134  0.04110561861481553  0.05424988044513404
  0.06642402215647354  0.07841069070913605  0.09002116379689440  0.10109380995090776
  0.11200723068065337  0.12281900507666499  0.13354810857369376  0.14395604056558375
  0.15385967262975137  0.16343166559498756  0.17303695652592799  0.18265578314205835
  0.19217802757822902  0.20150316415802866  0.21016739936895648  0.21890716586206316
  0.22832992885664480  0.23838861158829458  0.24819096852745426  0.25729454593557188
  0.26631833401151028  0.27583138078593067  0.28574743176959971  0.29597463980722211
  0.30651322101044148  0.31708896074636805  0.32713482409538203  0.33693217826644911
  0.34652078024113575  0.35632026292489921  0.36575473266346503  0.37585207691068578
  0.38617219013391896  0.39678678702208336  0.40712464894983119  0.41744263653230435
  0.42868488992539822  0.43993098027829175  0.45122897437221898  0.46241754531562607
  0.47278694957076534  0.48283085058220970  0.49216391199481885  0.50173426158005352
  0.51103978167346731  0.52050327831666154  0.52972216121915849  0.53911152693014930
  0.54894068811783081  0.55851989989179218  0.56799129793642289  0.57781966620548164
  0.58817133148769596  0.59867863769924534  0.60851753961521604  0.61814026236433361
  0.62832388409699291  0.63907816773369708  0.64967043256235835  0.65983565392094556
  0.66977927064676857  0.67950569804505390  0.68910783302820011  0.69874719329774992
  0.70869805015138621  0.71893263636452653  0.72944527735186626  0.74039172243803253
  0.75168428080060279  0.76304041842052506  0.77419894594567595  0.78487518060361505
  0.79550237471391216  0.80576421517069607  0.81575554323450095  0.82575835539742581
  0.83577961633029429  0.84608499105883250  0.85616626093723014  0.86671613980490358
  0.87746278372085162  0.88777297522326903  0.89803845342993160  0.90875999587412148
  0.91983418742719969  0.93139234596352605  0.94167272867765051  0.95122196766269362
  0.96070941124766218  0.97075854235356374  0.98154033997878676  1.00000000000000000
 -0.00001477883278320  0.00170146583672520  0.00225762465471175  0.00260702268981234
  0.00286490053370927  0.00308201282887954  0.00329596582507162  0.00351384484816595
  0.00372545106895872  0.00393077378502335  0.00412299366752825  0.00430221338161213
  0.00447774250514242  0.00465672719592532  0.00483283709861266  0.00500284487181643
  0.00516300573109205  0.00532130312202114  0.00547768305245136  0.00563171744889472
  0.00578004872084665  0.00592223145699958  0.00605939033549445  0.00619137520180046
  0.00632059168058926  0.00645005293151592  0.00658063311362026  0.00671753002305174
  0.00685777248991088  0.00699682460227516  0.00714112674966422  0.00728357945084413
  0.00742490840162389  0.00756834825864006  0.00771430439962440  0.00786610817873469
  0.00801786051651632  0.00817312248126784  0.00833099848125777  0.00849274174687221
  0.00865679631443975  0.00882479130837582  0.00899602586446182  0.00916993772236233
  0.00935203704704885  0.00954544639281224  0.00974027971618476  0.00994210767524423
  0.01016478632792761  0.01038550824421878  0.01061615761436193  0.01085069674210068
  0.01109047222084967  0.01134595232200949  0.01162012479691862  0.01191194667821135
  0.01222350858194384  0.01255555409849977  0.01289586657111453  0.01324182944656897
  0.01358395083287802  0.01392473249803659  0.01427045146258478  0.01462849669136549
  0.01501422784885855  0.01540244084523732  0.01579614879493787  0.01619524710760253
  0.01661644112400774  0.01706990000129571  0.01757534992825740  0.01810638734896024
  0.01865467048815355  0.01923713057335667  0.01988088391309651  0.02058972599272083
  0.02135778614893733  0.02214729342216085  0.02298247700595193  0.02389557618486242
  0.02486006807296747  0.02600676130504959  0.02724115263900203  0.02862037524412262
  0.03011185983148528  0.03189205927544707  0.03398555573928180  0.03592803523300112
  0.03843639765831389  0.04144938274967643  0.04496195307350306  0.04963785783274316
  0.05935289752713310  0.07164009691287948  0.53461493361064683  1.00000000000000000
 -0.00231073891710132  0.00983021887349945  0.01985212016424456  0.03080735762460936
  0.04170510235519091  0.05271966607308904  0.06344721074116384  0.07360016218319074
  0.08361208422360780  0.09341409394346092  0.10301165861760596  0.11243555138987600
  0.12168064008406063  0.13136640886576059  0.14151272483129487  0.15142500139474191
  0.16144941163569962  0.17130908502154052  0.18207815244251405  0.19231893522559837
  0.20261918791380462  0.21266218588994337  0.22262685220725295  0.23282540106393160
  0.24351985731429004  0.25488627552734822  0.26649941611987427  0.27814644699311558
  0.28956085215560440  0.30035436428015461  0.31085489122418286  0.32097148583641633
  0.33121123491005350  0.34153077338752219  0.35189522784437594  0.36251054603190469
  0.37331289710602666  0.38438965747557902  0.39529843189250552  0.40583140464828604
  0.41624130230328821  0.42592345388488267  0.43550326569211234  0.44468906589109997
  0.45425849421968284  0.46428413975200722  0.47414482556632537  0.48423315462615829
  0.49465572437278332  0.50532103886821456  0.51599611520829924  0.52688690182803943
  0.53825410440189625  0.54999085264414971  0.56148697384161361  0.57193543849937079
  0.58216125722862744  0.59238299865910349  0.60272492684345635  0.61295472148211283
  0.62357141988117348  0.63465213519482189  0.64603871873277152  0.65707144152770869
  0.66838353100874004  0.68014651283913374  0.69208281090618728  0.70314733624073866
  0.71448460304848360  0.72569177986285904  0.73605602518173485  0.74629701449736563
  0.75696090930543303  0.76793817347830529  0.77835138278455773  0.78832864994797780
  0.79868353862409402  0.80931184974056969  0.82016823876389588  0.83112234478348590
  0.84226976009565091  0.85302984590949249  0.86354628976752346  0.87395067488415501
  0.88436503918714471  0.89551476044504263  0.90665348116317823  0.91773765935925466
  0.92913079409913979  0.94066292509669458  0.95221004556795641  0.96347834612518168
  0.97365327473186813  0.98321217037966491  0.99158698406907186  1.00000000000000000
 -0.00242412941660971  0.00976420112630155  0.01964958368471479  0.03045851932803669
  0.04139944900585910  0.05200580582038672  0.06212244423280008  0.07342758247009049
  0.08433073628285034  0.09484331822355588  0.10511673733011520  0.11546790676875700
  0.12585520774237008  0.13568497984115349  0.14517153264326715  0.15487349561591074
  0.16459799653049464  0.17427483872161745  0.18404068692926565  0.19487467159294999
  0.20598599710515678  0.21632639965474612  0.22627663180157556  0.23685818591343968
  0.24850430874420676  0.25970208862128508  0.27067349421898135  0.28131477498504154
  0.29221384467915151  0.30281682461190357  0.31340137571743176  0.32404319179846580
  0.33480415494323618  0.34574486008119037  0.35623893943828827  0.36629548412859342
  0.37630308652456074  0.38635919739508306  0.39647828512395383  0.40679045873607278
  0.41721378032667711  0.42776574145455404  0.43843853948080597  0.44926551071878901
  0.45979120817552793  0.47004361345069962  0.48074173207057252  0.49180974248688358
  0.50286618744135247  0.51383832313818112  0.52472684466411745  0.53531871079238202
  0.54557435351220784  0.55568190512722904  0.56590883818725557  0.57612026126016169
  0.58711960647306582  0.59858623687757362  0.60917505914327208  0.61900361495288014
  0.62929586883090582  0.63968602814774078  0.65007049019820351  0.65985447807718434
  0.67052147726916356  0.68208498651008864  0.69341189129469094  0.70419428004098039
  0.71544164978926794  0.72689500648098160  0.73781463837004879  0.74805639759857745
  0.75838364767624433  0.76798288305718476  0.77813996240348426  0.78767412327119390
  0.79791991351924163  0.80789668679735660  0.81783162948650512  0.82754792573552471
  0.83792257734165276  0.84897476404864847  0.85959352155603397  0.86996944876682258
  0.88064836903320787  0.89205965173548141  0.90395416885020219  0.91551801144964351
  0.92673594873014287  0.93757036553880679  0.94807858666242095  0.95813361004697561
  0.96819653620947721  0.97875342765249362  0.98944805737492603  1.00000000000000000
 -0.00285421409458540  0.01168909332885508  0.02340837675965010  0.03457314845407953
  0.04553632998653349  0.05709589831100169  0.06816087311718334  0.07852375072915924
  0.08798850455384954  0.09725406230359702  0.10729065846381228  0.11748936937374956
  0.12751562745711975  0.13808027477765983  0.14859330382359962  0.15901434001922296
  0.16933355356378310  0.17984997622231119  0.19056403440929293  0.20104702314389025
  0.21124478439802150  0.22162539699996059  0.23223712107926453  0.24313645254223445
  0.25408810702850532  0.26468570759445170  0.27529634625519556  0.28581923543714738
  0.29628635388578639  0.30693216616358743  0.31795822188164019  0.32978505180589507
  0.34219375550525960  0.35464188893027010  0.36602936027736405  0.37700786317898849
  0.38765330193498376  0.39849280861035413  0.40958894719323913  0.42039812467490495
  0.43130692441623086  0.44144746294681703  0.45159571150129135  0.46235481043546667
  0.47326135103406619  0.48387922781321113  0.49444468695039995  0.50556512838319223
  0.51728465580916638  0.52880658962011062  0.54022452408372923  0.55144398539158490
  0.56232112252662758  0.57286882202988809  0.58310615799443799  0.59314445623419787
  0.60315966271389421  0.61299159806409598  0.62254668883908137  0.63215884823268764
  0.64168277228141402  0.65150650664282284  0.66168979138074580  0.67208865517788763
  0.68242833561895078  0.69268653706912153  0.70312916436187778  0.71363317339845733
  0.72375915479589537  0.73360348734938075  0.74338537725737841  0.75268841044086676
  0.76143683054243938  0.77023665161898602  0.77919547710403725  0.78875765922236230
  0.79832406061587990  0.80837899064118357  0.81850334631432053  0.82988964172077262
  0.84077054501178716  0.85231014287403650  0.86333507082057515  0.87495512938209896
  0.88577776291272747  0.89616035036771446  0.90565322729023479  0.91459222445045563
  0.92412401754281526  0.93386623357244947  0.94421532493542837  0.95520988239100901
  0.96630022276569072  0.97799094294773237  0.98882249208315331  1.00000000000000000
 -0.00236885529831863  0.01049992670390144  0.02062162095295606  0.03142734350443429
  0.04126483336878198  0.05242368789989020  0.06326715065411151  0.07510775195070477
  0.08709534266268207  0.09885325797347834  0.11001271315732009  0.12046675078675999
  0.13055618117951925  0.13977492153295273  0.14930488561382169  0.15920402179878299
  0.16955877694172883  0.17984652067422652  0.18976638443827348  0.19952284349430735
  0.20928284514491657  0.21922690775512865  0.22951433630572018  0.24006141805009329
  0.25045810799005142  0.26030439790307980  0.27025367114831328  0.28077147117550194
  0.29150158964621925  0.30177431648823111  0.31141320737741046  0.32072259914356510
  0.33036899442727014  0.34076920579583048  0.35182008844165774  0.36273264296055735
  0.37397172445759314  0.38541167926831876  0.39708481243063964  0.40904019303564576
  0.42045741145831900  0.43116786740268676  0.44138136161161057  0.45180604246774170
  0.46263996740899943  0.47408604153317507  0.48570355460497971  0.49793603845127493
  0.50993857655560959  0.52137841065368296  0.53196935667633183  0.54254509728727673
  0.55366646432267952  0.56465057925866557  0.57558254399767617  0.58594249116925035
  0.59581819812140491  0.60557779734136974  0.61542266521510958  0.62548148398523296
  0.63571666430065876  0.64620439084229631  0.65685923434075100  0.66768121245326550
  0.67880566168220280  0.68991984871949286  0.70065762947394195  0.71106517469522323
  0.72101334295275943  0.73058748542759344  0.73982503078898143  0.74918170091386560
  0.75891472999202070  0.76928307727789147  0.78034267146298653  0.79200264614261495
  0.80371406829922831  0.81462018864147889  0.82505065000973732  0.83555335042078482
  0.84660277326774791  0.85695223953927790  0.86681104356315630  0.87686873814492972
  0.88663326146515853  0.89586988031470538  0.90500599618555500  0.91452517321180726
  0.92495371857268072  0.93552137305569538  0.94604631043562692  0.95622670181198877
  0.96640918912665130  0.97703797006294535  0.98846289082545202  1.00000000000000000
 -0.00185527010478828  0.00913387251222270  0.01831820200726082  0.02764932429174281
  0.03719889525442845  0.04721555696171053  0.05757478875431954  0.06744490269546857
  0.07716853535495281  0.08721062808024634  0.09770319630317240  0.10842241020555697
  0.11942710911114150  0.13020832074646385  0.14069954369631779  0.15082349216656216
  0.16106580343066948  0.17164627090090437  0.18226526923831701  0.19284463439398303
  0.20327927735522813  0.21432516543377661  0.22577099397045688  0.23675591550973724
  0.24691342597512653  0.25693336077252438  0.26703182107296569  0.27711465075373443
  0.28693130329266309  0.29745331605911129  0.30859351413562330  0.31991064852038703
  0.33154268381507918  0.34366364555971690  0.35556587573939946  0.36627316704225266
  0.37654752202664810  0.38632221437031855  0.39576643139124312  0.40481454835940289
  0.41367868167396882  0.42304194078499185  0.43290401920695959  0.44340241190298507
  0.45461725616033605  0.46604415237427377  0.47733357179666813  0.48818874227495129
  0.49882000454267889  0.50927184402298942  0.51945002199574730  0.52966340263268663
  0.53996623737923966  0.55021397433944064  0.56039230641023774  0.57108475667964453
  0.58236259215768182  0.59314625746439897  0.60423299202215364  0.61515780093524441
  0.62589698314702136  0.63627171017696249  0.64648010787319721  0.65674846132977616
  0.66703282319643675  0.67742593337677603  0.68823346312464129  0.69871619336037838
  0.70906002761922537  0.71938381766903270  0.72971776892292739  0.73961699434720340
  0.74950329028383456  0.75996599844190049  0.77106147622949905  0.78255046324556321
  0.79416750878692932  0.80594762006123311  0.81779595081287781  0.82940822491375843
  0.84063887762464173  0.85137732962200963  0.86126073905582412  0.87077930395928371
  0.88101872480246524  0.89218071526012854  0.90351435817828063  0.91406326488842926
  0.92467567577981347  0.93550287679163979  0.94629750931560297  0.95704008405180774
  0.96742629135907443  0.97816401609494485  0.98877290071178359  1.00000000000000000
  0.20127872209755920  0.38544207554089865  0.42382404408758706  0.45384132891279649
  0.47974984545443927  0.49760695838778213  0.50969931522528511  0.51870999333794610
  0.52576380894960029  0.53147717333946576  0.53676085139059737  0.54155675017238547
  0.54564307178490623  0.54934528709449371  0.55281817722109194  0.55609687209275283
  0.55925775498711428  0.56230563356431629  0.56521133227361364  0.56796180594320711
  0.57071072607101803  0.57352734945780071  0.57642079953535408  0.57942520229707839
  0.58233827437594787  0.58514155496379572  0.58785878259742119  0.59048074087357927
  0.59305804025627373  0.59564422147503149  0.59822538285606530  0.60082743072091238
  0.60346913916863409  0.60618672460828060  0.60892507573161780  0.61165249552274614
  0.61437108617191860  0.61710260458338539  0.61986173358142072  0.62259453040881796
  0.62537162138140245  0.62828394370706253  0.63124536851732249  0.63430357167559226
  0.63740465169388993  0.64041560898466687  0.64338161209692701  0.64639230539435633
  0.64932811883095010  0.65230768502722436  0.65528123281455952  0.65826253489596021
  0.66126764208666711  0.66425844134404444  0.66721910237443871  0.67020660027958523
  0.67321907519745372  0.67633508674922804  0.67957860779036328  0.68285404041971487
  0.68611204843993145  0.68939916942590851  0.69273832645647682  0.69612317234507803
  0.69950143198210002  0.70283051391078244  0.70622995807135525  0.70977528098262910
  0.71349556015940707  0.71737184359769812  0.72130571948192779  0.72531830768621008
  0.72945911796477614  0.73379034940421495  0.73822427714988526  0.74263545441764589
  0.74708502774524499  0.75169827281840118  0.75651356583381446  0.76148264009482247
  0.76658885231518425  0.77190790828266709  0.77784163395182948  0.78406256006103270
  0.79042364550009603  0.79731659411178746  0.80454865539611442  0.81220266758277904
  0.82102333345425582  0.83063161417846565  0.84106002168836547  0.85272626434625620
  0.86656416278287884  0.88442175898394959  0.91353477881010481  1.00000000000000000
 -0.02029925108797194  0.13208030433449572  0.17434811288251045  0.20117408397346828
  0.22238009274861098  0.23965299705572538  0.25412130531302551  0.26690784732353323
  0.27795572243937955  0.28793914200380866  0.29713044687823220  0.30578740363435830
  0.31429208604955483  0.32251645640070481  0.33028308585741312  0.33738679875023653
  0.34398958170501176  0.35037033259507555  0.35653046081040668  0.36250386617387342
  0.36847195852731968  0.37443913549086744  0.38031246999723922  0.38618960284206916
  0.39211410530095242  0.39797244719197911  0.40355820691881950  0.40891328753227019
  0.41425407376301848  0.41911973444740125  0.42396315123168460  0.42872007825571440
  0.43336186429392759  0.43795538260482120  0.44242024807986613  0.44677367502877774
  0.45111012040443227  0.45551880222541669  0.45975122341651936  0.46398276499713526
  0.46819646819776811  0.47237920187187815  0.47654796145219869  0.48071428286934625
  0.48491520966996621  0.48920215821495244  0.49346172785234160  0.49767483371746335
  0.50195389425743320  0.50631542173033017  0.51062181087885783  0.51491499329722301
  0.51924823062592862  0.52367224855042960  0.52805226480492995  0.53226363700277335
  0.53635648665526969  0.54049890847163906  0.54488404135564172  0.54935763354806255
  0.55395017272617730  0.55855641766525799  0.56334579543884467  0.56811187996388313
  0.57277357264937678  0.57738828045144919  0.58191941147016146  0.58647585996043150
  0.59127840257511410  0.59625469836610689  0.60119215626094735  0.60648761999966949
  0.61195870296362587  0.61755763613006609  0.62331578863505566  0.62930625417842068
  0.63553548240550972  0.64201634156128484  0.64875188627456704  0.65575247474511122
  0.66300262121030873  0.67041998031501404  0.67796223617412466  0.68553912352866420
  0.69338711929327845  0.70183090564252204  0.71117743676081591  0.72174452924284316
  0.73326385086104429  0.74614172025545011  0.76043158744173733  0.77701692016920243
  0.79719484929722728  0.82426496663079551  0.86845316678539308  1.00000000000000000
   2.3953478998047996E-008  -1.0000000000000000     
 F F F F F F F F F F F F F F F F F F F F F F F F F F F F F F F F F F F F F F F F F F F F F F F F F F F F F F F F F F F F F F F F F F F F F F F F F F F F F F F F F F F F F F F F F F F F F F F F F F F F F F F F F F F F F F F F F F F F F F F F F F F F F F F F
  <DiscreteSampler_grid>
  grouped_processes
  1 # 1 for a reference and 2 for a running grid.
  10 # Attribute 'min_bin_probing_points' of the grid.
  1 # Attribute 'grid_mode' of the grid. 1=='default',2=='initialization'
  0.0000000000000000 # Attribute 'small_contrib_threshold' of the grid.
  0.5000000000000000 # Attribute 'damping_power' of the grid.
 # binID   n_entries weight   weight_sqr   abs_weight
    10   10   2.015332295622650E+001   1.380212369233481E+003   2.015332295622650E+001
    16   10   2.015332295622649E+001   1.380212369233481E+003   2.015332295622649E+001
  </DiscreteSampler_grid>
