  0.00459905841889995  0.01235180178191922  0.02165519352607554  0.03118443271429291
  0.04081227692198529  0.05009838111954242  0.05951484755031448  0.06909614007360718
  0.07863318647205689  0.08840852341767214  0.09836905826766779  0.10895554873274231
  0.11963494433243364  0.13000860877899684  0.14001468771456579  0.14998304054999539
  0.16024071827035111  0.17071502210014713  0.18150073625764152  0.19211428623852597
  0.20253767840592649  0.21254708150713672  0.22221603216313035  0.23226797853176581
  0.24269268123390009  0.25313930971200188  0.26333209065476898  0.27378226505634634
  0.28469605267192977  0.29552300154164307  0.30621673833589563  0.31680383346264096
  0.32731287853210161  0.33751589826265938  0.34736619975747662  0.35703956200488990
  0.36660585162751780  0.37650995054691377  0.38693349509123631  0.39729854568936979
  0.40749271224393846  0.41762240899569497  0.42777952451254836  0.43802664270986763
  0.44827553343741716  0.45860091369753647  0.46901622388955627  0.47928008049656062
  0.48934745160029935  0.49923707833161440  0.50914652676682792  0.51929939541324088
  0.52961397159206347  0.54000690346088898  0.55032848848595572  0.56057859535430066
  0.57085252489589144  0.58123283014382787  0.59165965652305508  0.60225313064791786
  0.61332736417438283  0.62456230714877903  0.63574464076802362  0.64685898238701234
  0.65797619044012512  0.66895003848857348  0.67940303928917112  0.68992792415448045
  0.70065988307232874  0.71124072877196298  0.72151834481177546  0.73185219106185306
  0.74239637484235266  0.75258144967366658  0.76248418190375333  0.77258538462245818
  0.78309723290444033  0.79384136866001331  0.80422831202850598  0.81447745824224560
  0.82493146966745634  0.83552893906553716  0.84653215954991712  0.85792397219072536
  0.86961740810276200  0.88091378748171134  0.89184918692394333  0.90300539124518509
  0.91415155536886261  0.92568440821447617  0.93711677185166198  0.94915260992959161
  0.96056943296755981  0.97281329594125909  0.98588940147976611  1.00000000000000000
  0.00293550540143837  0.02259823606901130  0.03952758535881752  0.05325173803944881
  0.06530721783006295  0.07669567861431813  0.08774128463146605  0.09860483759429034
  0.10921266429517212  0.11953766420741899  0.12984627986038336  0.14017457879431056
  0.15024342247041808  0.16033606829285718  0.17045648704907354  0.18069538994520037
  0.19089714403709529  0.20093530466233830  0.21104528333083880  0.22075971154699695
  0.23053973210621845  0.24045063180336293  0.25038077077414755  0.26046977952615330
  0.27080119374659328  0.28152650158126163  0.29222295559978545  0.30266120337863633
  0.31316282987355393  0.32391101787566201  0.33484330438833715  0.34572370969245997
  0.35646626397829112  0.36713688290701879  0.37764086681429204  0.38789960348550434
  0.39796070555299012  0.40789144806880362  0.41769533455352670  0.42733041195826948
  0.43702968539500098  0.44680002884806241  0.45658149132256076  0.46691312963866716
  0.47774449745090258  0.48895011595570798  0.50005906417622081  0.51101847172214532
  0.52187367773822024  0.53252408175235622  0.54286980063284607  0.55315410288026656
  0.56346164183850678  0.57373253865258700  0.58355901969906954  0.59305521985879828
  0.60255134847227598  0.61274754381625385  0.62343822969083218  0.63384832058698948
  0.64404788434103377  0.65420201150116908  0.66449502258850457  0.67430123343662052
  0.68381255054397472  0.69335741535636020  0.70289997688607009  0.71250972170570970
  0.72210793076529856  0.73208755911379009  0.74241628988697550  0.75280130535840228
  0.76301153232569308  0.77317473601429720  0.78349524180893104  0.79382171961622250
  0.80404409227040008  0.81425171675118313  0.82485502215257633  0.83540731095245080
  0.84530318594391185  0.85544709524879459  0.86607063701384546  0.87656152156403555
  0.88727820313264194  0.89761741459287370  0.90852436733043918  0.91920153647375524
  0.92951994610509259  0.93976710723341261  0.94962124519776270  0.96007985749272939
  0.97072538732548863  0.98154837720487964  0.99103405370156772  1.00000000000000000
  0.00034430020420243  0.00159340646605922  0.00213399832251338  0.00251197022462311
  0.00281383279311203  0.00306132897480003  0.00328342081497307  0.00349799049635884
  0.00370602343060418  0.00390321666205175  0.00408844627718037  0.00426888069021343
  0.00444667249902763  0.00462396660445858  0.00480118643368923  0.00497812289102196
  0.00515199109464691  0.00531774764653345  0.00547492788893071  0.00562687948692758
  0.00577652066540798  0.00592544235906279  0.00607056525236353  0.00621275602465326
  0.00635240423091216  0.00648944456365700  0.00662571428320707  0.00676327334519240
  0.00690141704630170  0.00703718905055356  0.00717452113948844  0.00731011669833412
  0.00744544940480493  0.00758563523327857  0.00773077004095700  0.00787831500954614
  0.00802622077177111  0.00817461370625113  0.00832391483602225  0.00847328997401562
  0.00862619899192663  0.00878632747674422  0.00895417413837210  0.00912334889345525
  0.00930718779148258  0.00949864110517916  0.00969469609283506  0.00989427415011429
  0.01010123330265022  0.01031508602778151  0.01053232709415364  0.01076984191339040
  0.01102302763225082  0.01127568817728059  0.01153646043339252  0.01180633298989438
  0.01209086035578897  0.01239228393235684  0.01270466081325900  0.01301972831562176
  0.01333708597189414  0.01365750796693037  0.01400240350167452  0.01436418775366393
  0.01474498715240732  0.01514377539023496  0.01556415295801660  0.01599334377921929
  0.01646997573821704  0.01694476541979520  0.01746240133363749  0.01801737626300930
  0.01862884566119907  0.01928272703951408  0.01995378789825782  0.02064393836456145
  0.02136484639691567  0.02214788613730378  0.02298284448633074  0.02390789909615264
  0.02495226426561283  0.02611651501041978  0.02740553645591642  0.02882455905490817
  0.03029795844853178  0.03193815684236819  0.03388365986137415  0.03621832595119889
  0.03907582180782608  0.04260554011321842  0.04678676987105608  0.05179894432804402
  0.05846615347647609  0.06822824401311746  0.08885778543708887  1.00000000000000000
 -0.00246867172126289  0.00966238788737868  0.01991967079321587  0.03040835428919955
  0.04072557810902238  0.05102809465364564  0.06121269725538726  0.07116772710843604
  0.08154292355547695  0.09237442807334675  0.10322805406528458  0.11375667603964110
  0.12426892635301472  0.13528111572786197  0.14629752359328058  0.15675750723882317
  0.16705575500398803  0.17738441029242213  0.18773978918238532  0.19813991679083337
  0.20830716148562792  0.21824261720891422  0.22822835168804401  0.23856405825718507
  0.24892777699934063  0.25898698669140968  0.26913810855977360  0.27996149981136809
  0.29085534049958900  0.30170758475516318  0.31214680658350341  0.32259410089219409
  0.33269643448237196  0.34366315462472191  0.35420085263247408  0.36534392694640877
  0.37615094866434035  0.38699548204458151  0.39810276883237550  0.40929850181379640
  0.42032449719877285  0.43090490144612353  0.44141732366776831  0.45230246054397438
  0.46301871292822533  0.47386191193408050  0.48496762201278804  0.49600549616113576
  0.50703354967621550  0.51780796513401439  0.52836641544424612  0.53883540818181341
  0.54912614193945608  0.55909711722052891  0.56880801219254118  0.57860213426575990
  0.58897112187496414  0.59988265495565041  0.61045187712159465  0.62072910290321870
  0.63111051162411802  0.64148202919622899  0.65126380597629840  0.66071806364479835
  0.67041528953577634  0.68055325248610743  0.69083031428826436  0.70099387739670360
  0.71118268684178376  0.72148184811030414  0.73208975046132685  0.74269916192087282
  0.75316521901431366  0.76324759464601655  0.77337360558342805  0.78371658846748671
  0.79442624410151474  0.80540204997812470  0.81617837041860564  0.82678053662650408
  0.83744997033094193  0.84837167665385105  0.85918355332917751  0.87031290802283456
  0.88133816552752042  0.89187502253359929  0.90211672109118679  0.91199635962313963
  0.92207785041499390  0.93235696147476133  0.94326030238475278  0.95458574465990431
  0.96561972136831964  0.97674643177293874  0.98824291434775202  1.00000000000000000
 -0.00238841521985270  0.01000700512709086  0.02006565750517826  0.03043407405468072
  0.04102783443880727  0.05080166043034305  0.06032516830038190  0.07003471602619631
  0.08001631430808831  0.09005669540997906  0.09959194077832499  0.10951591822549400
  0.12001889151883900  0.13053491128112316  0.14069229940513939  0.15067651800201973
  0.16080230268047105  0.17122831930373070  0.18160899485558224  0.19185031302755265
  0.20189900430024987  0.21200778389549410  0.22223704582292894  0.23223455674296634
  0.24225405057503061  0.25199870321369594  0.26261921927052989  0.27312655169716865
  0.28426637220118439  0.29506151631432448  0.30605872663027173  0.31663798743710342
  0.32704961983483244  0.33731219795961542  0.34785796013974279  0.35826342236425868
  0.36830641687592869  0.37834659018638983  0.38867283846897133  0.39930076774625528
  0.40993498501257580  0.42113959629727493  0.43260595616225439  0.44388339983809494
  0.45486780906703550  0.46576027674259929  0.47666831754058864  0.48745422817088696
  0.49841089706046532  0.50962571294718095  0.52112134831678802  0.53304605775602720
  0.54478564472585789  0.55591020802234881  0.56739348257542688  0.57875955375622068
  0.59018268116111261  0.60141990007624813  0.61271006069598766  0.62361305461960259
  0.63447434800765090  0.64533694741419090  0.65654603115128596  0.66794205857911337
  0.67980477650681503  0.69158685841570311  0.70278753789254411  0.71374681441140353
  0.72416237294140939  0.73449297781038647  0.74448552216057595  0.75436078600674472
  0.76412116022566312  0.77406955390841126  0.78420020063096874  0.79433895166369028
  0.80433376789898947  0.81449671866285922  0.82498832655820376  0.83541223893107808
  0.84561654848324519  0.85614012101935033  0.86703523793918469  0.87774345732958703
  0.88769278572253296  0.89774140208791831  0.90791607502805416  0.91806195147878789
  0.92785724354996135  0.93789693183195855  0.94840667196687090  0.95912778906546914
  0.96950370438674194  0.97973540129477277  0.98984673605997264  1.00000000000000000
 -0.00256933241952990  0.00993764166713352  0.02034578768301193  0.03117478351494030
  0.04234556574815644  0.05361180613642216  0.06450444589441719  0.07507155326481188
  0.08547877334180132  0.09556473891078340  0.10598689922476875  0.11607822320716717
  0.12625656944626723  0.13633083966596490  0.14633321189253257  0.15664504479026087
  0.16693485406501701  0.17718511513256952  0.18762785611239824  0.19792523683641175
  0.20841832948000746  0.21866002835077122  0.22901070383056799  0.24002690182896555
  0.25096356015697502  0.26179426231568720  0.27262234297386245  0.28327533054231813
  0.29372401583489510  0.30394041677577655  0.31422142941902181  0.32472442705002863
  0.33476732830365213  0.34513239355540259  0.35542291815851335  0.36584100789664908
  0.37629650750206439  0.38668774112252136  0.39703515122742755  0.40726067514959929
  0.41760155788786330  0.42824761690332819  0.43865859907305893  0.44880955960842822
  0.45929038036041697  0.47009998376547957  0.48080234425965462  0.49135747220466292
  0.50181476126090097  0.51274407918396114  0.52381663877275109  0.53508890621432836
  0.54614232660674855  0.55702283322123969  0.56774261700674611  0.57820613581618341
  0.58822747430363709  0.59791766054574758  0.60765488407709700  0.61729849604259635
  0.62703993945616410  0.63709059156604597  0.64731446409159177  0.65757235986009954
  0.66790339461440795  0.67877698706042267  0.68978153263111119  0.70054372075213689
  0.71127943878564315  0.72211378413532235  0.73286242167341875  0.74367824147445749
  0.75462025504733110  0.76556228847019903  0.77644021117989426  0.78749665481727305
  0.79850091596846029  0.80974744542423449  0.82099772548163918  0.83218211113155205
  0.84279940011680476  0.85350605405879454  0.86405554976173626  0.87477336383780013
  0.88597022889942834  0.89684400018002319  0.90725160658333004  0.91756704721933369
  0.92782628208046525  0.93824227186282894  0.94854705970422160  0.95887926949334701
  0.96906792194777902  0.97897078544158356  0.98945030295478620  1.00000000000000000
 -0.00282762993950161  0.01071835631231980  0.02153850146948611  0.03204872495392789
  0.04216751590773703  0.05254115272511715  0.06334304330148940  0.07497132087420541
  0.08638557293059650  0.09739639084094268  0.10792245359999751  0.11831202274696197
  0.12888650022688206  0.13939175773298060  0.15003549659915585  0.16038186579476010
  0.17055926569356838  0.18082156316815198  0.19169891214954365  0.20265805907229087
  0.21332606206964327  0.22381381852770921  0.23388702400897313  0.24373258417381660
  0.25343466224637451  0.26363133582064591  0.27382088863662296  0.28397290851864654
  0.29385781809241551  0.30465085519665591  0.31516424629035633  0.32556035980301667
  0.33591694876866984  0.34661342018349545  0.35731744552085482  0.36749323432416370
  0.37779717115621925  0.38828555000600218  0.39900558618504378  0.40987335718854567
  0.42074751244893582  0.43148695054269831  0.44228354219910593  0.45277149776233511
  0.46339725632514989  0.47420702923851599  0.48530750821617707  0.49657288343205996
  0.50723569277523273  0.51801262270636173  0.52849472545066789  0.53889710043622918
  0.54958132457001796  0.56069397469563775  0.57221364667644503  0.58339173932365995
  0.59388358842484412  0.60439482246222909  0.61499133026473396  0.62553209819191002
  0.63596242231112410  0.64617679116399873  0.65631568776440730  0.66638989790471992
  0.67634614340905042  0.68629766389342817  0.69641309464627177  0.70678563866266042
  0.71783076784791289  0.72925810733299390  0.74039808921201711  0.75164351541985486
  0.76255844868207834  0.77349477093883190  0.78394433774330918  0.79476242112876727
  0.80520551388397110  0.81561069683182286  0.82597948887858907  0.83644341800152600
  0.84678315555794048  0.85724637066617282  0.86747898199039153  0.87710176368565018
  0.88698820971821879  0.89707542704759169  0.90792370632678154  0.91828010239114333
  0.92866885900129725  0.93909047791428502  0.94959585173996941  0.96014435166236667
  0.97067356124831650  0.98106068871247309  0.99067229499029952  1.00000000000000000
 -0.00222762328723234  0.00952187514314442  0.01962257970472318  0.03087553838469434
  0.04204846762747309  0.05280812797811120  0.06338830338679148  0.07372664883483321
  0.08426641220318347  0.09493668482414805  0.10542229198309379  0.11573735713028810
  0.12600674022732372  0.13632485046276246  0.14698414045642408  0.15758187372870092
  0.16814805394585980  0.17847003849745749  0.18867413983937961  0.19898328333914075
  0.20923843049710139  0.21938724344234808  0.22935705403610560  0.23952136537242322
  0.24955388513682694  0.25958946865089255  0.26948400044580156  0.27940537376519431
  0.28962250125457495  0.30004424118201733  0.31041937182093865  0.32068512692897061
  0.33098210572172154  0.34144423029954485  0.35197120982984054  0.36271020544618265
  0.37362809975823769  0.38468498071661011  0.39563209054861775  0.40637357005167318
  0.41699112176192110  0.42770090429928431  0.43849588705659676  0.44938311902533795
  0.46041688791310809  0.47188380637591754  0.48341051026485543  0.49428101705092181
  0.50518690223309681  0.51592816405663966  0.52665619219612114  0.53732682311264479
  0.54784124220014163  0.55852635692006769  0.56901338568304116  0.57932459681415593
  0.58970175153818982  0.60021118965520914  0.61051186692281700  0.62057777192236663
  0.63063713126482035  0.64094597231521744  0.65127882018421723  0.66156988072825773
  0.67165238218824219  0.68164791102873890  0.69197275930499269  0.70281712686205833
  0.71366969743833719  0.72461385732916161  0.73554338637632588  0.74667113956137521
  0.75776408973122122  0.76886546503816755  0.77945755411515882  0.78980292936099361
  0.80019476581468407  0.81090583441607489  0.82128581853650784  0.83174849871893219
  0.84214777758505599  0.85240782706402241  0.86233246009192965  0.87219594775732900
  0.88210100925727930  0.89233634102370207  0.90302977470739954  0.91416866549449183
  0.92494787315054983  0.93569368036404144  0.94638228617463982  0.95711945878603133
  0.96785569118703074  0.97864220457068885  0.98938295061483916  1.00000000000000000
  0.26734193044329757  0.29071976845978348  0.34324475843437785  0.40639419433158885
  0.45214658603740548  0.47874017102744348  0.49597375556559409  0.50835799315328734
  0.51782552834824513  0.52500903874901161  0.53069219097524789  0.53568211745808803
  0.54017074009058130  0.54424699748983518  0.54803650787684222  0.55165389801158149
  0.55514416567448410  0.55849205916320199  0.56169691205404715  0.56474677473008295
  0.56777293994009148  0.57077079605255421  0.57371404550327543  0.57660094990917621
  0.57951129477727703  0.58242569590205939  0.58528325267654135  0.58809174400704334
  0.59091378935424044  0.59367769889157340  0.59643277478056578  0.59920046358023393
  0.60200402009053955  0.60481323805888443  0.60757239468567925  0.61030118319154203
  0.61302672152706261  0.61576703285150636  0.61854458059702166  0.62135139902936420
  0.62415730510886280  0.62694916267941680  0.62970361013545872  0.63243127334467664
  0.63521349064893817  0.63800399690354315  0.64078652637323907  0.64355634778927095
  0.64631311797566715  0.64910751333912364  0.65197684480014562  0.65484770862153618
  0.65779083567644525  0.66078626550626463  0.66379295463536891  0.66684273860922916
  0.66994950237662521  0.67309737674397274  0.67626754731525585  0.67945504374124177
  0.68268842154266096  0.68603384533967604  0.68953438639207143  0.69315946667481232
  0.69674641486018563  0.70033052808030982  0.70391896122369368  0.70757275296214850
  0.71141113207367679  0.71535459665422774  0.71936217567642768  0.72340613717069246
  0.72759487974179626  0.73198505619897969  0.73653596360208218  0.74117717103275482
  0.74584685905707748  0.75061106005625600  0.75560030827141555  0.76085068204188289
  0.76625419538929529  0.77185801377427166  0.77775986584140089  0.78382342117228232
  0.79019208679478403  0.79701811392201516  0.80428531428195926  0.81190994445354703
  0.82039717202909057  0.82960731505643337  0.84000401154805848  0.85196767880682100
  0.86622235899466482  0.88496996700032549  0.91422172412127067  1.00000000000000000
 -0.02101253192187287  0.13083251429573806  0.17595651753145922  0.20278887056597786
  0.22293253376238276  0.23966463389902393  0.25428902322659430  0.26687139238079693
  0.27861227854456538  0.28923800304938546  0.29844659191275041  0.30677587702654091
  0.31481753495105669  0.32266639156469085  0.33017861025358586  0.33725631584741422
  0.34396362602829256  0.35051569139960548  0.35698083118921137  0.36323622421736124
  0.36938735241445042  0.37531720180255362  0.38085182308389376  0.38616483828179460
  0.39150409123476493  0.39673623398484875  0.40182937960161091  0.40696028324971445
  0.41193914155457856  0.41682124154416894  0.42160109015495928  0.42629317828702690
  0.43100821747219353  0.43577609342903717  0.44050095225009905  0.44526361982502627
  0.44991550969885458  0.45451735713844310  0.45906415660785488  0.46368763432011173
  0.46836017047615663  0.47303964033402507  0.47768576561947196  0.48216766004729311
  0.48649769797780673  0.49082563555142233  0.49521579239090563  0.49960183137871561
  0.50403434232456212  0.50844875939083245  0.51281736386584653  0.51711748203120977
  0.52132252683837033  0.52549574139352528  0.52966376634532519  0.53403588197926211
  0.53836329153900286  0.54287123600989828  0.54735984286573169  0.55193381487507009
  0.55661172841492756  0.56138976587168743  0.56625329061606644  0.57104658056488555
  0.57570764788443829  0.58037575171412437  0.58517455729795032  0.59007491372039422
  0.59513627290053728  0.60023353380160294  0.60566279232459541  0.61107853475406804
  0.61656213691073281  0.62209746606140170  0.62765414506361095  0.63327744370374572
  0.63898491882350528  0.64488868268856969  0.65125387058747919  0.65798373714070058
  0.66484903923753635  0.67197657392008781  0.67936612680405373  0.68707211302622428
  0.69538692535776669  0.70408742529288493  0.71335372962722265  0.72324596095664018
  0.73410443952784854  0.74618619716380019  0.76013516992441266  0.77681052433101894
  0.79711694674617073  0.82364480100502580  0.86899117340984755  1.00000000000000000
   6.6525498315588450E-009  -1.0000000000000000     
 F F F F F F F F F F F F F F F F F F F F F F F F F F F F F F F F F F F F F F F F F F F F F F F F F F F F F F F F F F F F F F F F F F F F F F F F F F F F F F F F F F F F F F F F F F F F F F F F F F F F F F F F F F F F F F F F F F F F F F F F F F F F F F F F
  <DiscreteSampler_grid>
  grouped_processes
  1 # 1 for a reference and 2 for a running grid.
  10 # Attribute 'min_bin_probing_points' of the grid.
  1 # Attribute 'grid_mode' of the grid. 1=='default',2=='initialization'
  0.0000000000000000 # Attribute 'small_contrib_threshold' of the grid.
  0.5000000000000000 # Attribute 'damping_power' of the grid.
 # binID   n_entries weight   weight_sqr   abs_weight
    10   10   1.315319355827195E+001   6.045034931384382E+002   1.315319355827195E+001
    16   10   1.315319355827195E+001   6.045034931384373E+002   1.315319355827195E+001
  </DiscreteSampler_grid>
