  0.00492151242657223  0.01129156845496939  0.01941998484466227  0.02922266360219923
  0.03953906203001305  0.05046764087254948  0.06141839862772206  0.07216684165392820
  0.08272763980264268  0.09262795971384485  0.10241569054879342  0.11183410060962472
  0.12132233625704268  0.13105683362879605  0.14107374406718579  0.15110159627776562
  0.16132199539112393  0.17163263339678711  0.18220044288304629  0.19268001252295125
  0.20319289289814210  0.21375112752731876  0.22416042591664448  0.23421994517644565
  0.24411000024713408  0.25417160282083628  0.26446968427789935  0.27487737543637070
  0.28529570866396886  0.29614540263598832  0.30720727428002453  0.31780749882608678
  0.32793045207605370  0.33801841967459134  0.34840326307505093  0.35864324448685442
  0.36859269640330877  0.37892777648547582  0.38964985572828315  0.40046767964324931
  0.41134477158380306  0.42228044019545319  0.43336074248555084  0.44436810375343966
  0.45505343736412462  0.46565501746168236  0.47652288208371096  0.48795469836523830
  0.49959147191418257  0.51083745236314826  0.52193482746146724  0.53295023952644616
  0.54397101518839042  0.55479624628075130  0.56504371516066321  0.57459057419663240
  0.58410155618010928  0.59397996803171604  0.60422231681693661  0.61465657168150967
  0.62508492597287102  0.63571483237361481  0.64646637188898781  0.65699153675175559
  0.66711396530454836  0.67716683808008482  0.68753884339032634  0.69805322243983436
  0.70835443507646256  0.71831943645173846  0.72827332233379172  0.73844449055534778
  0.74889524507196892  0.75962615417943102  0.77038477849165221  0.78097954707522743
  0.79150859990092592  0.80223063234718262  0.81305387705002363  0.82390498074856022
  0.83456829920986797  0.84497674307940573  0.85519271415473186  0.86545415307247686
  0.87603439391517757  0.88669805257016354  0.89753249798064749  0.90829152380029843
  0.91907563582029406  0.92951140639537144  0.93994980606107370  0.95059357407172163
  0.96175694838636216  0.97365458365527269  0.98627340448580014  1.00000000000000000
  0.00310086814988775  0.02161757389705621  0.03772733221230987  0.05046284740444616
  0.06183542376252683  0.07298522867800687  0.08399019533750557  0.09495504643149008
  0.10582887789048939  0.11685373398830694  0.12765031207434482  0.13807622460105837
  0.14858625593176905  0.15907682213883251  0.16942931543693651  0.17954130520222256
  0.18973661319440907  0.19985516512082147  0.20975536818093063  0.21950613557650431
  0.22910989249444272  0.23864857902717249  0.24808486806229513  0.25782553635508004
  0.26785432105520379  0.27791624271481796  0.28790278453885421  0.29804095149362242
  0.30845664192527344  0.31890076638419740  0.32926387156088760  0.33950240308631230
  0.34952693981917354  0.35969723694382671  0.36978672734417717  0.37977051420702229
  0.38962852382400237  0.39982625793139309  0.41010056285858765  0.42052631520262479
  0.43084247749664273  0.44132323897818471  0.45165032875295358  0.46195043620801840
  0.47228692343508533  0.48248440336081183  0.49240552956982708  0.50255503426612147
  0.51269919210177028  0.52260172674929539  0.53207314022845209  0.54146458650433416
  0.55132159311003648  0.56150534446501998  0.57141622526851166  0.58125859938157365
  0.59126244734922084  0.60150711650774780  0.61217119096000350  0.62272666313956948
  0.63368487972671317  0.64423313611270883  0.65514857704588791  0.66603107229171710
  0.67665411696158539  0.68693131800105656  0.69694555831621741  0.70702309304024513
  0.71729928893065176  0.72761027671472223  0.73770209149635213  0.74757577699965383
  0.75771527872588473  0.76789184892994844  0.77801288358610943  0.78797065819887058
  0.79824695705569126  0.80848786374084736  0.81905274315447252  0.82945387853526609
  0.83984786512725673  0.85019378751710972  0.86089978884536944  0.87174117442114785
  0.88225373187669198  0.89253762773154988  0.90290073769456569  0.91332486791906209
  0.92366614412112524  0.93387973593659179  0.94445340350646612  0.95524868338157309
  0.96601775036755477  0.97684258741624186  0.98831989145044719  1.00000000000000000
  0.00044914220846468  0.00164289255065012  0.00218012358192958  0.00253453882192941
  0.00281414489818757  0.00305497943844680  0.00328124213333066  0.00349814651128727
  0.00370658099831507  0.00390857676177780  0.00410070545384449  0.00428397753359225
  0.00446150243291167  0.00463950808779801  0.00481728337082929  0.00499613012450578
  0.00517332873234253  0.00534556033823232  0.00551228401476619  0.00567151927276515
  0.00582654229224096  0.00597607982634249  0.00612156008670371  0.00626519720930642
  0.00640729152008532  0.00654781171697135  0.00668569218403645  0.00682661064892775
  0.00696718035052283  0.00711113146112036  0.00725919599701917  0.00740711030998427
  0.00755463812364555  0.00770494845541835  0.00785537683425555  0.00800400528240661
  0.00816508220529242  0.00833226695841249  0.00850413959799158  0.00868195164160782
  0.00886079987928974  0.00903938348762360  0.00921966116653845  0.00940270578414958
  0.00958907755145194  0.00977566739349819  0.00996964721591655  0.01017099462117602
  0.01037864583331545  0.01059867339616225  0.01082732335268246  0.01105976993390296
  0.01130195262363121  0.01156126183589519  0.01183208650938061  0.01210673657142614
  0.01238827613280469  0.01267949021437101  0.01297882197181356  0.01329745074182046
  0.01362336612309724  0.01395339224419004  0.01429071645776184  0.01463254602070748
  0.01499068514837638  0.01539656958891884  0.01580711589219694  0.01627582423193985
  0.01672981057920015  0.01723648284218660  0.01777170561404522  0.01833975078454476
  0.01895430912740213  0.01959203995906927  0.02029039586875926  0.02104017741451790
  0.02183720948897262  0.02270360217479301  0.02364958947786459  0.02466834543200743
  0.02579108773881395  0.02704705144933520  0.02842228112653467  0.02996583435051245
  0.03179264581270365  0.03404093060074691  0.03665860584359772  0.03963415747833479
  0.04305536729914607  0.04696329103695610  0.05161743071941348  0.05788548655170066
  0.06707913477498459  0.07956845310468827  0.10754638267219235  1.00000000000000000
 -0.00269090430254202  0.01007047389212974  0.02043169920521862  0.03049794823635511
  0.04082947509930113  0.05155699550049474  0.06225416013177232  0.07249323629065897
  0.08245007946449918  0.09274328414111307  0.10319641342314849  0.11381735258880214
  0.12450622976042514  0.13536935563003769  0.14648224010254904  0.15773773049640902
  0.16890136053559629  0.17979413348739451  0.19039426284596439  0.20117902847701868
  0.21191387965023781  0.22242427890477734  0.23251631331497691  0.24233627947103423
  0.25247098032132315  0.26291525699198859  0.27377379374793898  0.28480773052291880
  0.29602470322527280  0.30740492415590126  0.31862150308307957  0.32950726899793170
  0.34021457769191449  0.35099907924930779  0.36200455805951881  0.37318240853467177
  0.38431819591290711  0.39543190229501363  0.40656215512943389  0.41758647135498894
  0.42866960909547502  0.43970458991025779  0.45057731390230821  0.46119601120013548
  0.47154563742218791  0.48189934549329205  0.49237057875880197  0.50289956201538533
  0.51341449363886993  0.52374246473982400  0.53384341788757939  0.54371804133877233
  0.55360156620246548  0.56376527344840288  0.57428930188534599  0.58483317141911750
  0.59538720812600665  0.60577787807846861  0.61597614956045110  0.62590100151482664
  0.63569924572289505  0.64561349223427944  0.65547729050516756  0.66547462004086955
  0.67593463703857848  0.68663756631357453  0.69732432650455356  0.70808789961296259
  0.71929659339293461  0.73059903639032608  0.74167194305244089  0.75242689490394776
  0.76284792657810030  0.77302940506657969  0.78315615182551856  0.79327614539038438
  0.80356968531636330  0.81388737960517343  0.82401409718431196  0.83393140696724444
  0.84416074372199190  0.85461336021916334  0.86545289809393944  0.87597688941545160
  0.88661497871730122  0.89746057288524594  0.90860782578980570  0.91943211986568807
  0.92987407256408727  0.93982388591967714  0.94941567361214874  0.95892320262558384
  0.96859297254007093  0.97842551073153849  0.98902328567752995  1.00000000000000000
 -0.00237148626275348  0.00967194877957558  0.01989552542169667  0.03067862229639693
  0.04158467647609560  0.05301584142710983  0.06416600057306110  0.07470784193016722
  0.08522535246189748  0.09505701110716354  0.10477462847712160  0.11400542749154616
  0.12318792378419885  0.13298103611003118  0.14285269875141710  0.15320933873604670
  0.16355312298508529  0.17429216078499848  0.18529859951262106  0.19623747499215069
  0.20713498258899540  0.21794436755052890  0.22860991402726150  0.23898700615726262
  0.24907677510642226  0.25916252466966738  0.26956554200380434  0.28036223263547277
  0.29138280190339116  0.30258667814130535  0.31385674721526274  0.32518070302771401
  0.33622571003703189  0.34687192902451242  0.35737036881573520  0.36794300401229613
  0.37833395083976812  0.38848105449265535  0.39860362714499092  0.40871210816531406
  0.41894807833389114  0.42916669100522992  0.43932529625206435  0.44929879184948412
  0.45929301512290849  0.46957830161673370  0.48022460996349775  0.49104242666268449
  0.50156686575438059  0.51225017029091668  0.52310373565632307  0.53417411861392350
  0.54497562031217983  0.55569635559499719  0.56629414917243437  0.57696025866329459
  0.58735938127823228  0.59827399866546438  0.60904598818878908  0.62020083402533599
  0.63082344342757513  0.64187576605677188  0.65236458263824582  0.66306235109319223
  0.67355112425031227  0.68419629001954851  0.69457586104486913  0.70472785403840521
  0.71503174124978264  0.72509114756371307  0.73552849966099410  0.74578142764527566
  0.75668424911132148  0.76770709616679744  0.77831552704171136  0.78897131539932552
  0.79953329415548158  0.81046205501599111  0.82096497762906551  0.83139890516009118
  0.84168602717165064  0.85188529595629581  0.86184808774343524  0.87178531393133341
  0.88198214189802404  0.89240739048761142  0.90307403596140479  0.91381576771211614
  0.92431871019998402  0.93485671433682771  0.94536076074505337  0.95587806546038512
  0.96641387145417290  0.97719286038277375  0.98849415215233460  1.00000000000000000
 -0.00232569463152623  0.00928645841227385  0.01881098659164573  0.02925161128531088
  0.03988268693722275  0.05107608633140701  0.06225963544218928  0.07284132988029399
  0.08326200224272488  0.09314649010635771  0.10347231989192933  0.11405397608781077
  0.12487200889025889  0.13547943357208972  0.14617903008038804  0.15701714667020475
  0.16797230628027540  0.17889808722737391  0.18983622413377590  0.20077334252756326
  0.21129044486730300  0.22118584570223621  0.23089309794974044  0.24056721337086365
  0.25027906899469671  0.26001295076201958  0.27006861170429519  0.28103026725586455
  0.29223416453825724  0.30369713499742862  0.31513024155085384  0.32696769337596154
  0.33858257995654450  0.34994116704833567  0.36090143686604098  0.37172627312987783
  0.38234827369276453  0.39287791258902438  0.40361834851778705  0.41454181623700309
  0.42558143308262508  0.43653297670867308  0.44724320863770545  0.45778259606067589
  0.46822046060472472  0.47865517827712889  0.48912568492278535  0.49958038545018907
  0.51011961013887019  0.52068267278318303  0.53116243481786696  0.54125347189157813
  0.55106206734265750  0.56087796391532785  0.57075504938834087  0.58062704255290076
  0.59079497004073589  0.60105619436240898  0.61149642522173164  0.62208159727312762
  0.63273308219326174  0.64349825058558574  0.65358977360860848  0.66364370638979986
  0.67360533011295765  0.68332390525154585  0.69324311782650039  0.70341132567680742
  0.71359520705024115  0.72352951886754735  0.73341678872628158  0.74383538683915473
  0.75426782316392305  0.76482155061213564  0.77554340416199263  0.78722388983296188
  0.79843477679489894  0.80904603233180139  0.81967202341423917  0.83045278508224996
  0.84132502998845604  0.85189315004689314  0.86244625871016189  0.87271470262504103
  0.88286420855813907  0.89315417222068216  0.90377043609573193  0.91471130568582726
  0.92548405119417554  0.93630657411868468  0.94722017791888835  0.95794299228920521
  0.96838034763656233  0.97863685138143519  0.98925245154810615  1.00000000000000000
 -0.00247207039562709  0.00970621657367585  0.01973097115345109  0.02997755842525535
  0.03966379132973655  0.05011912406648703  0.06047181320867873  0.07142273078231706
  0.08260559848625890  0.09385112226856969  0.10504028047985652  0.11603650273643694
  0.12705170215310954  0.13786051535752517  0.14831364007401535  0.15865479965293661
  0.16904486291885559  0.17946811911712648  0.18959516376081179  0.19960381667150476
  0.20996284227073433  0.22053192554751025  0.23103026805296045  0.24131163007878559
  0.25179166842241885  0.26259314751042018  0.27334617743845607  0.28405206662443205
  0.29443955764067842  0.30467949682659612  0.31494459474949960  0.32531089734526869
  0.33610469581800867  0.34712524033557457  0.35831210345792464  0.36942168677325399
  0.38035107442277305  0.39108826974183269  0.40145905866166931  0.41153239504375549
  0.42162955860245682  0.43175369063909458  0.44174068659309351  0.45171349397997840
  0.46193225732679954  0.47232873109312534  0.48263389173869614  0.49287126611821991
  0.50335486286509679  0.51387975637518291  0.52432229602692215  0.53495361457785529
  0.54568846056357301  0.55655365052300321  0.56715939526148518  0.57770107047611607
  0.58813818061625034  0.59879479942284042  0.60948311405159172  0.62003577204963090
  0.63038633498430108  0.64053376529246986  0.65056870491829200  0.66072691209637835
  0.67067008938236317  0.68088288629643956  0.69132675165728752  0.70216311404915044
  0.71281380761041246  0.72331845161130703  0.73365700681541945  0.74389422910025749
  0.75408823223814303  0.76422867613294687  0.77405381041534094  0.78380206290742938
  0.79355327989589575  0.80410771577886686  0.81455611152233687  0.82528349917197807
  0.83644038751032934  0.84798553522724174  0.85942329940646500  0.87044807089328713
  0.88129127403817986  0.89212275998239476  0.90323499944386998  0.91467859622810543
  0.92580624068683970  0.93675214288339470  0.94746228488396655  0.95799405060142062
  0.96846397729754852  0.97896945129400847  0.98957807697365519  1.00000000000000000
 -0.00217147184339578  0.01006649450710691  0.02051659703651734  0.03100979351358262
  0.04162842859921756  0.05234297707855658  0.06308746466397448  0.07413178519085979
  0.08553029940095193  0.09684105711304834  0.10774283050187525  0.11811553734469758
  0.12795827161926954  0.13757698853997086  0.14767781185097767  0.15826853950706979
  0.16891134201556895  0.17944837683375534  0.19009330831247850  0.20077852990058995
  0.21131278101050655  0.22202683941743620  0.23273310211021811  0.24342418388671322
  0.25392740585460788  0.26472092197974595  0.27574405600922103  0.28704978020107352
  0.29799350871778424  0.30888209356157081  0.31973664056478346  0.33079792583771322
  0.34188861279592159  0.35270686805684337  0.36368455937941407  0.37452855525165740
  0.38551294086817278  0.39579577545182304  0.40560256098411984  0.41517590858466019
  0.42500304223161306  0.43503969927181846  0.44529698916122856  0.45570725980703530
  0.46619173987047696  0.47632093752363980  0.48655098953779985  0.49673690743194815
  0.50672104292289322  0.51672661008241172  0.52684077812330699  0.53745403024009908
  0.54790772277830668  0.55858649021137829  0.56922801724778449  0.58000856948584245
  0.59004413742635164  0.59958048961168353  0.60921444985284512  0.61899591003175380
  0.62880682786924924  0.63880932870905005  0.64920656328060078  0.66023634802744291
  0.67118273141396645  0.68209458378908783  0.69285829324366055  0.70322466255683691
  0.71355608364258738  0.72419268184727448  0.73468379627491132  0.74542430910476132
  0.75578819660274443  0.76659213478548716  0.77723378605406823  0.78796748007535944
  0.79859441565278499  0.80952932714107018  0.82054022877141231  0.83150309494294850
  0.84200828173598419  0.85264642662680579  0.86300684690585672  0.87308834655329437
  0.88335306705254413  0.89389977439615187  0.90458661971513032  0.91485158255163368
  0.92510847176232458  0.93540815691007850  0.94603189698478396  0.95680343495125264
  0.96790507440473017  0.97867998739919571  0.98941397049085555  1.00000000000000000
  0.07803481504896627  0.38219871808106387  0.42590879484007382  0.45977991200666873
  0.48311596209543778  0.50143956335895923  0.51347680422931019  0.52196889700460514
  0.52784811162132439  0.53297552551146177  0.53767460485965668  0.54188483389400577
  0.54574858823310501  0.54934142487704596  0.55279625724527204  0.55618369759227970
  0.55952336592407836  0.56280814580382743  0.56599863397074313  0.56913715698398593
  0.57224598907801683  0.57526092391421668  0.57829623326571289  0.58129933939147871
  0.58424598572927489  0.58713119929632540  0.58995876855961860  0.59280598407444474
  0.59559793769670044  0.59836519680655254  0.60113329646987035  0.60383180290208649
  0.60649665508261108  0.60917742076313475  0.61187447731651157  0.61460478796876372
  0.61737673972400631  0.62020753381582683  0.62302246695502950  0.62583627533975006
  0.62862891538539123  0.63142532126406581  0.63427811093703512  0.63716679104906071
  0.64008629127738692  0.64299601699634690  0.64593460589207174  0.64885346010440936
  0.65175633153053614  0.65466868238317732  0.65758048094061128  0.66045371055899327
  0.66339903891139684  0.66638829947277933  0.66935136675701346  0.67235822942768841
  0.67534532939740899  0.67836677871077811  0.68144300090125698  0.68459281854473786
  0.68785987638864632  0.69124117514946426  0.69465792686171357  0.69808200158578348
  0.70153800437817293  0.70500690373390329  0.70853365851818584  0.71224165608578327
  0.71602346370103220  0.71981692130229580  0.72366064720207190  0.72762273759757590
  0.73175729205571038  0.73605290827392689  0.74043784973528604  0.74489553808981246
  0.74955175661160611  0.75445414130997546  0.75947891827368630  0.76455746902987909
  0.76975978085580843  0.77522559963272231  0.78095205321826866  0.78682771073822033
  0.79297298678545036  0.79961750555147226  0.80679405175963315  0.81448480700040327
  0.82275573335007823  0.83152786842044224  0.84173300238535642  0.85351202020988604
  0.86771883899626900  0.88551807189624976  0.91230159686460799  1.00000000000000000
 -0.02067608578700685  0.13381692825322811  0.17620095913567452  0.20322770276240423
  0.22345407269449988  0.23969489877671854  0.25336384290580399  0.26519511274473895
  0.27607637473827140  0.28615774306624259  0.29545846189618402  0.30407093853383566
  0.31220981280146237  0.31980477971374627  0.32711457138289224  0.33409896752815538
  0.34079061656608173  0.34738280811065469  0.35382994570670756  0.36004719284445880
  0.36606249956749520  0.37194280820461528  0.37773286864518180  0.38333951158238233
  0.38887667804662485  0.39420937951611934  0.39930526620334356  0.40417746424375711
  0.40923811325700649  0.41432257551017632  0.41930141032724089  0.42417511023256932
  0.42891326148589315  0.43353902805734068  0.43817265766044611  0.44281120740720065
  0.44744913564933891  0.45208628680677004  0.45666921816310796  0.46120371206431771
  0.46566900089674440  0.47014082870289092  0.47461023292079196  0.47910881174883085
  0.48361223923391583  0.48807471739707481  0.49253645325381451  0.49699066580272649
  0.50142550043602463  0.50584111484161731  0.51018752601713535  0.51448131323720303
  0.51889284697712257  0.52336547442606318  0.52782096019889457  0.53227591481401881
  0.53673468179055095  0.54123054685582050  0.54578062844503539  0.55032331489639374
  0.55487957109338748  0.55961362577384721  0.56432639105392957  0.56902998090444612
  0.57368618706470675  0.57837982666377397  0.58318375369196518  0.58819897130713983
  0.59330966357853365  0.59841295786031401  0.60356543850314648  0.60879582642035457
  0.61410785995382511  0.61944407260669831  0.62495875680077717  0.63083948460639949
  0.63698947998710220  0.64313309848111011  0.64947856159817152  0.65593897192958839
  0.66266373948961454  0.66980046116371983  0.67730969149536158  0.68503684941957665
  0.69328447175538988  0.70231343673133806  0.71212516341967413  0.72258998576665501
  0.73396148515944060  0.74637830360491986  0.76030721266093404  0.77653728500719166
  0.79750410534844485  0.82399513885413800  0.86674471655772256  1.00000000000000000
   6.6938737962876595E-009  -1.0000000000000000     
 F F F F F F F F F F F F F F F F F F F F F F F F F F F F F F F F F F F F F F F F F F F F F F F F F F F F F F F F F F F F F F F F F F F F F F F F F F F F F F F F F F F F F F F F F F F F F F F F F F F F F F F F F F F F F F F F F F F F F F F F F F F F F F F F
  <DiscreteSampler_grid>
  grouped_processes
  1 # 1 for a reference and 2 for a running grid.
  10 # Attribute 'min_bin_probing_points' of the grid.
  1 # Attribute 'grid_mode' of the grid. 1=='default',2=='initialization'
  0.0000000000000000 # Attribute 'small_contrib_threshold' of the grid.
  0.5000000000000000 # Attribute 'damping_power' of the grid.
 # binID   n_entries weight   weight_sqr   abs_weight
    10   10   6.081711334572042E+000   1.726430399267903E+002   6.081711334572042E+000
    16   10   6.081711334572044E+000   1.726430399267905E+002   6.081711334572044E+000
  </DiscreteSampler_grid>
