  0.00487297175878507  0.01192396035336355  0.02142175230491886  0.03102234228597064
  0.04096632645983269  0.05079472094636960  0.06043344436637078  0.07004363624326376
  0.07952337829642506  0.08914485622359747  0.09910846218864340  0.10913004065056497
  0.11925810542430280  0.12926847576071498  0.13946505488791267  0.14940080196889088
  0.15950832004399418  0.16950455344818915  0.17975485657951651  0.19027173346220733
  0.20113108182473188  0.21220009097069537  0.22252158973787683  0.23304746273275892
  0.24377072630330671  0.25436391310980733  0.26487283423500729  0.27526447588689262
  0.28623550832020733  0.29707392775149388  0.30743186168514813  0.31745598788363727
  0.32789346280274151  0.33895742223240721  0.35030950347114526  0.36128670509941913
  0.37220920640456007  0.38305668439296492  0.39372099364575119  0.40426837345927519
  0.41484683556762258  0.42578662085009711  0.43689113257520074  0.44790413059259848
  0.45860298048736942  0.46908940957710477  0.47982207185759934  0.49064993529033352
  0.50148883969400737  0.51225446766134675  0.52297551566665612  0.53370454167460901
  0.54463397625261023  0.55567388915660154  0.56677436352623756  0.57753482617631235
  0.58790463675781535  0.59799345850659491  0.60824447405269033  0.61855844217443712
  0.62900029926163747  0.63904242092902208  0.64909203871293952  0.65925728153732788
  0.66950413915027762  0.67951921103200208  0.68990171596411132  0.70030723492685709
  0.71050384090828145  0.72017310845149674  0.72992764833986934  0.74020012057178408
  0.75029481400868425  0.76110913756824006  0.77153720341426102  0.78282605344229528
  0.79355872608450628  0.80449435017826465  0.81499563402455533  0.82554914175879746
  0.83614443830743346  0.84665781434625131  0.85720228942700449  0.86771402303765133
  0.87818416924916398  0.88860331118092961  0.89900392693883091  0.90986309025096068
  0.91994809234348474  0.93030749270874147  0.94087182351140120  0.95195819802439297
  0.96300538749554521  0.97408817632295763  0.98663774857072872  1.00000000000000000
  0.00251664678210859  0.02017357285748326  0.03551810776629853  0.04827527942505386
  0.05987426674318605  0.07060925213056485  0.08105162817785209  0.09138595025500013
  0.10159197977122807  0.11147332260690618  0.12120661960670122  0.13091781076878714
  0.14052200930228356  0.15032272263701699  0.15975525585517539  0.16949573827233247
  0.17925826964689520  0.18933232112337428  0.19982826728134342  0.21040115799618025
  0.22063988697630771  0.23079796107002420  0.24075198565042355  0.25071385658389594
  0.26084139002008022  0.27074950173622520  0.28057170161726031  0.29031266272175149
  0.30032244487960214  0.31019327132623659  0.32032994449238911  0.33023739906293909
  0.34017459648824344  0.35019181228265461  0.36032170858704959  0.37061603423236605
  0.38078252351046832  0.39088664028768649  0.40111585748991624  0.41144660162341429
  0.42199384461497469  0.43259732178017901  0.44312385326914694  0.45355470742316595
  0.46417542204770046  0.47482318910175741  0.48537711483757440  0.49590059493397448
  0.50642176900726188  0.51673527532749453  0.52677455102894288  0.53659380207783469
  0.54631550388560590  0.55603114312880020  0.56586322013944779  0.57586214910220990
  0.58585040199162697  0.59579769878613631  0.60590075278117550  0.61621569030914936
  0.62678734330289843  0.63750668791519693  0.64819276246337565  0.65869228908838351
  0.66921623299532174  0.67996272254517187  0.69070418340249640  0.70093114000846146
  0.71108208317220922  0.72100284594759367  0.73113254788115090  0.74126564567666420
  0.75173152531263909  0.76236833157026684  0.77288954500882046  0.78298227690007349
  0.79305953055523926  0.80315340136667335  0.81360529009855842  0.82406628245420444
  0.83459288307525015  0.84462363312819233  0.85498202987210425  0.86513165421021843
  0.87565873738897537  0.88566376885729536  0.89615675123739658  0.90702624942162191
  0.91803738962785819  0.92870771467498470  0.93969531389790395  0.95072060743465103
  0.96177529495038661  0.97222755320426879  0.98269126947111052  1.00000000000000000
 -0.00159884727333961  0.00738271976370063  0.01133386105522295  0.01579622067572662
  0.02067946926225530  0.02587256664486064  0.03135335346668079  0.03723324195815639
  0.04349835186559219  0.05015815570393501  0.05722877424208197  0.06453355740780219
  0.07218123587058753  0.07997819006025669  0.08780924332357455  0.09595302499766827
  0.10431248687234998  0.11264035772039949  0.12105776125228335  0.12948679436000826
  0.13800318541881484  0.14686636136665482  0.15577899440500451  0.16483688984132572
  0.17419491712352086  0.18369485633650304  0.19303253896256559  0.20234480423380002
  0.21170818593951587  0.22116078082839594  0.23075403156085847  0.24057880947368510
  0.25057911742378752  0.26078671817610249  0.27128626798065408  0.28190688544293624
  0.29239241484552309  0.30282760862907865  0.31341997536266997  0.32436959689698774
  0.33537043236553810  0.34657922837612726  0.35761397619262930  0.36857008042024125
  0.37922564271447123  0.38970791218395423  0.40023188534977744  0.41088689137799278
  0.42167998340894980  0.43263964344763900  0.44367075899762620  0.45487413408320820
  0.46624253333076227  0.47773781807108179  0.48927372811195069  0.50081504673532695
  0.51249611964459318  0.52442003166004181  0.53653278960221973  0.54877825698650085
  0.56116901907942551  0.57350181077316009  0.58569546949557583  0.59766411743345305
  0.60955585854987460  0.62148862007811900  0.63361245826232204  0.64586654310305547
  0.65813433757801043  0.67033070855818833  0.68242797529681154  0.69445430211322912
  0.70646102345503159  0.71842114350035946  0.73022288064661467  0.74219728371796700
  0.75473770541424501  0.76721638505052869  0.78002012267920717  0.79298719476880564
  0.80598033424671822  0.81886191785259488  0.83171972740343314  0.84467050030481494
  0.85769418578286039  0.87084365624925841  0.88389496156117142  0.89686187452969801
  0.90988494788946672  0.92278739980568636  0.93542903434655889  0.94807215487426477
  0.96092854308767772  0.97391209330446737  0.98692602540109331  1.00000000000000000
 -0.00258494819518536  0.00936373181461530  0.02061777238528394  0.03160625439580839
  0.04303032404354208  0.05461963855706384  0.06615866858912114  0.07746071886248607
  0.08875947774789321  0.10007660470336210  0.11099154741619872  0.12167201021901808
  0.13231177228128865  0.14286315582041284  0.15326379716831540  0.16364794003660282
  0.17418219152942627  0.18452422728752077  0.19476755577248217  0.20502418289284197
  0.21564027094135685  0.22630557691334285  0.23702897538766690  0.24769625786908162
  0.25816234571188451  0.26877146090629561  0.27941687648218783  0.28973478210597581
  0.29958602991156497  0.30932265818101845  0.31953072370021429  0.32992159312444980
  0.34048258847286150  0.35078675197719811  0.36115900992735211  0.37162373675713017
  0.38243160869249609  0.39330916219970097  0.40414995114020558  0.41491348280669554
  0.42556688284591271  0.43594750171694235  0.44563881641849784  0.45537033935860705
  0.46487746153498816  0.47462677346780380  0.48462793802201470  0.49490397957356330
  0.50504644606803650  0.51530363836816839  0.52566314258529523  0.53670344360478639
  0.54738678285583231  0.55787298119352846  0.56835120823629870  0.57896007844589681
  0.58956363804139189  0.60038139063909390  0.61125655847544647  0.62201610698832832
  0.63238796931800434  0.64251116606996894  0.65273628876170309  0.66290316903786994
  0.67355521711764299  0.68388891854948786  0.69433491372858069  0.70496011511395229
  0.71550713059522975  0.72580295111961701  0.73607811899039666  0.74634501722459834
  0.75653243286492522  0.76676443352679946  0.77721624389701827  0.78796779235097780
  0.79841024791555149  0.80843737452956543  0.81844208870967872  0.82860312720107332
  0.83886162706683642  0.84936282714033096  0.85983377680261608  0.87063104733865249
  0.88112180205755863  0.89160833164737596  0.90207391530272096  0.91271502161076656
  0.92298581560296222  0.93323052769248505  0.94373259803455856  0.95481544272875674
  0.96584088579065819  0.97693334195450643  0.98829078995481201  1.00000000000000000
 -0.00260171249248795  0.00998685018830401  0.02095900036514846  0.03207461560515900
  0.04293026998394141  0.05331776982543417  0.06372240691031708  0.07424848681974298
  0.08470607715924706  0.09486941648582933  0.10481642495639752  0.11478721916423032
  0.12485723514604148  0.13506460790433608  0.14545782074574881  0.15617023887403134
  0.16723831486128826  0.17851206953067342  0.18978020352949460  0.20065758581455409
  0.21147280869132534  0.22225120671119269  0.23323173068481365  0.24423999704495877
  0.25504596193895834  0.26561233039122889  0.27617213960452380  0.28666999840815277
  0.29703480092887091  0.30703745666123466  0.31708737037944490  0.32701796474354389
  0.33709444650513370  0.34734941163448679  0.35775129049718046  0.36831407500076724
  0.37871798292158704  0.38924821416658101  0.40003215903266215  0.41103451464520269
  0.42214977482223864  0.43346275779152044  0.44486905755697326  0.45603253564458507
  0.46670045549206590  0.47711423010181297  0.48744353446873595  0.49777510310942374
  0.50825736468552718  0.51901787344726746  0.52985120395164509  0.54070798469125392
  0.55163726751375430  0.56258413280884911  0.57322078439428392  0.58345430709877366
  0.59360014597490640  0.60409541654611632  0.61490693578726063  0.62540218765013789
  0.63566852427383114  0.64579036660134004  0.65605540837208098  0.66634317062615811
  0.67661458840300470  0.68688894891702623  0.69738369996017346  0.70804205001292897
  0.71873175077271267  0.72939238636605064  0.73987442760360411  0.75015077810480668
  0.76024429294617213  0.77029119396628964  0.78047270340063901  0.79082645023066134
  0.80144066738365305  0.81199120821455029  0.82219915551942202  0.83224335023637197
  0.84244273354015775  0.85290592031139012  0.86353638043611336  0.87399752060640401
  0.88455421661272904  0.89474866118126140  0.90488312513039004  0.91516915481312378
  0.92564259444065433  0.93625063480757709  0.94662855595075657  0.95722530724628740
  0.96813354119768158  0.97881035921300030  0.98942718930292461  1.00000000000000000
 -0.00215799262001272  0.00871301694187410  0.01859050043771239  0.02902981301413011
  0.04031974445082860  0.05148538833547592  0.06243653481456347  0.07280766954877382
  0.08295590127817973  0.09296539960715572  0.10355390453067383  0.11485958857875161
  0.12590991837274634  0.13652153507345788  0.14668709830442067  0.15764533805703770
  0.16856220912795616  0.17883058265505195  0.18926076416885487  0.19969049441548350
  0.20992426401038564  0.21994532596764280  0.22996247912597997  0.24013130893940046
  0.25040264319439887  0.26068329376882593  0.27084443078774562  0.28084742385404410
  0.29101309727218139  0.30146014396342263  0.31201701178239888  0.32219710085304382
  0.33217485422429499  0.34231274745752976  0.35249185756296547  0.36276921798384865
  0.37309844890551558  0.38358569405395371  0.39405850843704771  0.40432111705514961
  0.41454509460624389  0.42496195026102895  0.43564362563469317  0.44646997613705541
  0.45726091687000048  0.46822387973380886  0.47927774246324228  0.49062729461907201
  0.50168872565588341  0.51203687214169336  0.52223837784404770  0.53249662506045969
  0.54283158596564673  0.55308960530702356  0.56331186546947054  0.57382346491711633
  0.58444262111305878  0.59516919703931004  0.60590507494537649  0.61669016287713041
  0.62720980432731299  0.63760707037739439  0.64789926966620814  0.65793757985788470
  0.66787305751534898  0.67792056982012183  0.68827592335635912  0.69909774714504624
  0.71016624202143386  0.72131552939662991  0.73238529243367390  0.74338356545749096
  0.75410796111545930  0.76461093032232819  0.77522606536423677  0.78600848930451583
  0.79688342323252559  0.80782767361813856  0.81894857750481631  0.82987818055654894
  0.84059968332850921  0.85111504235490021  0.86136903292400180  0.87149047720482664
  0.88160426135844905  0.89166909174849251  0.90168052838403945  0.91186134867576285
  0.92255153830575931  0.93355450606543211  0.94435781769837590  0.95515449613371739
  0.96604796824002359  0.97721099549405688  0.98861858335618547  1.00000000000000000
 -0.00803784741552011  0.03772820097122030  0.06262577599437583  0.08142204863430526
  0.09764478563083553  0.11232296230853922  0.12591217432742538  0.13871171130149371
  0.15052916425544433  0.16167995429413254  0.17266204225567663  0.18341624767879328
  0.19391499750973323  0.20418191756531634  0.21432749674229326  0.22408307675840994
  0.23331262907525255  0.24238879047349784  0.25158634164054672  0.26091808475697631
  0.27013055818620768  0.27925545527226953  0.28821180059718149  0.29671557947036803
  0.30499513296817671  0.31314053922728574  0.32109708208553661  0.32915848655395091
  0.33730512534970086  0.34530195902783234  0.35312049133461776  0.36081260837321183
  0.36843545523807297  0.37611085570978608  0.38395404574410091  0.39192733811176644
  0.39974327126540410  0.40744530595813616  0.41527480797580202  0.42320770783435330
  0.43114806027437902  0.43902272849030238  0.44685223321783835  0.45465251751139585
  0.46235029014288448  0.46999476596701012  0.47753094318208167  0.48482712364222047
  0.49221059530076555  0.49982007067004891  0.50778538531976292  0.51590324238696528
  0.52392489126081732  0.53196499542321174  0.53991572796398080  0.54774121698379119
  0.55558410433318206  0.56346877247771598  0.57133573677427119  0.57919929714548590
  0.58706419689810518  0.59499327019380566  0.60314365673094661  0.61156991322427234
  0.62011118311694913  0.62851716349885023  0.63681849388938727  0.64522213334717349
  0.65360656514468207  0.66191265096712160  0.67012573858774160  0.67832109076956804
  0.68653045378195177  0.69511758232594700  0.70419256680258246  0.71359706855431226
  0.72327665022187348  0.73287023821417885  0.74228330425970790  0.75159628061180828
  0.76108459640369719  0.77106054700263171  0.78143122871606019  0.79220645998027661
  0.80305257579670808  0.81403348381390084  0.82539690639475904  0.83763327622001083
  0.85072631557818301  0.86404583619126685  0.87810525150028262  0.89388084627788478
  0.91152638510586559  0.93181761237578631  0.95856284001981273  1.00000000000000000
 -0.00251014544583835  0.00982309564259941  0.02023219270868709  0.03111253037897751
  0.04149490541842496  0.05174121793533459  0.06210866294540884  0.07314327255569279
  0.08450652279998010  0.09559269297091429  0.10641055865676628  0.11689145739898643
  0.12754878040115042  0.13837109301179748  0.14930577157075986  0.15998422117378316
  0.17067731934755520  0.18145115990923322  0.19227602903906019  0.20317587021357306
  0.21397734071869226  0.22465853330396854  0.23515801542398790  0.24582337861642603
  0.25690205738461397  0.26814913132560825  0.27902927789342863  0.28936245030568336
  0.29952835346202000  0.30975901787968280  0.31997402823259397  0.32998490996450541
  0.33998718516142540  0.35034120636287819  0.36114478333421757  0.37210708396753556
  0.38290686176496846  0.39351371675196778  0.40407769371339486  0.41436074949477797
  0.42437322398610489  0.43436429784358049  0.44499673849239718  0.45563841455564796
  0.46635196328986589  0.47684743255268736  0.48838694415135853  0.49989408021753545
  0.51124740207883079  0.52217080371291857  0.53272317317249740  0.54329053832166663
  0.55399909476331921  0.56493520773189987  0.57591703343634226  0.58706818682006057
  0.59831469120362146  0.60936913034406148  0.62034375633191130  0.63134171182231225
  0.64229013796829759  0.65296027107731824  0.66332816836114827  0.67347810538636088
  0.68360713754069580  0.69369334499442370  0.70378597527509612  0.71391421866334848
  0.72402546322337413  0.73425844547387853  0.74472824704828766  0.75543345363997982
  0.76620833892956086  0.77687441960925707  0.78732193524881522  0.79774092088491244
  0.80818583147132605  0.81865048739527768  0.82922067673384925  0.84006599699483120
  0.85090314835001335  0.86141722440102930  0.87177473179062659  0.88226508304310225
  0.89281926881630402  0.90282820712518785  0.91257126647656917  0.92226083356372968
  0.93184851923156609  0.94127325913074289  0.95044435427037210  0.95984035246074939
  0.96955879342164208  0.97961621094191020  0.98976351789411288  1.00000000000000000
  0.20957610596943327  0.47774255722257924  0.52657153137642443  0.54494195611032648
  0.55745587761517146  0.56688631766031738  0.57450876594899480  0.58132469659715758
  0.58739488002446660  0.59296642974923064  0.59824958088272273  0.60328044394420588
  0.60802905346943337  0.61262853549730445  0.61716916792084042  0.62153451000396542
  0.62566812787718495  0.62961828075530712  0.63345669573320551  0.63720452558980356
  0.64083048803447673  0.64433519899509795  0.64780484047960007  0.65131246006175492
  0.65483355886695305  0.65836617378300910  0.66179639281183544  0.66519356563324095
  0.66839548824796091  0.67157055345378613  0.67469224705566944  0.67778941071367393
  0.68087971568963213  0.68398597593609001  0.68710636126765112  0.69029274195698209
  0.69350118034314778  0.69664606362227044  0.69968412087289777  0.70265002886889982
  0.70559219495545233  0.70852224800226027  0.71147914297326620  0.71448876940964223
  0.71752725871773326  0.72052723288067699  0.72352868304367157  0.72646530548297772
  0.72939032920192415  0.73234793790569430  0.73531830292163924  0.73830191408346180
  0.74131688642871696  0.74437768690051453  0.74746671977808143  0.75055705040014076
  0.75364258726201294  0.75672364963197380  0.75979459450631326  0.76286171433310879
  0.76589942550749690  0.76898828859093482  0.77212763025081310  0.77531206383299933
  0.77852972433110090  0.78172952276175023  0.78490991749154593  0.78814373573433016
  0.79144223361707244  0.79479977324157181  0.79820034794514072  0.80166795428975191
  0.80524802844546384  0.80893828179277050  0.81269369967266103  0.81647304545564225
  0.82025452791070674  0.82405260266851688  0.82792972560113320  0.83194252985870853
  0.83610929308087922  0.84041555105191812  0.84488702877357791  0.84950945929630184
  0.85444468667073548  0.85987959237806599  0.86553443937748931  0.87138290146883679
  0.87765017038639059  0.88478037290417400  0.89254655391336835  0.90160732958295720
  0.91218906476038419  0.92538424032489830  0.94656316899512682  1.00000000000000000
 -0.02396062641988415  0.11429223561783000  0.14999028859494590  0.17255488066975622
  0.19190075735708265  0.20932808311768597  0.22592419274538356  0.24216714761804983
  0.25804785226034443  0.27394357270166630  0.29007871309301075  0.30600244790328474
  0.32158058502483372  0.33677865196271345  0.35155273918558211  0.36541717826599623
  0.37818460436604795  0.38979400286128985  0.40072717878629982  0.41115774260764854
  0.42128380796136572  0.43079390370855042  0.43977233899707263  0.44765075971821344
  0.45542642322405574  0.46279097970584326  0.46998520387337123  0.47699697343670600
  0.48372988754357887  0.49027848153791431  0.49655182051216479  0.50267113094528715
  0.50860205637121891  0.51448992819416872  0.52020362508729268  0.52570197040735611
  0.53109068866393616  0.53641440280710473  0.54163060965442966  0.54669913541560355
  0.55162603134085542  0.55653799085892208  0.56147278069251705  0.56627677461970005
  0.57102928060088887  0.57563977764841301  0.58009626726682817  0.58450521315548565
  0.58892111964904792  0.59338801734569768  0.59780353220045734  0.60221211465649183
  0.60668341305742102  0.61122511120553680  0.61582906473378485  0.62039395235465145
  0.62491049283761746  0.62942177550641654  0.63391660784737458  0.63839977044199014
  0.64286918651055047  0.64734210086106592  0.65175981161771868  0.65627059548559608
  0.66077496757366372  0.66528900180762618  0.66985849029983635  0.67451090880734954
  0.67928435096318907  0.68415629610626283  0.68905460716895495  0.69402589179845731
  0.69906762039717629  0.70422018269009745  0.70951888214184811  0.71500086040679023
  0.72055800431025741  0.72608466336064570  0.73173865416411288  0.73752830511058065
  0.74349421281642603  0.74976192660607710  0.75642390822110117  0.76358151456962742
  0.77113882371649467  0.77890908542819259  0.78684286663403313  0.79531529806103529
  0.80458844709655153  0.81499349001622856  0.82692667943105336  0.84091382510559676
  0.85821320140508139  0.88043754068584834  0.91517456195311009  1.00000000000000000
   4.0160877046212464E-009  -1.0000000000000000     
 F F F F F F F F F F F F F F F F F F F F F F F F F F F F F F F F F F F F F F F F F F F F F F F F F F F F F F F F F F F F F F F F F F F F F F F F F F F F F F F F F F F F F F F F F F F F F F F F F F F F F F F F F F F F F F F F F F F F F F F F F F F F F F F F
  <DiscreteSampler_grid>
  grouped_processes
  1 # 1 for a reference and 2 for a running grid.
  10 # Attribute 'min_bin_probing_points' of the grid.
  1 # Attribute 'grid_mode' of the grid. 1=='default',2=='initialization'
  0.0000000000000000 # Attribute 'small_contrib_threshold' of the grid.
  0.5000000000000000 # Attribute 'damping_power' of the grid.
 # binID   n_entries weight   weight_sqr   abs_weight
    13   10   3.367813681560366E+001   3.583544346084414E+003   3.367813681560366E+001
    14   10   3.367813681560367E+001   3.583544346084414E+003   3.367813681560367E+001
    16   10   2.733901466859563E+001   2.135242370808107E+003   2.733901466859563E+001
    17   10   2.733901466859563E+001   2.135242370808107E+003   2.733901466859563E+001
  </DiscreteSampler_grid>
