  0.00462321887410503  0.01160086808152732  0.02050672434456133  0.03006915917201251
  0.03983173892951974  0.04966497568175547  0.05910740858423776  0.06816270711525083
  0.07677860453385808  0.08558415623007326  0.09465869756005449  0.10387635740774641
  0.11349333338090260  0.12356735393038136  0.13509592350541619  0.14700311167954713
  0.15831850258902094  0.16936262881726347  0.18062265634220928  0.19215192385544674
  0.20374512693664656  0.21519651434272813  0.22625724352037671  0.23677702430556241
  0.24706654709584022  0.25734694649320439  0.26740070529104543  0.27741096615116639
  0.28739895840157087  0.29733148806384702  0.30722086323805997  0.31729634396276951
  0.32751160080490788  0.33751287433469024  0.34718744872123103  0.35694930898397298
  0.36694615071413283  0.37725953423523856  0.38808029172146197  0.39914575390711304
  0.40991336799648498  0.41991161067445909  0.42939134555155817  0.43882765798629564
  0.44830924195527383  0.45818559308379658  0.46864480771866585  0.47943338394608481
  0.49071523878537748  0.50211698572600238  0.51356828271786803  0.52461444102534427
  0.53523407213415508  0.54577658992725675  0.55608687616493879  0.56632725881450630
  0.57675698204757464  0.58755480577248453  0.59868766419699382  0.60985333848764878
  0.62094314916897919  0.63211362000827154  0.64304171492940776  0.65349078844084096
  0.66427961511799771  0.67591383003753058  0.68764503900139462  0.69853411714828417
  0.70909721846752993  0.71991125803339673  0.73062482578831911  0.74086773752638357
  0.75118855854757605  0.76156567260047126  0.77207265773747225  0.78223856271477321
  0.79219115257339789  0.80211973298448191  0.81223164458110209  0.82277875341871642
  0.83406790209507087  0.84611190533043834  0.85767003327662550  0.86876334688279810
  0.87915123429492303  0.88931773796366043  0.89975966046764433  0.91036052726040784
  0.92082156479807487  0.93083758791277416  0.94098034101174255  0.95178437370942715
  0.96248631375103133  0.97398928553452080  0.98633939818792893  1.00000000000000000
  0.00345091067746419  0.02113965770269367  0.03714172073260220  0.05078007094195906
  0.06295857115188727  0.07404799997764519  0.08480736509661833  0.09575734308106174
  0.10655285328302309  0.11707063572094920  0.12767610232170573  0.13805734777292869
  0.14817694968027989  0.15820159099369130  0.16841837869198995  0.17849482000601305
  0.18857693761639022  0.19910462037720161  0.20991010479455333  0.22087088835386529
  0.23118319217691241  0.24058103729113436  0.24996782645051868  0.25904547470189859
  0.26813826082501258  0.27726118435692365  0.28610473618158688  0.29497185079604782
  0.30421014241467698  0.31384952447666459  0.32422557637705901  0.33531370220788326
  0.34683445382172989  0.35866004516549121  0.37032651105000414  0.38131044671588710
  0.39207516567657819  0.40281912683193888  0.41318142383590101  0.42315430018437122
  0.43324677538262085  0.44384770255211708  0.45510443776816589  0.46622028880070882
  0.47719277558130840  0.48827193485232107  0.49920569081878058  0.51038185389610879
  0.52138847933071220  0.53225318841083669  0.54323109700010186  0.55408533150293449
  0.56485110688214513  0.57546702625447421  0.58570021629010416  0.59536852794733486
  0.60503372196385652  0.61491499883026879  0.62457416607792426  0.63354859348850823
  0.64229078524092531  0.65172899209760093  0.66216868210165558  0.67252156901772120
  0.68328236927943764  0.69508179871771658  0.70700274525130080  0.71768947707932784
  0.72798688831660696  0.73817988407801594  0.74860031928753612  0.75902459623743068
  0.76949135596508755  0.77950534874119248  0.78943314644129858  0.79959262025805677
  0.80970167645118807  0.82002527741954812  0.83021795657197539  0.84019362224756033
  0.85007049493062048  0.86020543933389615  0.87041033455268901  0.88007868727493599
  0.88947012461834796  0.89938943472233568  0.90990345532243966  0.92044444765678246
  0.93093548717549224  0.94132009350301804  0.95100858721277659  0.96102616246727457
  0.97158138329623889  0.98236561615808515  0.99253419836685641  1.00000000000000000
 -0.00150480405689086  0.00661945072863703  0.00939169346236251  0.01235838771702886
  0.01544720556261742  0.01881567818033330  0.02243976648856804  0.02668582339622309
  0.03122874176317049  0.03600450592647674  0.04078369253018656  0.04578788547606243
  0.05111170682324494  0.05653956744895194  0.06218187746178500  0.06834063962325478
  0.07463708892673768  0.08065704212402890  0.08664709899749000  0.09321753897216963
  0.10033206408765019  0.10754875381898488  0.11474267040704782  0.12216851680482627
  0.12988715899562772  0.13792713793051614  0.14617777000509372  0.15453352740065440
  0.16314543786391633  0.17221862097712529  0.18246848114018299  0.19298070007228699
  0.20303312364924636  0.21241976353513373  0.22164118030497548  0.23054455276916977
  0.23981772477856431  0.24959990513902239  0.25959416335709351  0.27033681370875656
  0.28088504908116080  0.29148405843665692  0.30340101075085579  0.31548591553234789
  0.32764249089791747  0.33985942982279638  0.35193352720427867  0.36321173131419082
  0.37398707141659271  0.38453290826457198  0.39483566042549900  0.40523974050896161
  0.41587418156350087  0.42693112973255309  0.43885922396133065  0.45146388586710812
  0.46407735479781109  0.47651274606263272  0.48875397981360369  0.50050355283317205
  0.51225726392660331  0.52430860971382764  0.53649932533453326  0.54879948234646880
  0.56144845008581268  0.57428693711777790  0.58723964325034883  0.60052074021116975
  0.61382709824900039  0.62728438803667896  0.64100241505327027  0.65486186128311441
  0.66843583154866137  0.68141526886034975  0.69486176524517840  0.70851130422826858
  0.72225996500490341  0.73618235321448777  0.75020800393098508  0.76412245267026424
  0.77934813246350465  0.79486956963162392  0.81039947009079905  0.82607356967286061
  0.84151072420654205  0.85651125256934746  0.87110467384500956  0.88544836442962227
  0.89982112680027426  0.91364538225776992  0.92767207144320929  0.94201084977603422
  0.95657263334041920  0.97117002687291787  0.98565912079357954  1.00000000000000000
 -0.00226461068356145  0.00913568454400749  0.01881925068664885  0.02897846435059522
  0.03937489762734317  0.04888389372878171  0.05819758931584940  0.06735226047620008
  0.07681061479595788  0.08634310721841776  0.09636583113670891  0.10656164755140937
  0.11705568678818107  0.12753700400204560  0.13712642616292203  0.14701569042148466
  0.15626735738705316  0.16610926418186911  0.17607530974750396  0.18628569360821712
  0.19668295785475221  0.20714643948014166  0.21809886435399742  0.22956346246013010
  0.24175956894703576  0.25376137122613174  0.26489218535739217  0.27581534953738907
  0.28644316016049681  0.29754269407035799  0.30831329464102974  0.31905342050176833
  0.32972333122970821  0.34062388156072826  0.35252506300844699  0.36222359381770647
  0.37254452721815362  0.38306752990179666  0.39353307662795101  0.40335392918808793
  0.41277413608216174  0.42276567182439534  0.43358605158815539  0.44407152192137017
  0.45407319132602109  0.46406228205934053  0.47410029815109217  0.48414545301344336
  0.49427796674399632  0.50480445656138828  0.51559604742014731  0.52615547502696747
  0.53664251540815644  0.54730092236731354  0.55808970343582120  0.56880288007109692
  0.57936688484862842  0.58944022345293157  0.59895583978464895  0.60830391264664041
  0.61766409470466510  0.62720155438056779  0.63683097123500676  0.64727202298668829
  0.65888482203100041  0.67089511615799813  0.68257291122030583  0.69432111940914942
  0.70599548371935295  0.71715655038421577  0.72795645969851730  0.73905557742529115
  0.74982823648154018  0.75995427206370747  0.76981977099002186  0.78039404508410271
  0.79120766539177823  0.80183481497119735  0.81261334225598236  0.82384150986455995
  0.83527628883530125  0.84646790285570683  0.85781989216932275  0.86969434044591054
  0.88144128734708638  0.89277061796318835  0.90351915656206006  0.91360772649065736
  0.92363888370032898  0.93399177550316759  0.94476503229250630  0.95590050593022313
  0.96694906053059282  0.97789379005218702  0.98901425522325281  1.00000000000000000
 -0.00264876309454993  0.00958855768105979  0.02043872666177298  0.03079771258860779
  0.04109618099684020  0.05148932350232038  0.06209239843697793  0.07278414886808014
  0.08363029986127865  0.09475513757810930  0.10576253318227852  0.11654930709704911
  0.12724749910245634  0.13796874893050284  0.14867761662980564  0.15918508450875743
  0.16937271820792749  0.17940432366109385  0.18934315344181255  0.19911475310363203
  0.20853311973691599  0.21839325605805932  0.22800761933158198  0.23876113222009410
  0.24965965768897672  0.26121124026299830  0.27294603446369309  0.28487940575706489
  0.29638739540541631  0.30763761177182358  0.31814949590209235  0.32829394508981063
  0.33846018901140867  0.34888169910309152  0.35944638729755124  0.37041386500907686
  0.38158723002971290  0.39222693462821889  0.40231304828561915  0.41228323629159136
  0.42284540534204257  0.43324606945810967  0.44338215860062508  0.45345022557817383
  0.46398799159326665  0.47508121649207102  0.48617268227848764  0.49782451450877258
  0.51006014872041905  0.52215831790248779  0.53350554912788795  0.54431153843290880
  0.55501187045549949  0.56552126408664327  0.57574296965453275  0.58587101998771018
  0.59598935711463630  0.60634152723271306  0.61695572001749921  0.62851462086973864
  0.64050627698588403  0.65210264178161037  0.66297782873436806  0.67356966062145496
  0.68409035279432917  0.69433637393582559  0.70462029642724477  0.71497187499602233
  0.72520880588782155  0.73535219722483791  0.74565769255024039  0.75641081541342348
  0.76750400770241123  0.77863543447224692  0.78959172783140963  0.80050369535375765
  0.81155438659657186  0.82276423170723734  0.83424713320033872  0.84537257342881234
  0.85579135627190084  0.86581116661176860  0.87568260905160533  0.88559378881392137
  0.89535098885493969  0.90522176809458066  0.91506975904114374  0.92472684181816500
  0.93432858680797715  0.94379974938070155  0.95337670028912225  0.96281107060440618
  0.97196259820318676  0.98080409296722282  0.99030274720833755  1.00000000000000000
 -0.00284540383503427  0.01023728640439466  0.02128668703269857  0.03262160286725692
  0.04346433850830490  0.05351440177997920  0.06357306605478795  0.07407336892777971
  0.08524055420920243  0.09695070300924437  0.10810807715793468  0.11897209159925862
  0.12942019679732597  0.13965531425981081  0.14987747481551647  0.16013311958762247
  0.17107620736796322  0.18255049751179617  0.19413214051544225  0.20567471531563128
  0.21714402788161685  0.22834132995801726  0.23871317744276058  0.24854410361438828
  0.25850490007259652  0.26856774368020275  0.27870247671349130  0.28904612401875335
  0.29972030952508694  0.31059932103850529  0.32126700880382247  0.33179573046271682
  0.34242480953093379  0.35303261764852717  0.36436661938293119  0.37607192210540524
  0.38815235087800476  0.40103946965647619  0.41378015031983190  0.42494270787221544
  0.43513533328997450  0.44470953479049596  0.45402742611938623  0.46334404933542089
  0.47272789159201872  0.48263815087657419  0.49282524586504700  0.50297858904244896
  0.51310674039884918  0.52341910551562842  0.53352895653494037  0.54370647785415904
  0.55439321934351082  0.56564014090453696  0.57711660009519683  0.58854794003192779
  0.59963792784005177  0.61030712215272442  0.62043473185919307  0.63005516463523559
  0.63936560527973330  0.64859081860211187  0.65797021600135031  0.66773967924772437
  0.67757352789849046  0.68724587232868040  0.69749953166240874  0.70807933744494445
  0.71802584115560841  0.72744396530985400  0.73642935839732049  0.74543145500160646
  0.75458081882564731  0.76400140955780205  0.77413023001153969  0.78532096479906222
  0.79597839223246758  0.80594107480428523  0.81575797253238613  0.82575830721144095
  0.83582911645924951  0.84588081941829985  0.85645641328975508  0.86724007617875776
  0.87769610517115226  0.88826534832667114  0.89917697695916177  0.91049676822462622
  0.92172792135421522  0.93257803123283289  0.94346971549475500  0.95414972063929271
  0.96535797328113215  0.97677859813578394  0.98839604654740298  1.00000000000000000
 -0.00113136148611711  0.00290499689523926  0.00723179248379535  0.01134370215510755
  0.01542152545687136  0.01962733778418058  0.02385441855219863  0.02808257095519034
  0.03236104190973746  0.03680086300355583  0.04152678823803042  0.04646474357981510
  0.05158627015580416  0.05688481987257511  0.06233596901463664  0.06789575530009818
  0.07358045098514407  0.07929555372197492  0.08518239572879648  0.09143778836855992
  0.09797489367452988  0.10495040742330357  0.11241904514338781  0.11985308256936100
  0.12701145328257590  0.13424673876410054  0.14173674922954016  0.14962505963685163
  0.15775079801047279  0.16616221020140376  0.17487013817842659  0.18370994834922724
  0.19277236227001737  0.20213775348341206  0.21185744547597093  0.22208922265845576
  0.23295240655877622  0.24404062821756389  0.25563061513063817  0.26807590896680367
  0.28237881559760997  0.29798636285312252  0.31450901241327356  0.33371778163601984
  0.35590047733263003  0.38390007544594462  0.42045136051124321  0.49450353598739460
  0.57040065029474274  0.60606201557542339  0.63397018767690527  0.65846210003439565
  0.67922977901107984  0.69712988411885934  0.71332235975777192  0.72851261683105539
  0.74235969061751583  0.75532265849913260  0.76690828209454232  0.77753158426905100
  0.78769463302007192  0.79812715090968467  0.80872079221563842  0.81892876753557475
  0.82875564226405807  0.83797639930971135  0.84661385003016754  0.85481720216469226
  0.86205309077947623  0.86899544168523291  0.87567395460822994  0.88217023170228293
  0.88845766012428851  0.89465401580003678  0.90071519178150472  0.90661866864591967
  0.91253412986743132  0.91860170934049423  0.92467623008257593  0.93060776899482212
  0.93618503637399675  0.94141774528148325  0.94646077478388124  0.95143688448900554
  0.95632279152417676  0.96090153029963421  0.96523743820507357  0.96954493891665761
  0.97381119442209685  0.97794096570351108  0.98190159817497880  0.98574931314353786
  0.98951236779672969  0.99312730983257691  0.99659498031505078  1.00000000000000000
 -0.00235953320714197  0.00936355501206001  0.01989535551709952  0.02999417089238916
  0.04002151128682239  0.04955027521167787  0.05950768764802229  0.07024425669824090
  0.08137646370243777  0.09263727839661669  0.10399158868949490  0.11481650590011640
  0.12536328799251120  0.13575134510519710  0.14602728635482937  0.15621207037619450
  0.16642183333329474  0.17646473800172635  0.18685393974329104  0.19723283901624755
  0.20756807149684173  0.21712730418870188  0.22651599278482512  0.23646490271978704
  0.24686158327887450  0.25737498791354174  0.26754194481959126  0.27826847046931724
  0.28912849186602624  0.30007839295870586  0.31096707321197919  0.32187462298454783
  0.33308395971020444  0.34396899391408364  0.35401440701139986  0.36390685129363853
  0.37374759266818841  0.38420000772501794  0.39483779208108188  0.40622062474418624
  0.41731676421973019  0.42771880874115886  0.43769623526424262  0.44773233447290856
  0.45805683287955168  0.46852219088408137  0.47899418847659803  0.48956606538944625
  0.50059586604119499  0.51189279251089126  0.52278231109315954  0.53340976533771545
  0.54444578401686916  0.55541167683767367  0.56570208270753053  0.57554769475956635
  0.58582672861932028  0.59660843491357363  0.60763211642239878  0.61897716547915982
  0.63055515709290499  0.64204634733016597  0.65320053952402812  0.66397415119877390
  0.67364279332121302  0.68311146287163516  0.69299659313884132  0.70304016145214221
  0.71316786139441746  0.72274953248781504  0.73331005892263235  0.74480932452132131
  0.75659269668410956  0.76824014859623202  0.77960322756020994  0.79065674952105536
  0.80180115511831584  0.81280985122599092  0.82320797678178204  0.83364956494151277
  0.84448108833774893  0.85514118222829894  0.86505537964767243  0.87483634254427045
  0.88525350339695463  0.89625577964478731  0.90726864048576261  0.91800233856002300
  0.92878436868728786  0.93935922651600567  0.94986869969658283  0.96009930330157722
  0.97010839149298989  0.98022389087252082  0.99011071993873911  1.00000000000000000
  0.18352403608316584  0.27096783225097515  0.32831505904891023  0.37199381394346198
  0.40923716073313582  0.44202084424821980  0.46097902806158347  0.47740465099493001
  0.49133989932585476  0.50232872802127781  0.51010302775914185  0.51662181682510766
  0.52171426844406066  0.52569477463979641  0.52910172814917011  0.53229899232396516
  0.53537232425840953  0.53841891114345308  0.54134687674321746  0.54406792040497232
  0.54664844525477418  0.54929341303849377  0.55196727594675066  0.55469504549421622
  0.55735055338151973  0.55991790290876597  0.56241311768618574  0.56488737357169871
  0.56740533206301236  0.56990885188763640  0.57243964947970150  0.57492874662668969
  0.57736403725400698  0.57976776293612986  0.58217614702099807  0.58456028907140711
  0.58708294647845849  0.58962923343965201  0.59220678042686858  0.59482107094041725
  0.59746342400360297  0.60008212270787864  0.60270449613252153  0.60534288436901018
  0.60798500608594575  0.61068834028600583  0.61343427539233575  0.61612986835306571
  0.61884900017351929  0.62159258306079013  0.62433294616821688  0.62705027659268231
  0.62983340790598785  0.63266834780440695  0.63549691810285136  0.63833415374098734
  0.64119007820866292  0.64409580396644306  0.64706180042144756  0.65005372758540803
  0.65305112830617196  0.65609833713677979  0.65922101651719855  0.66237473894489773
  0.66554431280834547  0.66885832272012202  0.67240236349464100  0.67585120940715893
  0.67941738785099370  0.68293912808584301  0.68655619021426240  0.69035926249117496
  0.69429009118926555  0.69839328784981658  0.70267074899374127  0.70718987729096894
  0.71199672178443141  0.71696456923606711  0.72206031987593200  0.72737488123019622
  0.73288504440377245  0.73847242666312440  0.74415991474126919  0.75012556301985056
  0.75664721837350568  0.76395787532371195  0.77201042866404512  0.78070857086371637
  0.78972417118942828  0.79978200084738194  0.81096866313349636  0.82454381579134450
  0.84073239474620121  0.86157104952669161  0.89333420073954684  1.00000000000000000
 -0.02153027071251362  0.13165568068215303  0.17516937489684664  0.20223447167284803
  0.22303556236859676  0.24030880661927662  0.25469920902111370  0.26673519184533701
  0.27743591434633075  0.28739268174037591  0.29662220358457436  0.30534046731021014
  0.31369450302176477  0.32180406265357697  0.32980906514435104  0.33746613193279845
  0.34484604173544564  0.35201319438596285  0.35890194178598117  0.36534121524547170
  0.37153407755403772  0.37739715149767017  0.38269458161440151  0.38804642955714902
  0.39339479586438936  0.39850704128489067  0.40322786573927427  0.40777726507404066
  0.41226267793622190  0.41675985670397181  0.42126448023953161  0.42573169712405290
  0.43013570524063210  0.43450546445276184  0.43889861871678337  0.44331146611085487
  0.44767378567495292  0.45205577273498537  0.45643607136831765  0.46088452977985023
  0.46529484853072756  0.46966302723666092  0.47394267646594673  0.47821212176238381
  0.48248832275727843  0.48677932277941238  0.49103343946921496  0.49519017484991601
  0.49931431478735483  0.50339811463864181  0.50753291881846785  0.51163508090408183
  0.51583397840469214  0.52020075380812281  0.52463109734131852  0.52907070813967272
  0.53349827536586092  0.53791884922375999  0.54251282435703307  0.54730149027680330
  0.55211361169498852  0.55690464158196162  0.56177558479054113  0.56694404431495404
  0.57204458426042881  0.57706120243852699  0.58218043846376710  0.58754145931870039
  0.59312562421838144  0.59882977211463351  0.60466446940005836  0.60988968613635997
  0.61520232910767414  0.62052615018311597  0.62577628533843010  0.63109439430985825
  0.63650630870989855  0.64217204501403480  0.64826008311098771  0.65492803679169065
  0.66174567697682607  0.66914173066420224  0.67703518923971273  0.68517167354473585
  0.69358376805362287  0.70233017169422685  0.71204715603176649  0.72303567369488431
  0.73506903562059289  0.74744887693620998  0.76088698580569281  0.77649527969758947
  0.79635614371103647  0.82296215540245243  0.86548817497354036  1.00000000000000000
   4.5428438384563566E-009  -1.0000000000000000     
 F F F F F F F F F F F F F F F F F F F F F F F F F F F F F F F F F F F F F F F F F F F F F F F F F F F F F F F F F F F F F F F F F F F F F F F F F F F F F F F F F F F F F F F F F F F F F F F F F F F F F F F F F F F F F F F F F F F F F F F F F F F F F F F F
  <DiscreteSampler_grid>
  grouped_processes
  1 # 1 for a reference and 2 for a running grid.
  10 # Attribute 'min_bin_probing_points' of the grid.
  1 # Attribute 'grid_mode' of the grid. 1=='default',2=='initialization'
  0.0000000000000000 # Attribute 'small_contrib_threshold' of the grid.
  0.5000000000000000 # Attribute 'damping_power' of the grid.
 # binID   n_entries weight   weight_sqr   abs_weight
    10   10   3.300940196048841E+001   3.968328254805311E+003   3.300940196048841E+001
  </DiscreteSampler_grid>
