  0.00284402269060515  0.02005460402447614  0.03568305753215664  0.04850625491246249
  0.05986019492271807  0.07042720345964418  0.08061594585095179  0.09095857118683892
  0.10115970687909069  0.11101438944314986  0.12065408760018236  0.13074415285506649
  0.14117893222470754  0.15156115923311161  0.16192353565523526  0.17214096118142427
  0.18216995273360334  0.19205636278302118  0.20202107428330110  0.21201766483015677
  0.22181349138054121  0.23163712806961143  0.24153472815143373  0.25142137696123201
  0.26117812858312167  0.27075734023774917  0.28061291092448004  0.29069351714116176
  0.30118953577722007  0.31163296217110670  0.32178209817267650  0.33167591970188665
  0.34134026435613379  0.35101757642232240  0.36082797321687038  0.37057367322375734
  0.38023299893387968  0.38990445438578492  0.39996143251832095  0.41037192955362439
  0.42108438868866283  0.43171485878688537  0.44218177288924310  0.45256823010296654
  0.46309983814437994  0.47379671509412197  0.48441902052017077  0.49475961235920701
  0.50496565484956502  0.51527541642712371  0.52573660313936232  0.53613307165777424
  0.54624748646450538  0.55640051525051792  0.56660825757672428  0.57680534287543228
  0.58704113312500972  0.59727100908531827  0.60744832274440452  0.61750276162237050
  0.62752981069636216  0.63769059124699756  0.64797010318948356  0.65828035690227771
  0.66844134300062830  0.67854448729107542  0.68885646589222971  0.69956454711779326
  0.71040356746786537  0.72088634360381509  0.73103809168363965  0.74107370036282960
  0.75131316613525134  0.76177676850552190  0.77222397581880331  0.78256385053757105
  0.79286110908302343  0.80340389777692200  0.81399785224639332  0.82452892898976915
  0.83511748958595378  0.84575848616276994  0.85636516925554051  0.86679651509567945
  0.87722397412299136  0.88769840005907008  0.89811770367855170  0.90865340694941132
  0.91955860234777653  0.93087556398187399  0.94226600102898650  0.95352688636884342
  0.96498249876818809  0.97709859016820666  0.98883802324121917  1.00000000000000000
  0.00000121787756557  0.00000575615493397  0.00001254870201908  0.00002109294593350
  0.00003254930248062  0.00004601408802771  0.00006159364564647  0.00007882186734161
  0.00009734779484905  0.00011720908493326  0.00013824824192682  0.00016087261231606
  0.00018492126124724  0.00021032186027446  0.00023786714261934  0.00026622909601540
  0.00029512842449009  0.00032530437163921  0.00035586017962733  0.00038784476120714
  0.00042166206824467  0.00045674017316563  0.00049268173923036  0.00052925780867454
  0.00056783672029726  0.00060843833942067  0.00064981079323052  0.00069215886417144
  0.00073624666712820  0.00078098070216295  0.00083024137706214  0.00087914271091859
  0.00093132226150229  0.00098586429599893  0.00104221454615510  0.00110118734667082
  0.00116375614792041  0.00122707307955798  0.00129355834315265  0.00136429176049260
  0.00143596416037664  0.00150966256542044  0.00158733372822114  0.00166779436793888
  0.00174934334262633  0.00183724429163733  0.00192815037271280  0.00202221655648712
  0.00212173009950344  0.00223442561416299  0.00234653162778018  0.00246207965104062
  0.00258874087466875  0.00272068224239108  0.00285753138835471  0.00300461451782640
  0.00316391332842587  0.00332701828684468  0.00350042359819629  0.00368959606181251
  0.00388395782183240  0.00408659543154730  0.00431393433462896  0.00455050364628721
  0.00480112679765240  0.00507311127280295  0.00537178743205437  0.00568786024937531
  0.00603262319301441  0.00639994605732454  0.00678916256579248  0.00720624874680608
  0.00764927982033792  0.00812217003193672  0.00863932949576387  0.00917632633953716
  0.00976428880906201  0.01037887716848898  0.01104539010189965  0.01178897920604790
  0.01259281990701965  0.01347656602568960  0.01442998596286765  0.01548196456478469
  0.01667576497947369  0.01798915235579149  0.01953762241606768  0.02149503228185217
  0.02403060857204170  0.02697172326843130  0.03038720856766326  0.03474419116423272
  0.04077464593273495  0.05087269094323506  0.42821522943611035  1.00000000000000000
 -0.00270662051493052  0.00962127015740286  0.02051814351782560  0.03136541979395747
  0.04220996432498591  0.05295291713618728  0.06356928265512085  0.07423523768120299
  0.08459627789699535  0.09480923256096427  0.10479756470099158  0.11480568214152596
  0.12441319006443427  0.13386054663993241  0.14309269530691573  0.15321343120641459
  0.16363448560295385  0.17395130647432289  0.18421489632493426  0.19431738549113792
  0.20426658659432598  0.21423272694240830  0.22443664150382908  0.23496061943903573
  0.24571521332958515  0.25632865895191786  0.26717460336023607  0.27785159403401344
  0.28869302537911118  0.29941218122209901  0.31008716769385736  0.32088462759549108
  0.33161671863681164  0.34271790583389700  0.35401795019178933  0.36568125885710495
  0.37707037363715562  0.38799289025955647  0.39829541336358254  0.40834646416587111
  0.41827416292216207  0.42797624866402562  0.43758759183036849  0.44732677848924474
  0.45757447489834324  0.46814953679245680  0.47843074019303988  0.48907576221331689
  0.49998085258781316  0.51084660577799568  0.52183135687139837  0.53257968616312179
  0.54317095173654495  0.55304395500950720  0.56321239755630692  0.57406563584951886
  0.58496555611594470  0.59598982777054055  0.60719136276320784  0.61914568217088894
  0.63079691542903849  0.64229715506449969  0.65382392856625826  0.66521160914146671
  0.67622731558425964  0.68719270831778412  0.69860888158058942  0.70993000307041387
  0.72082871139588334  0.73146834150985085  0.74227020625688689  0.75330656358990900
  0.76450480551106281  0.77544612607554586  0.78606441035603947  0.79650173261835078
  0.80672115003930334  0.81686996296267256  0.82704821759191793  0.83732283353231574
  0.84775166459076690  0.85797181069790640  0.86818336354223979  0.87839781079485801
  0.88843656855052844  0.89874330157224114  0.90914623029462194  0.91959271363009099
  0.92967989515768845  0.93958564878129514  0.94950563527694276  0.95948435273141841
  0.96950366604468130  0.97957548763529623  0.98977997163433218  1.00000000000000000
 -0.00249482677734526  0.00945478836682797  0.01984423005018552  0.03042096492186486
  0.04125438553459859  0.05194796219486670  0.06260664400833400  0.07320438391812918
  0.08397143382497750  0.09489282445421966  0.10586956452718134  0.11704906112201108
  0.12820978008968761  0.13900021870964699  0.14943610741037125  0.15984533176301086
  0.17057650390482906  0.18150207647845501  0.19221031615947751  0.20275957859660554
  0.21325019489026947  0.22386560866902527  0.23413702169456937  0.24431463821631633
  0.25484991278726987  0.26609920274137489  0.27710421125227108  0.28782638389656018
  0.29915970619520571  0.31076035813239672  0.32180979634633355  0.33270057724905894
  0.34313817180357165  0.35343311856160681  0.36335379335004525  0.37322583489496264
  0.38342470481027863  0.39388936602470975  0.40491897521735443  0.41619481330498809
  0.42731554165966795  0.43851708618259050  0.44989745944819115  0.46091994932385827
  0.47136779559600450  0.48178126342770472  0.49243326781415231  0.50280603990166395
  0.51306975561590973  0.52356474545942344  0.53417831544410632  0.54456170392648773
  0.55461618787258049  0.56448765389927924  0.57457560330570090  0.58455835743136408
  0.59460091503981305  0.60456717900597567  0.61484823291029644  0.62536557231201517
  0.63587614101441392  0.64619609590515292  0.65623816465856954  0.66605606841060183
  0.67605115534344562  0.68631031746065474  0.69700099550427563  0.70716124950080217
  0.71764257986697910  0.72790837819627563  0.73834595846263096  0.74860461714514670
  0.75918132950191164  0.76999704581878958  0.78040835930521790  0.79098605502777397
  0.80135136150064346  0.81182924966755610  0.82179737952329468  0.83155046220274031
  0.84159715425732595  0.85164222178501736  0.86196740077526290  0.87215562789623424
  0.88265259443139610  0.89320716155315616  0.90354867547487294  0.91378087552266507
  0.92412818951963105  0.93448779422342132  0.94486798750274892  0.95521810666126417
  0.96582379913853134  0.97671643646703066  0.98831114033812573  1.00000000000000000
 -0.00236911433255899  0.00916182748644584  0.01878238810120084  0.02921058101016454
  0.03973389392818146  0.05034293226661314  0.06107006860108506  0.07237496834624052
  0.08362328093868197  0.09430870788531612  0.10491758753766717  0.11506598578574163
  0.12539665973934541  0.13545664636694843  0.14580056721971119  0.15594166488925948
  0.16607908993701748  0.17656903228148091  0.18704738818091945  0.19768262853064844
  0.20815162041428917  0.21904049142486276  0.22995295331184598  0.24054571796359106
  0.25105454209267353  0.26142633796294512  0.27169481997780881  0.28207866332711129
  0.29266359035900696  0.30363161671202576  0.31486147592204611  0.32646568641605433
  0.33789474220845583  0.34890598755570329  0.35974952616602746  0.37047811419398241
  0.38107507350093672  0.39156808366918433  0.40207935968052000  0.41256655307992812
  0.42328985441285161  0.43439876098949870  0.44495460458350361  0.45524187957423395
  0.46546059587237204  0.47568623718778968  0.48541136134531737  0.49493902659121808
  0.50505969715817789  0.51550178487502507  0.52585027311817767  0.53585574238437883
  0.54603522314916253  0.55653027670680111  0.56710117959820572  0.57732122548043785
  0.58754775323504893  0.59785460186953399  0.60831329814846902  0.61870533773742487
  0.62901727412438535  0.64001863901428124  0.65070706450130700  0.66176603264372902
  0.67251245380533808  0.68369701424056495  0.69459745858127164  0.70561322992604814
  0.71624379506734692  0.72685948537066680  0.73714518241712568  0.74703071610857918
  0.75670235897004579  0.76627599568961802  0.77621998867108699  0.78651557588843435
  0.79706334864828798  0.80802436084613716  0.81888428048202522  0.82968056862042250
  0.84038433548259872  0.85092137371016263  0.86150881183168737  0.87198907060246578
  0.88242046270269225  0.89263707175912310  0.90299041035959315  0.91340508557827860
  0.92395005551648979  0.93448954444439380  0.94544297770058361  0.95647080099149451
  0.96730367721686294  0.97794743769198300  0.98894495340388155  1.00000000000000000
  0.00138551230732801  0.18836943883684726  0.28424223720780822  0.35555816823898362
  0.40842996162467304  0.45087651087516367  0.47902918556851964  0.49915901743316055
  0.51630462156025936  0.53130838036152617  0.54428168003987365  0.55476662153333145
  0.56472298127186726  0.57362290233530200  0.58171290366080031  0.58896579662983939
  0.59550074891857741  0.60199005652146365  0.60779767842416477  0.61346694718921901
  0.61890416601250664  0.62404662162919877  0.62887214172873407  0.63349770498192004
  0.63802590882067634  0.64248591312709802  0.64680617018520992  0.65094816656380450
  0.65499953041477565  0.65904291920518754  0.66303124066403207  0.66691848293691924
  0.67073545885144126  0.67449326481281346  0.67823708499896251  0.68192863381582314
  0.68558953140261669  0.68918398159014960  0.69270701529229162  0.69621435110859009
  0.69970255790426339  0.70315021068344141  0.70654580105958442  0.70991509832563848
  0.71329435893408299  0.71672700884405305  0.72015438795219866  0.72353974790644471
  0.72690053663092347  0.73028354863288525  0.73373289233127270  0.73725465711006877
  0.74074007852614898  0.74424684120600937  0.74777048691271120  0.75128983077771194
  0.75482329777783330  0.75836238998277850  0.76188237066621722  0.76542105223903989
  0.76894835067935696  0.77251764270459422  0.77610832518620754  0.77973244897597394
  0.78337119390357435  0.78703355886803905  0.79073554454098272  0.79448355676725591
  0.79827941458234930  0.80214949476867892  0.80603223323731243  0.80995024891823231
  0.81393943930898549  0.81794949370447689  0.82199212396595311  0.82607338401882735
  0.83019704567581043  0.83441403999427588  0.83875327878070005  0.84319015466799407
  0.84778439359404401  0.85253801793051964  0.85750366905713915  0.86269811628717763
  0.86796419175654504  0.87339475975593062  0.87939058325706587  0.88566260511031081
  0.89209763057335600  0.89923953519035482  0.90717744900868447  0.91616982689674131
  0.92701729462323279  0.94062131813608996  0.96050413363691622  1.00000000000000000
 -0.02121087960018259  0.12865587303162135  0.16552044265892615  0.18679731770176761
  0.20299328612712539  0.21645968988785499  0.22832929005055180  0.23862646689892703
  0.24821080280967750  0.25716667468055515  0.26568061069804683  0.27383967815096522
  0.28164979665511430  0.28921617394494187  0.29644649281331331  0.30339136263395589
  0.31011039614997810  0.31646961695358106  0.32269556408661271  0.32889761279762320
  0.33493985706247731  0.34073664457747421  0.34644324570664176  0.35219028202905617
  0.35780006597473069  0.36324828574656864  0.36853861701512081  0.37373591193673805
  0.37902286321593753  0.38433797095722688  0.38965661238449684  0.39485155892711971
  0.40000890609229611  0.40511120465194278  0.41023875838158891  0.41545308645744583
  0.42066569876912296  0.42583482801895617  0.43095520484067551  0.43607894228987015
  0.44126249769317549  0.44637794495555527  0.45153247307567868  0.45676259887751575
  0.46212826497462234  0.46742604663966919  0.47259799821578252  0.47773583000761277
  0.48300034391923946  0.48838556407044392  0.49376077014020486  0.49910820599151628
  0.50443715631970376  0.50983918298273601  0.51532240601277390  0.52075672256144712
  0.52600228840641639  0.53122357210155269  0.53647607285653331  0.54175268311926683
  0.54702877666017924  0.55227737413187039  0.55748941329745938  0.56279298675002309
  0.56837433675872040  0.57395830818278515  0.57951430865975462  0.58511378104859446
  0.59084947014649047  0.59673685998351778  0.60276208652675523  0.60900169407861915
  0.61537312544069467  0.62182961908216672  0.62831558536277232  0.63479022346578684
  0.64124777345625394  0.64769726971731867  0.65422095581658457  0.66093039180245516
  0.66793435230112363  0.67529193730554815  0.68277322288373754  0.69076279442773947
  0.69961712078517824  0.70881894402944567  0.71896866175610508  0.72959940467070050
  0.74101410927859790  0.75355607044259110  0.76751675716211287  0.78323679779827338
  0.80229300090696154  0.82724275858811913  0.86795781436904762  1.00000000000000000
   1.6761517071787901E-008  -1.0000000000000000     
 F F F F F F F F F F F F F F F F F F F F F F F F F F F F F F F F F F F F F F F F F F F F F F F F F F F F F F F F F F F F F F F F
  <DiscreteSampler_grid>
  grouped_processes
  1 # 1 for a reference and 2 for a running grid.
  10 # Attribute 'min_bin_probing_points' of the grid.
  1 # Attribute 'grid_mode' of the grid. 1=='default',2=='initialization'
  0.0000000000000000 # Attribute 'small_contrib_threshold' of the grid.
  0.5000000000000000 # Attribute 'damping_power' of the grid.
 # binID   n_entries weight   weight_sqr   abs_weight
    10   10   8.678201058376471E+003   3.905198822865973E+008   8.678201058376471E+003
    11   10   8.678201058376482E+003   3.905198822865982E+008   8.678201058376482E+003
  </DiscreteSampler_grid>
