  0.00000065260968280  0.00000071580265055  0.00000081224603524  0.00000092954536666
  0.00000106221628212  0.00000120852865506  0.00000137041605837  0.00000155030991848
  0.00000172879440110  0.00000191407208732  0.00000212774067617  0.00000237144198622
  0.00000262844046916  0.00000291558943990  0.00000325198611405  0.00000357932559656
  0.00000399010610508  0.00000445336774380  0.00000500092721860  0.00000558358614362
  0.00000618622396646  0.00000681732692560  0.00000745403009499  0.00000815358001916
  0.00000898080242429  0.00000987606359835  0.00001081762683748  0.00001183681116613
  0.00001296430635449  0.00001425795835265  0.00001561737844832  0.00001710833847627
  0.00001867981967993  0.00002052539236393  0.00002244016096391  0.00002463577210397
  0.00002705781953140  0.00002981031574010  0.00003279131407354  0.00003571596186676
  0.00003896645763999  0.00004256612754988  0.00004658197647630  0.00005082232054760
  0.00005499449685376  0.00005932172352697  0.00006388931685667  0.00006840811266911
  0.00007276464138709  0.00007797337503619  0.00008425995838053  0.00009229169929762
  0.00010135538548615  0.00011202487529358  0.00012212033072018  0.00013132943910087
  0.00013987849151736  0.00014895841102393  0.00015809950522437  0.00016768615671837
  0.00017800779639843  0.00018981910679791  0.00020393786803578  0.00021999636698005
  0.00023689314658582  0.00025472744997985  0.00027025146441234  0.00028765921741505
  0.00030917885562223  0.00033646502314809  0.00037067473814992  0.00040728120614971
  0.00045747534102457  0.00049764334838911  0.00053632877310757  0.00056954930175235
  0.00061081078747492  0.00065193173317428  0.00067852166429013  0.00071188195651386
  0.00075135465636423  0.00079961056621645  0.00085052941164914  0.00089342609484626
  0.00094660805742617  0.00100138489098778  0.00105176392888120  0.00114483654465653
  0.00126706890744082  0.00141269013306092  0.00223297323455093  0.00347310007466004
  0.00426773653143768  0.00490586428957034  0.00603663052460227  1.00000000000000000
  0.00000073847842027  0.00000084412572658  0.00000092958761691  0.00000103665856878
  0.00000118037033986  0.00000134236394031  0.00000152620097547  0.00000172882121896
  0.00000195108448554  0.00000217861155025  0.00000240835081935  0.00000265710045488
  0.00000294760297771  0.00000325881104047  0.00000366115639425  0.00000412381166701
  0.00000466468653039  0.00000524937968383  0.00000585793531385  0.00000651735037536
  0.00000719407422586  0.00000790873401794  0.00000865987426487  0.00000948267927922
  0.00001046758344823  0.00001155907165315  0.00001272362448953  0.00001398368551589
  0.00001543543636368  0.00001703697616188  0.00001850081607005  0.00002014569670508
  0.00002192752294763  0.00002399429093165  0.00002618554292273  0.00002842358532991
  0.00003032574303679  0.00003228465619601  0.00003439996698255  0.00003672771239995
  0.00003977229351596  0.00004292629024640  0.00004625708167538  0.00004927792585321
  0.00005259969318490  0.00005631022795412  0.00006045438534291  0.00006444482706823
  0.00006835613181071  0.00007240837198568  0.00007700221640113  0.00008182273508703
  0.00008650343226253  0.00009163736852175  0.00009760012723980  0.00010414590437351
  0.00011197249769213  0.00012042510011351  0.00012900439677277  0.00013776197035991
  0.00014717273146814  0.00015803542361447  0.00017078968649812  0.00018459616574966
  0.00019979832748925  0.00021503163834911  0.00022994923186945  0.00024524944770986
  0.00026178349831099  0.00028065661974342  0.00030017329982102  0.00031839246764044
  0.00033602210334714  0.00035379298948813  0.00037314544893836  0.00039567667204214
  0.00042536827704705  0.00045693280123003  0.00049231030382092  0.00053230771327494
  0.00057779876764645  0.00062782460398258  0.00068810263081286  0.00076136097943588
  0.00084597033370289  0.00092540700286552  0.00094907671052589  0.00096868873207369
  0.00099105909473762  0.00101546099276014  0.00104584682875427  0.00110506585856372
  0.00117740479750607  0.00126117129983310  0.01242569618808581  1.00000000000000000
 -0.00000060866544469  0.00001101471609527  0.00002717591059304  0.00004421403244387
  0.00006158276616009  0.00008002462950596  0.00009934916973401  0.00011867927800167
  0.00014026204068229  0.00016074425557134  0.00018122649312687  0.00020399667190779
  0.00022630074726013  0.00024742624963808  0.00026761064718485  0.00028839703571054
  0.00030855000075754  0.00032497207487164  0.00034291228473838  0.00036213218210751
  0.00038106050237995  0.00040131877096640  0.00042424430819387  0.00044638911357714
  0.00046688782622467  0.00048817095828546  0.00050881369887861  0.00052941874982687
  0.00055058188731317  0.00057370452934167  0.00059735925011962  0.00062181072944474
  0.00064846900520878  0.00067895406536042  0.00071026747145078  0.00074067548869585
  0.00076973828794720  0.00080646167294317  0.00085987738594480  0.00090738009565514
  0.00094356638395075  0.00097771529763273  0.00101346716688873  0.00104293351599390
  0.00107361702243781  0.00110566952492886  0.00114015055208381  0.00117672241356451
  0.00121482702426426  0.00125024109556456  0.00127938095157703  0.00131034264951133
  0.00134275206539688  0.00137804356566756  0.00141257676295420  0.00144598552531692
  0.00149539235410623  0.00156304612958853  0.00165953334283870  0.00172259655000320
  0.00178232729988546  0.00184244342711941  0.00190374633215541  0.00202002094837408
  0.00212259581382011  0.00221843354900522  0.00230749002230858  0.00240107435630066
  0.00249535917327723  0.00258345450976344  0.00267348854080650  0.00276813174697376
  0.00290343993240241  0.00306441713543378  0.00323057028852951  0.00338607210555024
  0.00351604766688896  0.00360797448796673  0.00369409091338578  0.00379332863257832
  0.00391865609571691  0.00401007722228222  0.00407139898155470  0.00416167157541685
  0.00426002376684303  0.00438144309292649  0.00450873519205398  0.00460449768534872
  0.00470008050607568  0.00478109988703618  0.00485564508175423  0.00492317314636272
  0.00501440361543124  0.00510417227287330  0.01162079979304178  1.00000000000000000
 -0.00215731122446784  0.00761585085931232  0.01701366189624633  0.02731573855507916
  0.03914148678858655  0.05152295130593661  0.06394873946211818  0.07665910501033457
  0.08851067223955603  0.10028054684246498  0.11190198420649507  0.12314491863636991
  0.13402403292565188  0.14453412985689154  0.15534244057021585  0.16625539961389205
  0.17787585176814358  0.18962749971764550  0.20080923517244384  0.21164390333802816
  0.22216636906326240  0.23202586840036638  0.24187033975118505  0.25185908845815108
  0.26167077325395760  0.27098745386952916  0.27970898445739412  0.28910632889865867
  0.29814219648508627  0.30782446902032240  0.31781883234904118  0.32714490671442265
  0.33652813384028241  0.34648571431381053  0.35637627358823609  0.36578625951673033
  0.37538636217086341  0.38573152255500714  0.39840857693089543  0.41242461389295032
  0.42627036130003465  0.43918402295560699  0.45123997735658783  0.46229786012237889
  0.47240627295643794  0.48225137834604054  0.49177863197965110  0.50060521252694123
  0.50897461435796132  0.51779373084952718  0.52697997687139297  0.53463962746472671
  0.54158455900157787  0.54829904712143818  0.55799493165266267  0.56696074727764412
  0.57557844649474932  0.58432703529429009  0.59592111660866698  0.60783967251256510
  0.61952900720185788  0.63018628125294462  0.64120326344275136  0.65194365684108901
  0.66292218968543348  0.67447171981008402  0.68505394002693754  0.69594578300346721
  0.70729483253748593  0.71850691495733177  0.72829022286082767  0.73674226971635359
  0.74521891224965431  0.75529330566112296  0.76595038107287505  0.77839978288321710
  0.79197706410013202  0.80422604348539783  0.81638514324441191  0.82887824789079934
  0.84018663932938586  0.85044030772372714  0.86091096064053640  0.87197101672750843
  0.88298133192695594  0.89301029407728572  0.90219691945946712  0.91230684433308029
  0.92259208023300054  0.93384150807501076  0.94567471821328131  0.95861553417115752
  0.96978582097088328  0.98016714918643033  0.98955278479563957  1.00000000000000000
 -0.00012011030693158  0.00049930778205832  0.00071112696483681  0.00088304501197532
  0.00103775155191322  0.00117595035656973  0.00130137380479608  0.00142150781876656
  0.00153808836301811  0.00165287787384773  0.00176626298731136  0.00188274770744845
  0.00200394662629278  0.00212401436238608  0.00223964580398862  0.00234963465744784
  0.00245807039393516  0.00256199518615538  0.00267053025123101  0.00276287110630201
  0.00284428774101251  0.00292841332733153  0.00301488034352634  0.00310280153674744
  0.00318293581483327  0.00327924027189318  0.00340878825562456  0.00353406771430832
  0.00363671314099031  0.00372666697458658  0.00380432726885832  0.00387379661787554
  0.00396316472664700  0.00406956960644341  0.00419367239976730  0.00431952914979341
  0.00442884011453959  0.00452350632303255  0.00461457318609474  0.00470596581709625
  0.00482154400445499  0.00496483319038033  0.00510941529763439  0.00525267948067549
  0.00540337982764133  0.00555506738740126  0.00567921328340187  0.00577925285243668
  0.00587448910780294  0.00595084885268233  0.00599744374594794  0.00611010595890810
  0.00620513936697622  0.00626983403216297  0.00633079812658647  0.00642960082848728
  0.00655841087846997  0.00671128389488973  0.00679909225903949  0.00687961953376917
  0.00699558301261721  0.00709279500544354  0.00719409436767861  0.00728150144088883
  0.00734968239644804  0.00745763932172985  0.00760843867015724  0.00776972052240599
  0.00793757445203997  0.00813482535209777  0.00831615953290014  0.00848859303027494
  0.00872216591097592  0.00892141972521595  0.00913417359304362  0.00927416955897380
  0.00939986694177448  0.00952438320131050  0.00968816041415942  0.00985087570270296
  0.01014241763814881  0.01051919711743502  0.01178041617195487  0.01292057262888526
  0.01390353442447683  0.01450227223390360  0.01523486548470499  0.01624526379060021
  0.01785883078774165  0.01999236236228996  0.02303547643750850  0.02459141555150614
  0.02606890308177092  0.03761940801991701  0.06816685753164707  1.00000000000000000
 -0.00369070749199514  0.01231193885764898  0.02572018080493134  0.03868157932341742
  0.05035719369392664  0.06111044348955692  0.07249211293330328  0.08403774693523257
  0.09514658953730745  0.10690695977814557  0.11965888557392694  0.12943151395816793
  0.13953588835741984  0.14955422884773742  0.16072230183184963  0.17252417505823728
  0.18387703132255936  0.19446416386227525  0.20485121708173834  0.21501048391922034
  0.22566356439634516  0.23676681723849621  0.24790399376628006  0.25958151053056905
  0.27333610439491046  0.28734785505709992  0.30004580750041082  0.31102191793546913
  0.32111670500301331  0.33177846232237712  0.34319829592344497  0.35430123269077218
  0.36496090940949238  0.37526993672540454  0.38589717860338996  0.39648860485368176
  0.40602713791662165  0.41475467850729253  0.42298793341849894  0.43114964552169066
  0.44096592961569869  0.45107457643546017  0.46061267392454314  0.47038112515808983
  0.48132656148846670  0.49207199379342886  0.50177520251528318  0.51026578774276998
  0.51788228928220659  0.52680448557869286  0.53675506344372992  0.54658700664962179
  0.55659448401983547  0.56717011909127713  0.57759438898697779  0.58810817731502085
  0.59862804848910811  0.60867835187915031  0.61834405101709666  0.62723431950533948
  0.63548924354373415  0.64519703474401724  0.65557712745706032  0.66573821954702783
  0.67561509254749186  0.68519699711010074  0.69451949509154443  0.70364128011899540
  0.71293051867373225  0.72290338037994917  0.73348939128883972  0.74495356662401924
  0.75866709622562045  0.77437978528737250  0.78907960355072637  0.80082779666916803
  0.81060906782752051  0.81811748037092336  0.82603929068421367  0.83434533535299127
  0.84323888707241856  0.85334936153586960  0.86483524669181866  0.87668529518709981
  0.88857406780985182  0.89922681381383507  0.90903189247907012  0.91883196284657243
  0.92922986098740101  0.93959993119588270  0.94976273580856652  0.95993229066367247
  0.97029453738683225  0.98044705720660530  0.99044036607285280  1.00000000000000000
 -0.00004575796470029  0.00018300231121271  0.00045463918317797  0.00062121374322773
  0.00072227754207048  0.00082485375516905  0.00092104275829791  0.00100932332348584
  0.00109172997396826  0.00117146451344511  0.00125072120324623  0.00132755564034110
  0.00140268381657197  0.00148015153077707  0.00157156688970929  0.00167457792722960
  0.00177265570387622  0.00186050434086889  0.00194278478107524  0.00202334871825904
  0.00210275611150207  0.00217837250723018  0.00225246606153180  0.00233278648645400
  0.00241547909525021  0.00249751673277530  0.00254666299113344  0.00258927799818732
  0.00263038765379253  0.00267892179861144  0.00272530148876031  0.00277106371652165
  0.00282026496637740  0.00290341625896722  0.00300151340706694  0.00305852966441232
  0.00310789278229836  0.00315596420495514  0.00320545814150420  0.00325923849554226
  0.00332967453682361  0.00340850455381190  0.00348953216541142  0.00357147568176559
  0.00371484151099091  0.00380884177884669  0.00390382829733425  0.00398530822363795
  0.00403575961588126  0.00408541809350854  0.00414837854213886  0.00423331296256785
  0.00439477154375537  0.00448794135624081  0.00457367284559864  0.00465463339708789
  0.00477328212644654  0.00492166727070772  0.00504637973875277  0.00509053535675248
  0.00514353397487824  0.00519962741592023  0.00525203121680204  0.00534111167369963
  0.00541401185492544  0.00551228390509164  0.00559679923893271  0.00567841421371272
  0.00575984519598450  0.00585813023174072  0.00600618270111942  0.00615551120409163
  0.00625673209526560  0.00634507889711872  0.00638702151294698  0.00643660648772490
  0.00649061241016268  0.00654461833260046  0.00660754885837198  0.00667349150944055
  0.00673943416050913  0.00679971396077977  0.00685915239813053  0.00695995123740326
  0.00716393698614255  0.00736162634020976  0.00761256856014640  0.00802004488496311
  0.00820322650722969  0.00849081847404532  0.00897956321704316  0.00960571659281741
  0.01030310559022176  0.01120219169626535  0.04308446821063567  1.00000000000000000
 -0.00252643252848167  0.01004915243019914  0.02041688829226066  0.03002133719367954
  0.03932573220006060  0.04860138680124583  0.05797172119330037  0.06750552287818352
  0.07729516904887387  0.08745756774115050  0.09718642392597639  0.10712548580629139
  0.11700615005061141  0.12714255949604558  0.13755824092165525  0.14787959473858342
  0.15698386516330706  0.16820368318281170  0.17852383644670217  0.18920110405923191
  0.20163535684505657  0.21369211014620276  0.22752589487234073  0.24124573261015578
  0.25531260006791889  0.26853011726692322  0.28058500508396145  0.29187432656416012
  0.30293846142065950  0.31440544032371920  0.32674847855869849  0.33873174691324454
  0.35101480491407799  0.36253892534254128  0.37315371272425496  0.38310091854181655
  0.39369479807475466  0.40439753771583542  0.41623348424976703  0.43005149336633813
  0.44191366841445534  0.45179593710321442  0.46050789784789753  0.46929168389653075
  0.47928795928571905  0.49085900851539555  0.50297181013189696  0.51599602341535278
  0.52861063096137539  0.54150016459665140  0.55465281646149955  0.56770155560989843
  0.57886477196254571  0.58964789944723262  0.60053973374059988  0.61225408116552194
  0.62431312657133831  0.63638984491443429  0.64793455747428241  0.65905976932893151
  0.67196308886718303  0.68683666423027367  0.70020994118633029  0.71095595317105997
  0.72030329150838079  0.72941286580889197  0.73950566233716786  0.75187020028991014
  0.76279734335827531  0.77393142635809065  0.78518712201740515  0.79542328141719609
  0.80456349144148342  0.81319847700394476  0.82171352403319087  0.83009846708722501
  0.83827154580994134  0.84652061100928089  0.85543936621992711  0.86496824713554943
  0.87429527012884189  0.88296414649010724  0.89077592461819521  0.89934140121902217
  0.90878590254168212  0.91786031395951906  0.92658794328338911  0.93527828044935057
  0.94442719047652224  0.95128125037733657  0.95814077507309492  0.96504458565244811
  0.97250840761172963  0.98161705084183370  0.99121802847764895  1.00000000000000000
  0.32849581203023598  0.59667833291279382  0.63792387868267153  0.67393865085424065
  0.70298070334309293  0.72853880089637035  0.75326503917037169  0.77238053207747315
  0.78771451951775207  0.80330345527860625  0.81899612148405476  0.83327690790629216
  0.84560424444605053  0.85598536085277732  0.86552472911128864  0.87397138760289916
  0.88154973716098151  0.88875827677433816  0.89562911228828268  0.90172069913546671
  0.90714234452664966  0.91224581818805117  0.91718608399493373  0.92180912634737633
  0.92647540772724191  0.93090606901996042  0.93485608539243581  0.93832742625526899
  0.94135615865892597  0.94419275665613245  0.94699613142703887  0.94979992964847071
  0.95245213905180859  0.95508478797938201  0.95761955761293660  0.95976497294801699
  0.96152646042202561  0.96318728516189078  0.96478214663958928  0.96620748203549689
  0.96763357486859525  0.96897256474718796  0.97025749818665019  0.97155024975870585
  0.97282752572147302  0.97411616580240346  0.97531802637426213  0.97644361002176761
  0.97753617963868800  0.97851766150816510  0.97942615152463097  0.98029678902276385
  0.98115851718178460  0.98201783439392598  0.98283710944940583  0.98360247856822136
  0.98433714284275298  0.98503605259160365  0.98565557038507934  0.98626915291006445
  0.98687925290608913  0.98748388298369172  0.98808337525886258  0.98867032364499996
  0.98920240930075798  0.98972143073221652  0.99020609239975821  0.99066005778908506
  0.99109076743602753  0.99150388235600773  0.99189291556941905  0.99228123870537543
  0.99266100394111534  0.99303171777712129  0.99339378054807947  0.99374647621809054
  0.99409642326995640  0.99442558139278991  0.99473926932152879  0.99504495293799400
  0.99535926159088239  0.99567150415905159  0.99597914769273355  0.99627675076030964
  0.99659121031362075  0.99690245811162381  0.99720647518594574  0.99750184260700325
  0.99778198222904568  0.99805802147225320  0.99833087588258218  0.99860065454141611
  0.99889774641422180  0.99922168351729124  0.99958119108990173  1.00000000000000000
  0.07807106045716015  0.15619216444364448  0.18447545181951688  0.20274487880066461
  0.21654523883040974  0.22922945794839089  0.24122001612887115  0.25322426973674578
  0.26510108578972752  0.27545949046415419  0.28438850449188324  0.29259173294453561
  0.29984642348088836  0.30614978319962510  0.31228369409130435  0.31866795923595992
  0.32509977055717110  0.33130824695767752  0.33723447185067496  0.34317786542428630
  0.34868891738294450  0.35420933390184833  0.36018328099279134  0.36645682938782898
  0.37323469193088821  0.37999318215089806  0.38631560537317361  0.39221676933944855
  0.39788602974391424  0.40326238729215458  0.40847152091943706  0.41378325210331912
  0.41950613226131567  0.42546438577569734  0.43097193142893248  0.43627490702437133
  0.44134014786227693  0.44658058852732851  0.45189921057382054  0.45729683418057049
  0.46319230500346753  0.46877372074508533  0.47436457022033390  0.47940724821289760
  0.48420147634292915  0.48914877712957794  0.49415519640150135  0.49925070547461192
  0.50415514295433628  0.50912757546381138  0.51426366800698242  0.51876771105307939
  0.52318650733558170  0.52764303264063173  0.53163258153861104  0.53618407907790100
  0.54092149107391729  0.54600500658306161  0.55176306199093217  0.55727243223575651
  0.56297214586717326  0.56878204313117375  0.57391283595633691  0.57862281980102981
  0.58328217328251630  0.58806339760165005  0.59322133370833563  0.59881417364736877
  0.60497721614154309  0.61160395967831716  0.61774387200387826  0.62449969738871125
  0.63020709778219042  0.63588058211383391  0.64142998461267442  0.64726164091511484
  0.65353479969848849  0.66028244949768733  0.66734258252584044  0.67445411190053239
  0.68147123717970071  0.68864870411014656  0.69655707824511115  0.70474961742124598
  0.71284286613328907  0.72084556742108441  0.72921704147111510  0.73861693366823300
  0.74788465510518853  0.75759948405578015  0.76843402217418955  0.78192909712825265
  0.79812989486508568  0.82085421228188094  0.86149031159064526  1.00000000000000000
   7.5351188507466033E-009  -1.0000000000000000     
 F F F F F F F F F F F F F F F F F F F F F F F F F F F F F F F F F F F F F F F F F F F F F F F F F F F F F F F F F F F F F F F F F F F F F F F F F F F F F F F F F F F F F F F F F F F F F F F F F F F F F F F F F F F F F F F F F F F F F F F F F F F F F F F F
  <DiscreteSampler_grid>
  grouped_processes
  1 # 1 for a reference and 2 for a running grid.
  10 # Attribute 'min_bin_probing_points' of the grid.
  1 # Attribute 'grid_mode' of the grid. 1=='default',2=='initialization'
  0.0000000000000000 # Attribute 'small_contrib_threshold' of the grid.
  0.5000000000000000 # Attribute 'damping_power' of the grid.
 # binID   n_entries weight   weight_sqr   abs_weight
    13   10   1.603385611776196E-004   6.840390400086782E-008   1.603385611776196E-004
    22   10   1.589231170619944E-004   6.713948688118870E-008   1.589231170619944E-004
  </DiscreteSampler_grid>
