 -0.00255285819260903  0.00680758782319363  0.01569919891812382  0.02455960819061818
  0.03349937792609618  0.04227312934239862  0.05116172526245789  0.06088895480874465
  0.07071154568445881  0.08061730801372950  0.09100110905630407  0.10202334206160793
  0.11332782907894913  0.12414780846689387  0.13479410677635917  0.14522339208162779
  0.15647126158693550  0.16763608696328589  0.17922819754778604  0.19022805386056421
  0.20098424833370121  0.21113623369982043  0.22077838714164513  0.23007471972015606
  0.23970605427320490  0.24975443185541257  0.26025436843449518  0.27101781341961501
  0.28225336799882650  0.29342704004232573  0.30386211701483412  0.31410809875858481
  0.32464755051388583  0.33519282700898217  0.34511091607965233  0.35497879833947033
  0.36517134441186505  0.37540484909960564  0.38594669153021899  0.39676902041376094
  0.40813906975274222  0.41944528138017728  0.43089190312412468  0.44239417579369639
  0.45413831462969118  0.46506485037689055  0.47534343385552963  0.48566851144577888
  0.49599421063911858  0.50644290655143032  0.51606346671193892  0.52573547198489579
  0.53520820083813503  0.54503948891191922  0.55510520843834876  0.56553245584616574
  0.57622154629686884  0.58724909616852772  0.59859441347111753  0.60951262599323042
  0.62003107876716068  0.63035982837402915  0.64102039688743984  0.65184045389595480
  0.66255946931972909  0.67316845513262202  0.68374506079400221  0.69505775777250323
  0.70686125641700237  0.71865660462123004  0.73046174805405828  0.74248684290998268
  0.75407087289729424  0.76515015065366321  0.77587565239884859  0.78553595976578849
  0.79503984523038818  0.80482873393761367  0.81500865867049577  0.82499505746448554
  0.83502034865665353  0.84554395544457905  0.85640213342258797  0.86688685046160896
  0.87718592912404547  0.88746838836469921  0.89806977881012906  0.90917805332522184
  0.92028160848233920  0.93134015493844913  0.94224575836900148  0.95321389185700378
  0.96422939746466407  0.97529638065170721  0.98709055090053555  1.00000000000000000
  0.00017927613418054  0.00020840307941827  0.00022970443792957  0.00024888525926442
  0.00027010326735667  0.00029457166161502  0.00031529259005634  0.00032934280277869
  0.00033165340383078  0.00033982336043421  0.00042592397207904  0.00056927767811258
  0.00078941227800570  0.00090814630087315  0.00099168401502952  0.00109137514734276
  0.00119527498768409  0.00127473489040828  0.00132677858065048  0.00137487875079218
  0.00140252451279437  0.00143163335652679  0.00146697923529137  0.00150170731970869
  0.00153147342761921  0.00156160579926388  0.00159824694099991  0.00162641850705772
  0.00164986141835127  0.00167429408156433  0.00171724608141716  0.00189233680071682
  0.00201017712604885  0.00211483835177577  0.00221527866018296  0.00231589990481702
  0.00241985417543962  0.00253595072694432  0.00265893771630745  0.00279227603641169
  0.00303973237770332  0.00349308261551663  0.00430174758046255  0.00552935471563324
  0.00654990164608863  0.00737826911625011  0.00805972931345865  0.00864009794191948
  0.00917484074573880  0.00969837015068820  0.01022920280592586  0.01075750348924957
  0.01129870135754609  0.01183115767813427  0.01236061958420242  0.01292040373130659
  0.01352332754734521  0.01412480382173406  0.01473553213253852  0.01539337689656185
  0.01611830800085280  0.01688908092996848  0.01766836585535029  0.01848254165539044
  0.01934075215824139  0.02027193492160103  0.02116994277829752  0.02213219422235894
  0.02317883102581446  0.02440947753050004  0.02561070686522361  0.02682575144561966
  0.02812243061466831  0.02954407818465525  0.03105474900267346  0.03269492350488525
  0.03439835766163554  0.03619814010308947  0.03808749784345848  0.04017045616186239
  0.04240662302323610  0.04466571662409762  0.04699719590949908  0.05002917790303787
  0.05385529060034823  0.05814577952443606  0.06316129730585386  0.06797977617426730
  0.07337064234688098  0.07934563456684771  0.08814031992634633  0.10028212952898996
  0.11797864492837418  0.15592439557190552  0.39044427195979903  1.00000000000000000
  0.00000066073183889  0.00000087785618944  0.00000093669307590  0.00000099317959469
  0.00000104821561126  0.00000110340772739  0.00000115756974998  0.00000122322198192
  0.00000130026904297  0.00000138619040614  0.00000148947135701  0.00000160558365209
  0.00000173324289917  0.00000185454093142  0.00000197547654181  0.00000210692387209
  0.00000224292890831  0.00000242908261509  0.00000264342306229  0.00000289023914843
  0.00000316494701004  0.00000346457448267  0.00000379230893330  0.00000420163305143
  0.00000467585121542  0.00000522105457373  0.00000587264712889  0.00000651656642194
  0.00000720911941631  0.00000799357681276  0.00000889931924272  0.00001017327537308
  0.00001162452247520  0.00001334801180820  0.00001533282381174  0.00001748367430520
  0.00001999554180992  0.00002301838334594  0.00002691139088880  0.00003134932737291
  0.00003601755577744  0.00004153007011024  0.00004866448818164  0.00005740416955668
  0.00006712918701858  0.00007745983620550  0.00008957016747414  0.00010506078426700
  0.00012435834775526  0.00014569999073841  0.00016969665823773  0.00019568042536189
  0.00022596290773353  0.00026122538055932  0.00030258666290988  0.00034950907081865
  0.00040218733056105  0.00046043058261602  0.00052747956157326  0.00060328220282816
  0.00068976301965754  0.00079270589518683  0.00091251053634932  0.00105265700313839
  0.00121683698292501  0.00140817937301320  0.00162727894040248  0.00188473118655218
  0.00217835195783852  0.00250494761767252  0.00286532609520413  0.00324193148556799
  0.00366542437861115  0.00413797195884454  0.00468407981474944  0.00532382467407584
  0.00605886523131296  0.00690045196266348  0.00784662203343185  0.00883559618987101
  0.01003629048681819  0.01142457623530945  0.01301280678853060  0.01506380560392257
  0.01763877586578498  0.02085445662970388  0.02445702983710603  0.02825333528956332
  0.03293724013192661  0.03866401085591412  0.04590769761222260  0.05753087850946458
  0.07987166223517192  0.11140022687304146  0.28006284279485871  1.00000000000000000
 -0.00194013813295515  0.00989763544098051  0.02081165728466700  0.03202774847118742
  0.04320157918833331  0.05439432924902830  0.06563127065089469  0.07650427807549808
  0.08683262240367540  0.09695000879274836  0.10722815806818056  0.11754631591321428
  0.12789141164026602  0.13948678619650448  0.15147415334158920  0.16351436398910160
  0.17543347133273918  0.18748836738519878  0.19987547600699002  0.21225856040551797
  0.22326057338209351  0.23365718302449986  0.24409505580690577  0.25472804623717560
  0.26527709606869204  0.27596252320095427  0.28706528578996326  0.29805305339396648
  0.30880383750486590  0.31945329533004746  0.33020610473000273  0.34080072607553785
  0.35144617707021880  0.36158181017728530  0.37080014552554863  0.37988535974140536
  0.38878464159547210  0.39811344469985410  0.40773957393375759  0.41813103023738429
  0.42857236260048570  0.43955845925912618  0.45199002835390256  0.46361200854968460
  0.47423123388551214  0.48434865288553564  0.49488905373886793  0.50525665454767632
  0.51585691066852213  0.52746409003542005  0.53990502184511047  0.55126607341794198
  0.56170113995180482  0.57178787986987012  0.58195080875230065  0.59233869959460861
  0.60336882320018792  0.61354570408742837  0.62290822201588314  0.63192653234608653
  0.64051223975950444  0.64896953991428208  0.65803154153209642  0.66698516278791820
  0.67728950599037319  0.68739437428814443  0.69843472605591039  0.70945588118041569
  0.71971008733309505  0.72960307143159575  0.73981077887251856  0.75099358358052692
  0.76295160905818671  0.77443052175783744  0.78522490988508498  0.79582984704674542
  0.80654535671960648  0.81738954321490431  0.82842150832948758  0.83821021560800935
  0.84761018443085223  0.85660434401539021  0.86543794976939925  0.87533772325302528
  0.88569306962077166  0.89614687167263540  0.90649917254689760  0.91715260685102917
  0.92862244667073002  0.94043097661426800  0.95225246831119592  0.96469943984232154
  0.97543619612619104  0.98420013824122921  0.99241577409817727  1.00000000000000000
 -0.00192400597340052  0.01087147322153800  0.02031833774438770  0.02999207463641334
  0.03976990081854678  0.05049139002277722  0.06134337101473523  0.07233943940567275
  0.08314405425573954  0.09224431433782047  0.10191587804876613  0.11175999225362444
  0.12200694730134905  0.13233996196845141  0.14280133762525019  0.15485071784697310
  0.16728491882766106  0.17908329373555953  0.19035212016712022  0.20184565445990185
  0.21336605946620343  0.22452667707705654  0.23498610279669979  0.24553198953672845
  0.25572684822839570  0.26584463890062293  0.27613313594649991  0.28687595442232738
  0.29702962216905920  0.30653043168597538  0.31602888122236522  0.32625727421393391
  0.33704721592192249  0.34784449802009199  0.35821658902249631  0.36789891183204770
  0.37792544573795239  0.38849101781176359  0.39930104399827243  0.41088359282706421
  0.42345280886072811  0.43593027338308671  0.44639690605820370  0.45611344542388121
  0.46485051644873127  0.47499346463068348  0.48483007347443213  0.49398713954487017
  0.50321044183004182  0.51246382151905268  0.52252165072080226  0.53305493321161534
  0.54344900461736345  0.55420129096956372  0.56489898876609845  0.57523211637699656
  0.58529131024077996  0.59510494824749516  0.60490275562411733  0.61358398380495438
  0.62323853486925196  0.63376387452742300  0.64532649717949775  0.65669817243030515
  0.66741117180461440  0.67821041078717292  0.68909787613364759  0.70031935063258943
  0.71186137035683461  0.72315599721977553  0.73403071476026671  0.74535023055446814
  0.75683403710049535  0.76699115030794851  0.77657997645638399  0.78599473588126745
  0.79549540601162150  0.80721158883335620  0.81828783209318368  0.82897278207580449
  0.83939667122289918  0.84976155040112122  0.85981937867723679  0.86951544580676199
  0.88003350324881913  0.89112921863007277  0.90213857404493547  0.91312014480582326
  0.92410925150338485  0.93544578768093811  0.94667105619046066  0.95750873553805860
  0.96779486529917225  0.97814348711983901  0.98874928964819919  1.00000000000000000
 -0.00147272472874852  0.00945547952272581  0.02064577786648407  0.03224116074776569
  0.04572449397174694  0.05979718117226791  0.07423869209199579  0.08904652126159746
  0.10291185971890714  0.11590530742374558  0.12949926264583861  0.14397859249028183
  0.16061012607918132  0.17802461573055567  0.19576916984712334  0.21336815992648786
  0.23032514375253590  0.24602181987780666  0.25921155507962157  0.27257814123501889
  0.28602592546029554  0.30109188242444146  0.31548238738822565  0.32942128199658410
  0.34357426902443083  0.35803093060698460  0.37232381870454850  0.38609001837630352
  0.39949320798613291  0.41095672931344340  0.42275332302701008  0.43489741633527501
  0.44930786365607794  0.46185242062830056  0.47312780975894630  0.48382653948432386
  0.49591871262392601  0.50812535804003778  0.52057172272952934  0.53238674676667230
  0.54378996343458708  0.55472618477137281  0.56593330479393200  0.57770400468827243
  0.58931260166009936  0.60144864009184018  0.61327574415330710  0.62471504338052308
  0.63561345631057620  0.64624162683563313  0.65654422126937328  0.66636149023823577
  0.67567514134480366  0.68442828637664010  0.69337451962187058  0.70222650687435129
  0.71095583755707858  0.71868993484242294  0.72621096719355305  0.73360644676787534
  0.74130403643060028  0.74940185065108855  0.75835811311470391  0.76784753561558128
  0.77730461792384031  0.78639168055786879  0.79517441644937215  0.80396268799089632
  0.81252680054188053  0.82079699137012319  0.82885663181169644  0.83682228518235613
  0.84501509716972723  0.85319944462398900  0.86137164315627235  0.86896327875650436
  0.87642373378503102  0.88377174393796443  0.89131756473352530  0.89879756979703795
  0.90613976648466277  0.91332968455862207  0.92022484821458883  0.92698624979994881
  0.93367023554430195  0.94029198980466555  0.94674289923035315  0.95307944784589915
  0.95936455394350983  0.96533354234328295  0.97126124740685793  0.97712532335101976
  0.98288947759238066  0.98870612307596550  0.99446627115682762  1.00000000000000000
 -0.00263699176082359  0.01127257288071382  0.02265514048518399  0.03117239986472433
  0.03943288495345019  0.04751788876392229  0.05639364419877688  0.06616999295916046
  0.07619057136131355  0.08665181263822029  0.09686204430650436  0.10616559465987234
  0.11458207544475112  0.12284789029624367  0.13335529383100811  0.14318489015438102
  0.15243652213302125  0.16185737509843001  0.17145345605091131  0.18382944065337270
  0.19560590642006129  0.20704452041560351  0.21776239566823744  0.22848629107461901
  0.23919569250776376  0.25051509562792801  0.26007558098235473  0.26875787485390412
  0.27736009386308863  0.28640525050571880  0.29727089709381554  0.30871711456165146
  0.32002238759840840  0.33086437123364476  0.34133108088669739  0.35118200971248104
  0.36063514526275470  0.37013914739742976  0.37998891198454082  0.38998687444048896
  0.39883464349295611  0.40737392396424749  0.41611481941039441  0.42555516583610775
  0.43600680852747126  0.44724089288333430  0.45875289071976266  0.46963851039216381
  0.48100131632302795  0.49285974238772268  0.50435781754982179  0.51544833938491474
  0.52676631476394253  0.53898869615261591  0.55075071943361020  0.56348336131927312
  0.57572175310504814  0.58807647423381382  0.59900986102401221  0.60950555185794242
  0.62000454894295232  0.63103726291149165  0.64294308832107616  0.65409636003648508
  0.66498864509668221  0.67528964705600436  0.68580757667915104  0.69571866279707550
  0.70501807440300801  0.71483249948128735  0.72507139025333689  0.73633028492389319
  0.74782684209610462  0.75876937489583096  0.77034206732452692  0.78155910074306267
  0.79284835195688697  0.80272716123481269  0.81268636558869223  0.82253221176169045
  0.83236116442714303  0.84247724809859015  0.85345084285824813  0.86555114472171735
  0.87827985969295574  0.89077166625053572  0.90274281667288969  0.91409768337630570
  0.92497612516198902  0.93587295128809811  0.94722731001814098  0.95825140019525146
  0.96851430058453747  0.97824870528955976  0.98918297854385295  1.00000000000000000
 -0.00204186507248510  0.00891460535855341  0.01832592104057722  0.02966622247160993
  0.04112082962269403  0.05210340545392281  0.06329307129334097  0.07545089619930299
  0.08742836965449004  0.09890399961202850  0.11053484759593848  0.12194177524087535
  0.13281711270544516  0.14361304718907078  0.15542161453109754  0.16762552246034784
  0.17894438516113664  0.18871022990705638  0.19833171618785683  0.20841596960798317
  0.21936743892923252  0.23064852132768401  0.24115337956566529  0.25144059906987304
  0.26189778022850729  0.27265873189094003  0.28348171643050202  0.29409348308554883
  0.30499628103681642  0.31637142424480158  0.32875013447837198  0.34126739938705430
  0.35303261610481201  0.36394552097125815  0.37455438855563777  0.38527337241037696
  0.39619932154460874  0.40583418500530966  0.41483144694946961  0.42367399526612654
  0.43313572787159521  0.44461631616384351  0.45639034281170415  0.46746228724305217
  0.47795189944507754  0.48863584193496301  0.49955713567821636  0.51076252950060086
  0.52316599230304328  0.53572528075607295  0.54655664947470284  0.55657873252005741
  0.56659517666185977  0.57713997599657207  0.58834820067584936  0.59911002156744164
  0.60960083637823137  0.61989212046913111  0.62943699986006363  0.63804348090643015
  0.64659014584200136  0.65500965558110014  0.66494318034092770  0.67449796563267517
  0.68398575769149472  0.69393885661714472  0.70400282281793591  0.71356167627688882
  0.72281790301266602  0.73200453155800504  0.74056655711209041  0.74967888704778662
  0.75971168675192102  0.77095943270897083  0.78191862973264870  0.79301254568871860
  0.80489453138032785  0.81671261754822344  0.82762283944956139  0.83809782024045654
  0.84785462121942290  0.85787790860674584  0.86805830424159225  0.87815158411659389
  0.88780221195223552  0.89739177384066471  0.90813477359636852  0.91900887680546473
  0.92978391580161257  0.94051193442037517  0.95160351192555093  0.96275988055131168
  0.97181606703490664  0.98128792547012089  0.99074651594700502  1.00000000000000000
 -0.00041133744980189  0.00053033785018738  0.00147201315017666  0.00311031500736369
  0.00493962673113332  0.00729301262962396  0.01182773402875696  0.02591500397790636
  0.04275539839747888  0.06469436949923937  0.08749753836911356  0.11531928906031594
  0.14541848909611688  0.20175610636137115  0.23783018765146005  0.27049369455087718
  0.31255000385379050  0.34327450740938831  0.37081255509699529  0.40963030601792838
  0.44039196156596316  0.46658887600459520  0.48839585626190068  0.50845570080505897
  0.52715751895014873  0.54469212302114234  0.56043197395872935  0.57572561769847930
  0.58913062731719246  0.60222932003739116  0.61405965863759526  0.62518320302332986
  0.63579783346133745  0.64612132799600985  0.65609476969528280  0.66570866605470735
  0.67502094750744335  0.68383674955402463  0.69208112275266753  0.70000226174078239
  0.70791954248981892  0.71585568813051403  0.72362469734197465  0.73119757590865941
  0.73857033013754048  0.74563723387009206  0.75255378009333274  0.75940795734631772
  0.76594852770820809  0.77212662923608721  0.77808309730472458  0.78396057991950685
  0.79035262846357257  0.79662550331248605  0.80265629853589926  0.80845634704018399
  0.81403328226436000  0.81924177868991799  0.82421651761031112  0.82911757186945023
  0.83393106783763149  0.83897302925747963  0.84401784945582758  0.84897869559798866
  0.85383825262351343  0.85866527574067653  0.86346445526253057  0.86820225456961964
  0.87283564985466633  0.87726047954545361  0.88095568792658085  0.88453752452368650
  0.88811820103160688  0.89182955676063491  0.89612358612689358  0.90059014438664120
  0.90505229621943617  0.90963430597446171  0.91397197927238027  0.91805729972186234
  0.92200598506069464  0.92579073517878396  0.92940771285352253  0.93310687692340222
  0.93684297668842231  0.94067054769468605  0.94457885623210347  0.94859561646174206
  0.95270580910931379  0.95652132639897691  0.96082838861539399  0.96543223574178627
  0.97047133014278442  0.97653450307933920  0.98543524769361401  1.00000000000000000
 -0.01472922337887573  0.08612682698636065  0.12271621367098706  0.14595962437829407
  0.16321751593827311  0.17775618734649207  0.19124160784523056  0.20438220149456551
  0.21622465548978423  0.22720575251952502  0.23655228336262249  0.24532394782143449
  0.25312204263506549  0.26080016447500054  0.26827051946980118  0.27642549680317713
  0.28453712107874179  0.29181509113430404  0.29870751418627289  0.30529104352145292
  0.31166314062521400  0.31897555269477845  0.32656266075591917  0.33439509225453240
  0.34154348804257378  0.34854876778304572  0.35503667994871635  0.36140281241254180
  0.36770697994355800  0.37434652365235310  0.38144811769847337  0.38878559088798276
  0.39598659960743393  0.40308487889352790  0.41012394038281619  0.41758331930290443
  0.42535748958988628  0.43313266600998529  0.44064913505797593  0.44784776821891698
  0.45515866840037850  0.46228625157454362  0.46905246283159341  0.47568136775934849
  0.48233164982027260  0.48906855303947877  0.49632457788735507  0.50354345114585985
  0.51098638664341967  0.51834180631103932  0.52545171537466406  0.53233827013965163
  0.53881588886913989  0.54525084772875032  0.55180744618399957  0.55870601696422539
  0.56587029040294123  0.57307086399901075  0.57886585945169067  0.58465982032289310
  0.59062530184407380  0.59697078167185924  0.60437441840503947  0.61180359282327612
  0.61913858929113441  0.62629514712158674  0.63301120983792181  0.63998954816121700
  0.64675688343548943  0.65401087473417219  0.66117315710432456  0.66794334641019748
  0.67485933922369290  0.68168123380915913  0.68814118099728383  0.69519888586051581
  0.70197964386854250  0.70924970587926228  0.71729397746991419  0.72533056861360390
  0.73349213414445236  0.74237942944824487  0.75052219303173606  0.75725049256990884
  0.76387277275679100  0.77082237139404819  0.77863747697494834  0.78924805224465289
  0.80053935369012685  0.81216849593496721  0.82522593329645044  0.84073354587903004
  0.85942201925427386  0.88296588058095082  0.91586902709589058  1.00000000000000000
   2.1692056058811813E-010  -1.0000000000000000     
 F F F F F F F F F F F F F F F F F F F F F F F F F F F F F F F F F F F F F F F F F F F F F F F F F F F F F F F F F F F F F F F F F F F F F F F F F F F F F F F F F F F F F F F F F F F F F F F F F F F F F F F F F F F F F F F F F F F F F F F F F F F F F F F F
  <DiscreteSampler_grid>
  grouped_processes
  1 # 1 for a reference and 2 for a running grid.
  10 # Attribute 'min_bin_probing_points' of the grid.
  1 # Attribute 'grid_mode' of the grid. 1=='default',2=='initialization'
  0.0000000000000000 # Attribute 'small_contrib_threshold' of the grid.
  0.5000000000000000 # Attribute 'damping_power' of the grid.
 # binID   n_entries weight   weight_sqr   abs_weight
    103   10   1.695069519103035E+000   8.613066455686644E+000   1.695069519103035E+000
  </DiscreteSampler_grid>
