 -0.00203616020017748  0.00648669497377918  0.01531346038333991  0.02486771404113911
  0.03518728519336952  0.04549174177371661  0.05559960953786737  0.06582381539145492
  0.07631664139172513  0.08680982400793315  0.09719741451686166  0.10744574610047142
  0.11778822403571028  0.12827072738155978  0.13899728778819923  0.14993339914495551
  0.16103447465401827  0.17202013361826746  0.18280229670503345  0.19331313909957734
  0.20375163507129038  0.21436266508966120  0.22497011391341601  0.23552487421656740
  0.24589165673821450  0.25631225076931863  0.26679300870570216  0.27738079823175643
  0.28797138171097192  0.29858331106538605  0.30920602640536221  0.31958302512486114
  0.32984197552332872  0.34017246791706446  0.35062085766350026  0.36103827404120914
  0.37150752283660238  0.38224838560760238  0.39314010970435581  0.40421369591423550
  0.41510927079749504  0.42553483571563072  0.43577123372156623  0.44596116652550605
  0.45595872741349325  0.46590706229459283  0.47608139360096707  0.48675169666956936
  0.49765582485476823  0.50866379948314344  0.51952566498946307  0.53025363233876244
  0.54082349840075106  0.55149599652859371  0.56232955409313523  0.57322314858696999
  0.58409334820941206  0.59486727840320519  0.60558214877793659  0.61617652408801205
  0.62662522646368346  0.63731051847131814  0.64812524747586486  0.65914564701325129
  0.67002092290225601  0.68077963656742102  0.69154515831752839  0.70215034104307239
  0.71281565319135565  0.72363985365000327  0.73475632967516746  0.74597610171196704
  0.75690037508582753  0.76747626473155439  0.77788086259680855  0.78834695896141338
  0.79879851204351693  0.80926648792110989  0.81985234552031627  0.83069803857138846
  0.84133086459527762  0.85163995384379421  0.86202898785358906  0.87275836057345091
  0.88372334482259851  0.89463180300846945  0.90555340111470428  0.91654342963119917
  0.92777166307473846  0.93896053352667219  0.94979910686513824  0.96061853895952276
  0.97160417712225444  0.98195395576469857  0.99135326690513226  1.00000000000000000
  0.00000084037627941  0.00000088284870873  0.00000090925340132  0.00000093355918106
  0.00000095742269284  0.00000098282803100  0.00000101117772701  0.00000104103681873
  0.00000107117365421  0.00000110251170933  0.00000113647059728  0.00000117361259868
  0.00000121476975149  0.00000126003401281  0.00000130868760364  0.00000136207622283
  0.00000142214910555  0.00000148976942621  0.00000156556146347  0.00000165002593106
  0.00000174277214757  0.00000184652955983  0.00000195564889992  0.00000207729911041
  0.00000221023675656  0.00000236127111211  0.00000252909293594  0.00000272549498119
  0.00000294208445412  0.00000318982968731  0.00000347579923018  0.00000380413626950
  0.00000417596747586  0.00000459365323679  0.00000507186576897  0.00000562111610953
  0.00000623551924849  0.00000689690712620  0.00000761684980367  0.00000844173556029
  0.00000947449101747  0.00001072193906153  0.00001218226036473  0.00001390569332111
  0.00001591836903746  0.00001824574232966  0.00002088256439518  0.00002386422287029
  0.00002730049853020  0.00003138255286394  0.00003622820423790  0.00004189159703597
  0.00004838846689306  0.00005580119586246  0.00006452485830417  0.00007470160465080
  0.00008649707336709  0.00010008077974397  0.00011593307171424  0.00013448921862335
  0.00015600990027374  0.00018076586730929  0.00020884511608834  0.00024149018741452
  0.00027990188366231  0.00032595179526815  0.00037986322145369  0.00044106473488568
  0.00051064451041274  0.00059153946886916  0.00068700777836318  0.00079866910788816
  0.00092822465009247  0.00107911608359960  0.00125451022936935  0.00145772862118315
  0.00169244301797086  0.00195895102998734  0.00225929490685225  0.00261387309312586
  0.00303441286148989  0.00353894588199894  0.00413731045408040  0.00485271576791887
  0.00570545119638047  0.00670194795078600  0.00790860582529917  0.00944072656389729
  0.01151786057822640  0.01436985783008084  0.01821431636569945  0.02366654337843421
  0.03168462440785721  0.04719410951475062  0.11877077924673823  1.00000000000000000
 -0.00000295262491943  0.00003055072475314  0.00007411973856908  0.00012120678412824
  0.00016879728020847  0.00021782904730168  0.00026860344684993  0.00032118099225863
  0.00037484264996874  0.00042947390788434  0.00048502316621400  0.00054198625228221
  0.00060138054494145  0.00066213268171061  0.00072489388784480  0.00079005225549485
  0.00085797561438267  0.00092792126877654  0.00099852602006821  0.00107134454352522
  0.00114841015134534  0.00122889002843981  0.00131285819475793  0.00139903599791673
  0.00148779904669008  0.00158046881920549  0.00167734865289377  0.00177774660191574
  0.00188534115227148  0.00199799587923897  0.00211261258754262  0.00223686894510399
  0.00236178459929699  0.00249115503414492  0.00262605359742895  0.00276378623060340
  0.00290866972376912  0.00306444264268567  0.00323040996033086  0.00340343763204247
  0.00358747896620911  0.00377854485773887  0.00397879259444898  0.00419311098103461
  0.00442166896624894  0.00465848550250471  0.00489969038485185  0.00516148995257260
  0.00543027246696132  0.00571722068822855  0.00602514334317421  0.00635181996326289
  0.00668635239628724  0.00703399561096813  0.00738778157666240  0.00775548493232189
  0.00814411092869092  0.00856018871509458  0.00900807982796977  0.00949823775253411
  0.01001217361451767  0.01054196612693824  0.01109718893141722  0.01171598325152945
  0.01236534894980724  0.01297656020691955  0.01358219782523302  0.01418265506600565
  0.01488312918231179  0.01569777933988850  0.01657654693437428  0.01753422011787108
  0.01857009095274424  0.01967836636505447  0.02083041119961275  0.02204683978953607
  0.02348472969573012  0.02520265965751395  0.02706294650248656  0.02896376669988231
  0.03107426380928036  0.03310624572852826  0.03555140147403132  0.03819200261854094
  0.04105188030681664  0.04508610886131436  0.04884067471284038  0.05289161779329671
  0.05726758250653126  0.06254400220497761  0.06969148775278079  0.07740740664278871
  0.08973208283673818  0.12348020812445379  0.28443580918188033  1.00000000000000000
 -0.00209642369979875  0.00856678068680491  0.01794064648748772  0.02795524320157768
  0.03775227934055892  0.04776342917266264  0.05854226818319731  0.06930701800606309
  0.08024147630189557  0.09109555289478252  0.10190596862334003  0.11256462844649917
  0.12308416317949183  0.13349362036976684  0.14399294652626096  0.15462934545493734
  0.16523742060282307  0.17563435877745318  0.18603856343862679  0.19670819534021519
  0.20754456157672255  0.21839668347348587  0.22909978312974524  0.23936768453909282
  0.24949110578428146  0.25977946171629790  0.27012152132967271  0.28045845937467523
  0.29094251834664520  0.30196191526002547  0.31337274500453050  0.32483795370347784
  0.33618056144375308  0.34714875294421227  0.35799732275845975  0.36893082012022693
  0.37997068636591691  0.39102632802029347  0.40212720263540824  0.41316421431808553
  0.42413649868362624  0.43511193942637916  0.44628871650635205  0.45745184604554195
  0.46862850410227541  0.47987754060594662  0.49102289681637384  0.50175519267596846
  0.51217360400765299  0.52265797098479272  0.53315069178558139  0.54370372032065417
  0.55436040551500776  0.56544526467004752  0.57665169960791041  0.58758234957983446
  0.59838375206110217  0.60919061072383707  0.62022847105727297  0.63073538462661971
  0.64104271031725868  0.65136713465796348  0.66209679636155228  0.67277171767144395
  0.68330956644558349  0.69414092821833329  0.70489948737123032  0.71553222133358985
  0.72596355614967167  0.73683685719432124  0.74766308307997187  0.75825518383306456
  0.76875554339817653  0.77940198613371936  0.79041434604797489  0.80109273690607707
  0.81161967481759101  0.82212810167892869  0.83255614044606174  0.84296277804618258
  0.85332756039447644  0.86377810727598914  0.87411002432378182  0.88435719442378335
  0.89462545465286258  0.90467741979630367  0.91498310789942172  0.92556485903466290
  0.93592369743863890  0.94530719186398815  0.95430866961187033  0.96330551922321295
  0.97222261444950497  0.98186594563135809  0.99095809670862967  1.00000000000000000
 -0.00252083666578096  0.00989798522667988  0.02039616812595649  0.03122861560314635
  0.04197144386433171  0.05254880825140618  0.06329307691654963  0.07398096337449933
  0.08475962782317054  0.09522506949852994  0.10594230293126268  0.11689396893052456
  0.12718896260784743  0.13726273368186259  0.14710337166474913  0.15789053255337188
  0.16837051733620312  0.17860786528173228  0.18872584442809751  0.19912643168991559
  0.21028077596935671  0.22140748038438551  0.23225910593655166  0.24272479882536152
  0.25328487935235555  0.26394496270795587  0.27418508512447953  0.28442431536223151
  0.29482790259851854  0.30585267735912569  0.31670274689169903  0.32736436063230151
  0.33798319296783874  0.34880825811706578  0.35964600364859822  0.37055357959040469
  0.38158355088689533  0.39267517651601641  0.40361936905132745  0.41422781459710240
  0.42473029617065827  0.43526994561152210  0.44584068257325676  0.45611444298475995
  0.46625502798848956  0.47625151807824445  0.48656647258691066  0.49687340993223528
  0.50705297305384034  0.51712817426958124  0.52695056536650764  0.53712766415974378
  0.54750605060922353  0.55810033755825650  0.56861911568435763  0.57898219191633382
  0.58943366195001867  0.60007783092422329  0.61083450627622271  0.62169766747410593
  0.63264763285275494  0.64364227979035338  0.65457074203398213  0.66529719720034353
  0.67591304581324096  0.68661630721684708  0.69731746998776101  0.70785450635545244
  0.71824712990339612  0.72864616558577333  0.73935241620002001  0.75007961895861797
  0.76061008460257351  0.77106306931217550  0.78134848424828529  0.79146414456814529
  0.80181117411361391  0.81263838386497445  0.82371730296938428  0.83462432203260384
  0.84544165286307105  0.85592813871119056  0.86560567797441501  0.87532843015903505
  0.88446743156740271  0.89491202299925410  0.90511710716205318  0.91527959677852877
  0.92544668657225471  0.93524868078762513  0.94550285237356968  0.95561542850445169
  0.96648355191903790  0.97749952561949582  0.98890725885236097  1.00000000000000000
 -0.00190695546303975  0.00783050644447618  0.01722600889645327  0.02764628695976674
  0.03849602208891634  0.04938953459546250  0.06053376672448874  0.07133077392570132
  0.08205611820540973  0.09245678081445005  0.10318124949935377  0.11368201521864801
  0.12404374766699044  0.13439771435411713  0.14456379612983788  0.15487574869771911
  0.16525861862621744  0.17581349199072238  0.18643395029327758  0.19699657883738214
  0.20772307306950835  0.21857779648021267  0.22939857651041060  0.23993249845069728
  0.25059664326892872  0.26164379688721995  0.27283773156691937  0.28387824475041401
  0.29470326585907181  0.30547418068681115  0.31626693816491330  0.32686423161521405
  0.33757288637135680  0.34858870054157293  0.35948603343291885  0.37018013880623657
  0.38051947995567481  0.39097650849981502  0.40153510048557906  0.41212182842258105
  0.42277170709511869  0.43339432764941632  0.44395265775440657  0.45456358934211971
  0.46537577012245090  0.47630335520267103  0.48713561722843579  0.49802519874208612
  0.50897834891603511  0.52020725365158460  0.53100311936231237  0.54143118658528833
  0.55163028029686101  0.56181274349307309  0.57228035152323031  0.58290848847801480
  0.59384648831300102  0.60458262709700883  0.61513657116431397  0.62563636689464142
  0.63638055717204778  0.64692757842896509  0.65759869894770540  0.66842126069294905
  0.67955620515441095  0.69057955511972846  0.70129331189849708  0.71199490913586994
  0.72251103819477280  0.73323654938938276  0.74396635362640895  0.75450974006269522
  0.76517827554065709  0.77563908918714219  0.78593413563435621  0.79621190269081255
  0.80648556722114539  0.81704588532434586  0.82769227049511240  0.83873837457829958
  0.84995752559735382  0.86076605949644758  0.87038598647398335  0.87950180562383129
  0.88853652442918696  0.89807516665299270  0.90774106730448267  0.91751184439698863
  0.92755410735990829  0.93775376106467201  0.94833100336846654  0.95877439962151467
  0.96932315321262097  0.97950253058503600  0.98985566875485620  1.00000000000000000
 -0.00002882632632718  0.00098610089491581  0.00212086442688978  0.00304999696930192
  0.00401707236889897  0.00524389768956109  0.00643606514270645  0.00735895534451111
  0.00804831898004215  0.00859879568351903  0.00907097649285906  0.00950551095120585
  0.00992809936602718  0.01034277283195682  0.01074524555911049  0.01113513017460077
  0.01152817577032256  0.01192669258838953  0.01233126815773620  0.01274272154210702
  0.01315886250238900  0.01357870268590789  0.01399800444848129  0.01442230919142119
  0.01485744007436227  0.01530470579462910  0.01576342616884822  0.01622832251132970
  0.01668624898611724  0.01713938118722700  0.01760804728755520  0.01808990157780239
  0.01859729811508550  0.01912739918433181  0.01966391992667285  0.02023475180278316
  0.02080791443668131  0.02141359301675396  0.02207081089366922  0.02275085841838632
  0.02343882025238383  0.02412903511419854  0.02483216924137739  0.02556925716326812
  0.02634714188970012  0.02715561863257767  0.02796524723915760  0.02877522812773213
  0.02962347112433331  0.03052706064143977  0.03146818623873615  0.03244754047322148
  0.03347727103655022  0.03454979426483643  0.03565507718804613  0.03673292527360858
  0.03783344440109064  0.03894829101620193  0.04009819371297188  0.04127646688784872
  0.04261932360537117  0.04404005084949398  0.04548441552250329  0.04698075211121287
  0.04854218126298905  0.05022172297592651  0.05202814914656698  0.05387853036370190
  0.05559313453275765  0.05713637882618888  0.05863223558106836  0.06036168824894363
  0.06237618727955859  0.06483274686789087  0.06756675729379601  0.07040766496334709
  0.07344624597044469  0.07668645719012991  0.07981131709586556  0.08239286252506244
  0.08509793654891243  0.08833134489713916  0.09291310884352437  0.09774327183032976
  0.10260332736252244  0.10798256596445228  0.11425152133914016  0.12113144871175141
  0.12846011520323053  0.13623969097305011  0.14810827042759034  0.16439991337740112
  0.18515547928285964  0.21993606424266832  0.68829950230155124  1.00000000000000000
 -0.00357094756910896  0.01504898874394476  0.03051901398669955  0.04568015760331727
  0.06072923585002593  0.07588716492826432  0.09140356723382938  0.10610612949604481
  0.11975413837435592  0.13227385569535582  0.14386415982961936  0.15494104674326686
  0.16571907386719775  0.17664207236415763  0.18747627475947451  0.19786173461131781
  0.20763971384137206  0.21712389271609145  0.22664136947913441  0.23608734223475911
  0.24547302315636899  0.25488913656372603  0.26430454102518108  0.27379025417878466
  0.28312582250511747  0.29232083051616975  0.30198268056178718  0.31179229663383701
  0.32172754531395903  0.33133306798891310  0.34107909775498862  0.35101790327098487
  0.36116619195279392  0.37133376951382696  0.38145471742005371  0.39179319784417915
  0.40246820313964704  0.41368263574355513  0.42504624043594269  0.43638616490044824
  0.44779306327714358  0.45929725316818570  0.47067974868052259  0.48184890458658935
  0.49279285342899815  0.50402651811027566  0.51536204106315242  0.52640228426324898
  0.53734852906371777  0.54810529907812777  0.55863710762289132  0.56896571138384056
  0.57928244929932549  0.58944300417067885  0.59935525696733605  0.60897291554563393
  0.61868552335655036  0.62807671370358342  0.63698734460053885  0.64562647846205223
  0.65410719667951023  0.66255708560713922  0.67083826005736857  0.67882638948322760
  0.68679334544710779  0.69484849617022071  0.70299402962415625  0.71078586934885657
  0.71843929627755199  0.72607480279743353  0.73386882632004846  0.74167833972653230
  0.74942399021303685  0.75717441155215526  0.76497018106248094  0.77290040640083835
  0.78091998667764151  0.78903764278932553  0.79747746832955180  0.80637210494410982
  0.81575558516318203  0.82534760823391662  0.83493679598538273  0.84451099267706864
  0.85425621923853889  0.86438006358746233  0.87486320889149249  0.88586305512899077
  0.89776985457945235  0.91080432703508174  0.92449135352769296  0.93849947604803030
  0.95330364194510286  0.96847274461284827  0.98431599397547742  1.00000000000000000
 -0.02376379975860982  0.13208587697472512  0.20417319632592740  0.25694534975380900
  0.33416961342636703  0.41062975935816198  0.45832591098047037  0.48938727968520956
  0.51721329768643398  0.54032604825875574  0.56056970373541182  0.57831064220111406
  0.59408280320845552  0.60874361768363616  0.62244373700530164  0.63500205027575185
  0.64640706135953507  0.65696849784006739  0.66678150932606217  0.67603326923445994
  0.68488524984454424  0.69331351387384010  0.70137515256064009  0.70909628099746225
  0.71654356332004232  0.72380428245587325  0.73077130981261540  0.73734183018097688
  0.74362237993609359  0.74973846950754264  0.75577393965154649  0.76166494170752175
  0.76738241462973189  0.77288969009176767  0.77821519567559183  0.78341040171984466
  0.78846673958129732  0.79340018838477144  0.79814271649245760  0.80275688191924821
  0.80733147632638624  0.81177408663770434  0.81606417499581352  0.82024084779020101
  0.82434499360291735  0.82840177168716544  0.83238003775425873  0.83627385377700947
  0.84010132570733531  0.84382747568374827  0.84748799221382476  0.85107221778898845
  0.85457478599440340  0.85799522500886294  0.86140543994251628  0.86480506718515204
  0.86816206931061868  0.87142088380689131  0.87459658357822234  0.87772477149190586
  0.88081575372663523  0.88383971815158358  0.88680245010426062  0.88970071155883257
  0.89253629609894902  0.89536012800057985  0.89818496095957312  0.90099036811007449
  0.90379309945323194  0.90659797559754773  0.90940354522499189  0.91210929585895162
  0.91474390819901352  0.91729531352211269  0.91989159726683534  0.92252902581704244
  0.92518061781323702  0.92780932142907857  0.93042833966337279  0.93304564427386782
  0.93564669590751393  0.93824908066937140  0.94086987014331469  0.94355406951554899
  0.94631460949746504  0.94897561042404455  0.95165323062036566  0.95437254388223058
  0.95721852621937997  0.96041857456794832  0.96387579233698761  0.96756558550663008
  0.97175394894801603  0.97671431036088963  0.98441933266326276  1.00000000000000000
 -0.02337563938753753  0.10821427401181127  0.14507804540053054  0.16645396136494503
  0.18273874183276173  0.19672758572445095  0.20938584235912347  0.22080620740369394
  0.23130569890776390  0.24061235661171798  0.24931665645007006  0.25733286400731969
  0.26507334650319320  0.27250086819973129  0.27977156451275609  0.28674122124763396
  0.29348425822793767  0.29988211776269702  0.30620977642118219  0.31224792589513434
  0.31832379959611218  0.32436112874032125  0.33028858506271669  0.33618412472823389
  0.34196603126015862  0.34773519797600683  0.35333527851997881  0.35900880802883739
  0.36468829680163806  0.37031751825491549  0.37597684621512628  0.38158729800146995
  0.38718824689593012  0.39279978464426868  0.39833629338466653  0.40368569268717364
  0.40900893457971560  0.41427018699441320  0.41924956666317909  0.42417766561353881
  0.42911687987455460  0.43443958297587842  0.44002222809037644  0.44568874694501309
  0.45143033716556769  0.45721023615707496  0.46302208530460731  0.46882060540347464
  0.47465149890834524  0.48054813104559857  0.48642746969049799  0.49239473895156055
  0.49830725822568450  0.50423614301451780  0.51023056499806041  0.51628658402884886
  0.52248139379584124  0.52882977394329411  0.53521837284617735  0.54156612558383221
  0.54794111976631643  0.55427963526292678  0.56061271037107874  0.56706950836225789
  0.57353247092513804  0.58011862824584015  0.58668966556434354  0.59340834982705482
  0.60034024256735785  0.60734087501009260  0.61439718027744250  0.62142643048811674
  0.62857600692914950  0.63582890851727647  0.64317542457239041  0.65055575496938700
  0.65790368500461749  0.66547719697021979  0.67342019087852689  0.68204119777261041
  0.69079474844894773  0.69960638227101390  0.70852316105891522  0.71753331372932871
  0.72689431263164683  0.73664990723029855  0.74706992844681830  0.75836956546170686
  0.77042433150710798  0.78333485251875501  0.79740297249130287  0.81326879223402559
  0.83222740615395407  0.85581191158783576  0.89405480274087401  1.00000000000000000
   5.5176150784457243E-010  -1.0000000000000000     
 F F F F F F F F F F F F F F F F F F F F F F F F F F F F F F F F F F F F F F F F F F F F F F F F F F F F F F F F F F F F F F F F F F F F F F F F F F F F F F F F F F F F F F F F F F F F F F F F F F F F F F F F F F F F F F F F F F F F F F F F F F F F F F F F
  <DiscreteSampler_grid>
  grouped_processes
  1 # 1 for a reference and 2 for a running grid.
  10 # Attribute 'min_bin_probing_points' of the grid.
  1 # Attribute 'grid_mode' of the grid. 1=='default',2=='initialization'
  0.0000000000000000 # Attribute 'small_contrib_threshold' of the grid.
  0.5000000000000000 # Attribute 'damping_power' of the grid.
 # binID   n_entries weight   weight_sqr   abs_weight
    91   10   5.645628024191177E+000   9.654644835779962E+001   5.645628024191177E+000
    127   10   1.138002933165660E+001   3.881891380204611E+002   1.138002933165660E+001
    128   10   1.138002933165660E+001   3.881891380204613E+002   1.138002933165660E+001
    178   10   5.645628024191177E+000   9.654644835779962E+001   5.645628024191177E+000
    268   10   2.207124437610808E+001   2.555414030938844E+003   2.207124437610808E+001
    269   10   2.207124437610900E+001   2.555414030939134E+003   2.207124437610900E+001
    277   10   1.091970844648869E+001   6.349322545602763E+002   1.091970844648869E+001
    292   10   2.193782527338707E+001   2.550323377653698E+003   2.193782527338707E+001
    293   10   2.193782527338795E+001   2.550323377653974E+003   2.193782527338795E+001
    313   10   2.193782527338707E+001   2.550323377653698E+003   2.193782527338707E+001
    314   10   2.193782527338799E+001   2.550323377653990E+003   2.193782527338799E+001
    337   10   2.193782527338706E+001   2.550323377653698E+003   2.193782527338706E+001
    338   10   2.193782527338799E+001   2.550323377653990E+003   2.193782527338799E+001
    364   10   1.091970844648869E+001   6.349322545602759E+002   1.091970844648869E+001
  </DiscreteSampler_grid>
