 -0.00103168508057327  0.00115497229009792  0.00379664325295708  0.00741510190623314
  0.01458648468721527  0.02374234019545489  0.03604540983320343  0.04891734471329608
  0.06152915293001369  0.07373506219673483  0.08581913763222557  0.09642440187397200
  0.10682857515671916  0.11699350065092920  0.12657886762870710  0.13583770319853175
  0.14522966379333069  0.15490062014877387  0.16475843512615082  0.17474362510825647
  0.18489294367989889  0.19522148606583695  0.20579423821029413  0.21688210716389814
  0.22783676849599691  0.23834230724727057  0.24873918974284645  0.25926832523100540
  0.26998811419062990  0.28087319530602706  0.29165049471249765  0.30214683499700667
  0.31244180462930954  0.32248396060834489  0.33245047213976775  0.34188500517490372
  0.35095032298764167  0.36012105087748941  0.36913972426935493  0.37849136817134460
  0.38800073576799127  0.39747583937440112  0.40695566966136121  0.41634808080008034
  0.42558796852212505  0.43515070961272490  0.44519942732736317  0.45534581613861924
  0.46546988746342943  0.47596238834629417  0.48729497496485524  0.49913175487287731
  0.51088620260488027  0.52215106059076977  0.53270062628443493  0.54288783977809363
  0.55343261963355084  0.56494705099668396  0.57673604501243037  0.58866358130225982
  0.60071391845763311  0.61307032916201620  0.62539590643068455  0.63727106087466057
  0.64840090987265642  0.65885907142450495  0.66949871574675013  0.68013919543846557
  0.69095782712835296  0.70118683555732264  0.71083667659726191  0.72038960638710314
  0.73029838491429744  0.74062916239519916  0.75115427060330819  0.76215608560927106
  0.77329213538057695  0.78423991486311151  0.79503597245431235  0.80605887781310759
  0.81735072915634577  0.82845303692205752  0.83923325303975904  0.85003769445652222
  0.86124852769652027  0.87298008370580937  0.88552637460512162  0.89870228389200746
  0.91181046602869953  0.92421161817510944  0.93568686785516764  0.94680268551996705
  0.95865145054092782  0.97153929532371452  0.98460314737412091  1.00000000000000000
 -0.00000104879578844  0.00000602023141857  0.00001161739731553  0.00001924748844645
  0.00002881808856207  0.00004911691363181  0.00007768640658190  0.00010251626031790
  0.00011884892561419  0.00014645395472828  0.00018557134593006  0.00023828003115268
  0.00029502597015454  0.00035708873229498  0.00041968581387377  0.00047404679592355
  0.00052376758443802  0.00057349380826651  0.00062704472524919  0.00068468628952888
  0.00074859486957919  0.00081212092295375  0.00087765152982580  0.00095033325271926
  0.00102850314700878  0.00111076131522285  0.00120169106278565  0.00131274659046978
  0.00143249589695410  0.00155222471751922  0.00167539032079976  0.00180492360475166
  0.00194175702638990  0.00208178536599877  0.00222427702483236  0.00237179659234356
  0.00253188735823656  0.00270032407466008  0.00287388779388369  0.00305245030545617
  0.00323564323054381  0.00342644576273053  0.00363023494297415  0.00384169934277431
  0.00405221490285630  0.00426747001161433  0.00449307117885485  0.00474069081008422
  0.00500410301326885  0.00527055800743258  0.00553196772450743  0.00580561463078636
  0.00610094498008530  0.00641634137752042  0.00674753863119323  0.00709161885021446
  0.00745413775243376  0.00779275095656210  0.00813630230272462  0.00848501441358977
  0.00884231900732037  0.00921301325592767  0.00960933322238377  0.01001793267987955
  0.01043339614658320  0.01087112111488835  0.01134726075533142  0.01186478900687897
  0.01242256778717038  0.01302477025742796  0.01369079798136627  0.01446513929980562
  0.01517817073473744  0.01590490102978515  0.01664464958329402  0.01746001233817730
  0.01837059013490374  0.01928315361524022  0.02014273615934423  0.02104774199871008
  0.02210363649495010  0.02327448101115291  0.02448224454368847  0.02579381773845065
  0.02735395234814075  0.02891958153220370  0.03054245123517814  0.03238670262363093
  0.03439240944130267  0.03654736483092576  0.03930220616979609  0.04268312494156040
  0.04684771159880263  0.05314713532771680  0.26448909953528893  1.00000000000000000
 -0.00106171479154784  0.00375234098041479  0.00850552573634181  0.01356061513392254
  0.01762153964582008  0.02129171424763275  0.02491782125518713  0.02813631857545621
  0.03112764328361460  0.03435595390903406  0.03763844511280030  0.04096479236766557
  0.04519883057497446  0.05011631914399831  0.05505941645297939  0.06011291676194650
  0.06525846724279995  0.07065052611543256  0.07599224534176485  0.08089468950865666
  0.08572642895010164  0.09072664644172093  0.09621976021818815  0.10229541896793429
  0.10836709420814304  0.11449565474604813  0.12061143833674041  0.12640695951117775
  0.13175334343043232  0.13708274377349136  0.14236808979076238  0.14707672257850118
  0.15183709654912625  0.15641905379447060  0.16130141070466916  0.16640062680892453
  0.17148914841776208  0.17698274216059962  0.18262762921113057  0.18917690970097092
  0.19622572517200901  0.20382231532401887  0.21073096972523750  0.21682168860670251
  0.22277220074055307  0.22874056993165987  0.23480663258394932  0.24173990480377266
  0.24890370189005276  0.25630512530994287  0.26457055476522373  0.27279057900889575
  0.28081811940661222  0.28874807200350489  0.29674594053243469  0.30488458486169029
  0.31268037456673264  0.32064936033539704  0.32869108245325807  0.33656131206835471
  0.34434981831931138  0.35218346295462782  0.36036999247006535  0.36953357058970321
  0.37879396843758145  0.38899446523483588  0.39896076582478368  0.40860645551519653
  0.41903256316085891  0.43117691934148961  0.44390911621967660  0.45589350962677849
  0.46738202861861877  0.47943825777342886  0.49105927922347009  0.50194198040503513
  0.51190483451043534  0.52276608228389765  0.53506065340022158  0.54848932323287303
  0.56243104809392108  0.57716196945416975  0.59272501559193524  0.60959614738378387
  0.62758332012362106  0.64786867660980219  0.66946664571776093  0.69547033794409274
  0.72272843801242626  0.75002723287335105  0.76703822790781762  0.78952183039563395
  0.81335320280375878  0.85974792568206049  0.92175928878820113  1.00000000000000000
 -0.00242244168004152  0.00974932673231471  0.02041050508664423  0.03145896229457158
  0.04252295645359399  0.05306669040320648  0.06428812483609599  0.07465358870165892
  0.08493625593991207  0.09516829162849054  0.10626001490220233  0.11699743790926760
  0.12708745992766685  0.13726976772658323  0.14862666220853618  0.16051463675782501
  0.17223284368976169  0.18362381690175272  0.19666177719948186  0.20887551996367615
  0.21978335752716049  0.23039671879793419  0.24157500647620639  0.25260946330868000
  0.26329911038743886  0.27388636875845440  0.28476628031290374  0.29622612925029024
  0.30833753428379723  0.32115182852555951  0.33304992656754201  0.34270476038296088
  0.35158432086259134  0.36025395327266668  0.36974043936580103  0.38078034307468894
  0.39261604170999254  0.40094850627980189  0.40882990436443001  0.41689440338988631
  0.42451532909641759  0.43280781018156966  0.44361429225348847  0.45652386692433872
  0.46919029802012707  0.48156052134413507  0.49398848974095694  0.50635835579886213
  0.51811389950284170  0.52864383191053510  0.53746452944167245  0.54653924576866253
  0.55574406660187736  0.56629478937349986  0.57727818459208946  0.58787179813652213
  0.59918676930760095  0.61083913624405761  0.62296271071052878  0.63545445629924568
  0.64744276225762232  0.65866334230601953  0.66806028217936853  0.67803777284273470
  0.68744178731848804  0.69779155081616551  0.70837596612032538  0.72052097494251055
  0.73271585370002346  0.74332681810323753  0.75303268696586501  0.76206341144069178
  0.77150494643637091  0.78074910247891804  0.78990750085266959  0.79987987185501175
  0.80873699890878170  0.81860455151774858  0.82877111039244578  0.83857340614254861
  0.84613115429294172  0.85383975502131571  0.86161405904415433  0.87010922822659709
  0.88134093914041778  0.89285645945602155  0.90331076530247834  0.91376950821244718
  0.92447080532741155  0.93589948447871263  0.94657769593996421  0.95683427948897337
  0.96693916583260953  0.97779661550968500  0.98884254598875265  1.00000000000000000
 -0.00254875231726567  0.00993922119990857  0.02115743173225916  0.03194842897893507
  0.04261097908778257  0.05330867179845773  0.06408323104593534  0.07543473444296438
  0.08539872705224878  0.09388578014212415  0.10183306850028323  0.10964758870658686
  0.11858492599798773  0.12901430498960520  0.14070225540219128  0.15274760743203331
  0.16474721467904677  0.17489241339529132  0.18246529917189064  0.19019521591486932
  0.19843555646658170  0.20587625888762889  0.21853288062110940  0.23257127130831709
  0.24680936216916055  0.25902269252764321  0.27125522070092389  0.28230070918155409
  0.29230417750579329  0.30177593410217413  0.31147285045956746  0.32275372047321921
  0.33426863927719530  0.34568048722847744  0.35743373325763983  0.36967873833661097
  0.38182774879211778  0.39150776334490328  0.40101162614135899  0.41143288200156053
  0.42092092112221585  0.42944748412891548  0.44090319974776981  0.44994740493778418
  0.45900742174473008  0.46804619960389038  0.47822405628089082  0.48949509171876493
  0.50089508965955443  0.51341518033529032  0.52572893334922643  0.53707813853159625
  0.54853398997072711  0.55957981696107062  0.57191416369734027  0.58456444241420680
  0.59713756001822782  0.60929241180835947  0.62051434388003202  0.63146122710436647
  0.64270485325564564  0.65399602129133927  0.66507306828763291  0.67627736050389897
  0.68734179054198186  0.69707846093495018  0.70598236545302173  0.71542374534799369
  0.72623455431076966  0.73800186252734812  0.74949076005481152  0.75986329547995224
  0.76940969663293302  0.77855034952400437  0.78815382969250403  0.79884638586744972
  0.80951062021900377  0.81959167912103781  0.82770510046114132  0.83640225057798212
  0.84547385614284798  0.85580283491276510  0.86728847523844332  0.87938566768873327
  0.89182570908885106  0.90323985726435452  0.91440028826966491  0.92420939420988046
  0.93311030578089282  0.94172713592742341  0.95117083113010414  0.96194840733004272
  0.97201309070105724  0.98149882307089154  0.99086189355002285  1.00000000000000000
 -0.00049570427981449 -0.00029079807312975 -0.00008589186644502  0.00011901434023972
  0.00032392054692446  0.00106250301993083  0.00186511975083798  0.00266773648174512
  0.00392440393619430  0.00553966081333286  0.00876670620224023  0.01545944837306693
  0.03624968436862019  0.10177161935610449  0.16668563050555968  0.22175559117734781
  0.27165668792744480  0.30148224422578707  0.32369604085365994  0.34322931176509319
  0.36271023401361902  0.38089607931385089  0.39677417881161231  0.41073640916118742
  0.42254400273460901  0.43316758274631489  0.44335075659732825  0.45449179193087258
  0.46469351276394344  0.47368316021152235  0.48229936094038467  0.49092233867746166
  0.49978594045657687  0.50876036360385812  0.51767514694718686  0.52616349856496947
  0.53448386233529666  0.54262400858363058  0.55047454642828375  0.55808237550007356
  0.56553635612369202  0.57295930751644453  0.58018366350523487  0.58710856995497651
  0.59390084754091532  0.60061389461905879  0.60729141298610712  0.61376855731729285
  0.62022250319497496  0.62660098795333719  0.63290862715993623  0.63917514109448204
  0.64544785569306129  0.65196569542909344  0.65860554976776364  0.66499435674272922
  0.67129416468181169  0.67760896388035308  0.68380901647086467  0.68999594941325204
  0.69624820639721163  0.70268071694291878  0.70898543173586304  0.71497581931079224
  0.72091503729283268  0.72678878010483017  0.73278731393981211  0.73875181344474083
  0.74479392417396295  0.75097887353315840  0.75711311398992709  0.76317477665776945
  0.76925120075993259  0.77533369701476074  0.78143142995105619  0.78744130951231495
  0.79335985049869218  0.79934574417311599  0.80558273111807677  0.81230454004613750
  0.81903162579243260  0.82571067740320359  0.83242677174004698  0.83923731864043172
  0.84635192302318718  0.85356286279001847  0.86097327667384949  0.86899748198481608
  0.87673640260428298  0.88497734622877688  0.89394737653926171  0.90443394624742979
  0.91623949908031432  0.93037390844807588  0.95192607311997368  1.00000000000000000
 -0.01188053108369602  0.06278867155420528  0.09055173481125066  0.10961294624903194
  0.12364075384601406  0.13389594344503866  0.14203886396055485  0.14943899825807233
  0.15658149085953835  0.16111363254030261  0.16530328597831134  0.16962320082922183
  0.17387475698811222  0.17897194753378226  0.18483708984281766  0.18997357916490687
  0.19488993382376518  0.19976959250627968  0.20456536359498093  0.20890246543326632
  0.21283899826740271  0.21665362324738904  0.22050492475414943  0.22517920435360136
  0.22951110015811402  0.23373811609436904  0.23799838923926464  0.24237938813238580
  0.24687858752403241  0.25125554593587501  0.25539578977894889  0.25944884766024778
  0.26363314272106658  0.26810539653436083  0.27293947760626275  0.27771580615217262
  0.28224906145685758  0.28659317162010189  0.29092040349232301  0.29513236792966580
  0.29929365415666875  0.30355612122255798  0.30781058055877070  0.31214188151166589
  0.31632270416879021  0.32019158820908489  0.32432744832615373  0.32848560205145649
  0.33314466440076518  0.33755203014631147  0.34193978229236160  0.34606472291221319
  0.35063799931352463  0.35509244510418225  0.35887434112244881  0.36258543062819532
  0.36632257752254505  0.36937868266317719  0.37411603781652164  0.37997832170808660
  0.38621593383870484  0.39239911390406984  0.39815835285296386  0.40392616122498581
  0.40956703761512386  0.41585732946492626  0.42289564128767915  0.43022536323405064
  0.43668953624599854  0.44255681169197175  0.44840463166139877  0.45381821966801433
  0.45992850109165689  0.46677673515595086  0.47437601408242025  0.48371125316425612
  0.49371406500227749  0.50397499322072914  0.51412253249047413  0.52458099569012440
  0.53551955117723404  0.54734147230162622  0.55938171648860202  0.57204318867303061
  0.58484482056805986  0.59490045640132860  0.60467952268667791  0.61438024341794595
  0.62592675323335012  0.64320769271385569  0.66079193264728586  0.68118709769086172
  0.70625810344146356  0.74199265565589223  0.79899589977769614  1.00000000000000000
   4.1494652128199889E-008  -1.0000000000000000     
 F F F F F F F F F F F F F F F F F F F F F F F F F F F F F F F F F F F F F F F F F F F F F F F F F F F F F F F F F F F F F F F F
  <DiscreteSampler_grid>
  grouped_processes
  1 # 1 for a reference and 2 for a running grid.
  10 # Attribute 'min_bin_probing_points' of the grid.
  1 # Attribute 'grid_mode' of the grid. 1=='default',2=='initialization'
  0.0000000000000000 # Attribute 'small_contrib_threshold' of the grid.
  0.5000000000000000 # Attribute 'damping_power' of the grid.
 # binID   n_entries weight   weight_sqr   abs_weight
    19   10   1.020171401271776E+003   7.323145553943433E+006   1.020171401271776E+003
    20   10   1.020171401271775E+003   7.323145553943428E+006   1.020171401271775E+003
    40   10   1.046049882834056E+003   7.782252718806599E+006   1.046049882834056E+003
    41   10   1.046049882834056E+003   7.782252718806599E+006   1.046049882834056E+003
  </DiscreteSampler_grid>
