  0.00228342322086693  0.02093954043778669  0.03657166677100032  0.04883876053719104
  0.05970005614530706  0.07008409984367911  0.08015253087793694  0.08997488598814898
  0.09969241499069668  0.10932240825042848  0.11874125674156913  0.12819111677375353
  0.13778060029162675  0.14749318463670025  0.15719181651027919  0.16708628782200025
  0.17726302930726398  0.18730971605224678  0.19699150682952216  0.20666859805033416
  0.21639901200621992  0.22619392512623612  0.23607558641478338  0.24606523674973807
  0.25627209099364084  0.26652864072001792  0.27695738027701861  0.28745929989368890
  0.29783132655653405  0.30815544194263861  0.31845040552364828  0.32868033959440845
  0.33883600264386116  0.34897622994890837  0.35910395319351562  0.36923680721148766
  0.37945764005405153  0.38974653501593315  0.40001599913731006  0.41014709989434944
  0.42023591623528844  0.43031216539728334  0.44029620280778925  0.45017061428814031
  0.46006352463274214  0.47006721582977828  0.48008609119666257  0.49008998997680614
  0.50019769619586263  0.51046080157406870  0.52066084279616343  0.53086159518172038
  0.54112753967177762  0.55131834556871140  0.56141763960455882  0.57149992108606895
  0.58155718128485068  0.59164573917806240  0.60170405917017333  0.61178634292592238
  0.62183738435137037  0.63194404398905391  0.64216652856567258  0.65242997585644436
  0.66273242849557079  0.67323373867594671  0.68395725439150645  0.69477955623451693
  0.70561693572272255  0.71638967577321244  0.72691911440189649  0.73733541033049455
  0.74779387650740325  0.75828833292178599  0.76888124947865710  0.77958774103322936
  0.79025636804304100  0.80074032376872561  0.81100659456451607  0.82114015208225744
  0.83119721345518394  0.84127048734308341  0.85153317141728646  0.86206406652886214
  0.87270399710916025  0.88320839029829690  0.89366848480965999  0.90427792046118027
  0.91491308222527423  0.92540084055872363  0.93612520743959304  0.94766633259375244
  0.95976471833205257  0.97205959971928591  0.98541546030459493  1.00000000000000000
 -0.00000006760755233  0.00000990327663306  0.00002097851586235  0.00003535203649028
  0.00005216878391058  0.00007195827522803  0.00009429575445885  0.00011816912547996
  0.00014259691858666  0.00016708914087290  0.00019350280028353  0.00022124266099620
  0.00024955329041149  0.00027889232544149  0.00030905536548381  0.00034041623795670
  0.00037295044188192  0.00040687524874042  0.00044251487024421  0.00047947978971663
  0.00051714732050024  0.00055565780100563  0.00059537257441056  0.00063672250961980
  0.00067994723725951  0.00072429795875632  0.00076944095429813  0.00081556266956133
  0.00086287461884058  0.00091222729489666  0.00096399523167926  0.00101753684687639
  0.00107293085555203  0.00113163788053315  0.00119283185516301  0.00125547777001034
  0.00132177111082933  0.00139193914005988  0.00146430650590686  0.00153956478645248
  0.00161874011244281  0.00169922254516425  0.00178425716921636  0.00187477233516050
  0.00196949562691693  0.00206626444367316  0.00216984013269055  0.00227740374503804
  0.00238830578190958  0.00250479086389188  0.00263012123244823  0.00276044958317373
  0.00289397722136600  0.00304164057333546  0.00319995143517017  0.00336622951266235
  0.00354379046334863  0.00373419502518843  0.00392226833124524  0.00413062138484464
  0.00435413894776593  0.00458644612577444  0.00482969959629288  0.00508841749336084
  0.00536235565374013  0.00565510509450805  0.00597716000537135  0.00633343080674524
  0.00671345068369828  0.00711005999710085  0.00752012511388553  0.00795162253312154
  0.00845134773563392  0.00899923992926721  0.00956921149768052  0.01015986923977513
  0.01078027828313218  0.01146111333451420  0.01224031258482521  0.01305702476162970
  0.01397141333833983  0.01495975726432357  0.01602711273385463  0.01721427528276728
  0.01855374954800052  0.02005924580840688  0.02175730563884484  0.02376830004896871
  0.02610244914229910  0.02880558501643760  0.03181019280304089  0.03529943115280493
  0.04081042149628116  0.05196304845205954  0.34206095598381780  1.00000000000000000
 -0.00216590006917915  0.00887561564704919  0.01855556948147418  0.02889415178265321
  0.03908258874074259  0.04990909558162288  0.06055403799703585  0.07093980143819806
  0.08115703446090564  0.09172384798672936  0.10273449917834357  0.11305288995487493
  0.12342067882837035  0.13365688491725430  0.14377301598889458  0.15429465232338263
  0.16502354807068517  0.17616769296826798  0.18702380991527326  0.19763644711448008
  0.20830891262950654  0.21817754093138469  0.22826194196975338  0.23839739129815996
  0.24860299595367488  0.25882071761713765  0.26934703015250466  0.28006707234409955
  0.29081868310388020  0.30112379493347485  0.31147390437410905  0.32214876740152276
  0.33285375471484169  0.34342558868911249  0.35384494571945130  0.36461349610729138
  0.37541946700440548  0.38619451488750556  0.39683791385921208  0.40762205943280083
  0.41832818736716981  0.42913404263459953  0.44003388142473343  0.45064963457083007
  0.46119616185046142  0.47142402723407439  0.48191936502982952  0.49229379472559637
  0.50265945879704510  0.51291515141601418  0.52334079826805824  0.53393880331464338
  0.54456458322408641  0.55502177532274599  0.56548835257732788  0.57568240680223615
  0.58586361665448727  0.59623198029925051  0.60666853342129923  0.61712799741396818
  0.62753715762433060  0.63800822726122031  0.64833833763467508  0.65852334167551230
  0.66885397263448820  0.67941628138954147  0.69001214992758131  0.70081076344223603
  0.71160683182732598  0.72222794941194968  0.73281645244537019  0.74329578896482240
  0.75379627610958699  0.76431331700491767  0.77486534908166405  0.78579750743726406
  0.79657783438262286  0.80723942438957896  0.81795967411734327  0.82860929593779264
  0.83946456871847197  0.85015774134739774  0.86082259281674500  0.87162411748651392
  0.88254323337778151  0.89320897962069157  0.90369838978339334  0.91374124854885141
  0.92407306403658851  0.93481559026586003  0.94553343021571157  0.95646598705906671
  0.96736104893582908  0.97840342207703102  0.98922164973008742  1.00000000000000000
 -0.00234305280213719  0.00931973031378910  0.01894339996270554  0.02918274661673998
  0.03966875605183355  0.05026456810077888  0.06102241885099613  0.07230211454534256
  0.08365429208983789  0.09460397977465147  0.10519068959055605  0.11576437179494388
  0.12631736998558860  0.13668204542449749  0.14719910556180107  0.15793773644172529
  0.16892425524148705  0.17983222023393394  0.19030502911837743  0.20036393265388761
  0.21060544811841719  0.22084435395232177  0.23121223722766299  0.24118856677798653
  0.25101840012315041  0.26095430863880248  0.27111033636099752  0.28164507664015476
  0.29208612259270655  0.30228415346473875  0.31253556013592432  0.32325584252627670
  0.33402373251197592  0.34458989783312688  0.35493412323036683  0.36531292900532275
  0.37557963031468128  0.38560161796659975  0.39545208812999227  0.40540899035959332
  0.41552020877573104  0.42577437413530123  0.43624196767720097  0.44681166356183621
  0.45738375977264228  0.46774391183242237  0.47810169929007151  0.48855442735618587
  0.49883319588713870  0.50933591196222261  0.51994238487840860  0.53073892402400946
  0.54129648392685803  0.55184591537697392  0.56265003699882565  0.57324036423528579
  0.58392324718494215  0.59460589889706417  0.60552246519744868  0.61639857766131911
  0.62707729725590278  0.63771219388684941  0.64847041761452451  0.65939321608717327
  0.67030370921648608  0.68091364661314102  0.69169858564740849  0.70238405372720569
  0.71321829040758133  0.72403282032166427  0.73473341265123293  0.74526524639738334
  0.75577456788417641  0.76595395181442294  0.77640914919110482  0.78657582214313426
  0.79733163017936326  0.80796841325970636  0.81850226515248292  0.82887405759276356
  0.83953042179741166  0.85041545757826498  0.86134439087579973  0.87219636706861137
  0.88292378561737916  0.89364166811544710  0.90409885157618441  0.91464958247430539
  0.92532796214294299  0.93657661564129702  0.94780022880568349  0.95893045515469100
  0.96920054806060485  0.97955757378815311  0.98976228476572081  1.00000000000000000
 -0.00251224902113072  0.00966129394975547  0.02000543410049208  0.03073257594803950
  0.04120401380126514  0.05158105954000523  0.06183469651705639  0.07226531640477196
  0.08253527078565123  0.09282459107105598  0.10328868585690924  0.11372698274501088
  0.12421493710197329  0.13432455461993109  0.14451913847270217  0.15478831301186594
  0.16506601216757180  0.17529289990918262  0.18566175097165402  0.19612063397698698
  0.20667832996714738  0.21707036548616024  0.22783445644514647  0.23931030429445310
  0.25110585017440490  0.26273549441539590  0.27400430055847369  0.28491600338275613
  0.29542917542634228  0.30586800667514574  0.31651607223655126  0.32756790284705078
  0.33856439915871067  0.34913452800850575  0.35965311287859514  0.37030921344903828
  0.38105840747977687  0.39165507960915125  0.40216866092965092  0.41272324921708409
  0.42304842543233967  0.43338262577917042  0.44387012919001856  0.45447929814322341
  0.46508366305241716  0.47538982712837052  0.48602584078050620  0.49688395189286821
  0.50763646314609789  0.51800582146947471  0.52838183028541563  0.53882688866797634
  0.54907748222717145  0.55914173171397208  0.56923346767097960  0.57944204716130665
  0.58963771962190858  0.59990037716205113  0.61024611983846078  0.62057084331389067
  0.63093035722054591  0.64123992735350233  0.65186371689999212  0.66270629747507892
  0.67352002746283979  0.68423514689804066  0.69499784138796139  0.70592998971356513
  0.71684533261374339  0.72753221500539178  0.73810508918716167  0.74866946808344548
  0.75935845132931490  0.77028649230127755  0.78101090430584585  0.79180627970976059
  0.80261384527570179  0.81342049401068428  0.82386321283253339  0.83405287618495039
  0.84456450454687115  0.85484160947628374  0.86510093619761996  0.87533938433896574
  0.88597706961869582  0.89668518146613696  0.90715007839228423  0.91732618398648436
  0.92736375410620597  0.93763131676149292  0.94825883471785499  0.95884578802772125
  0.96904475150372571  0.97892105409658381  0.98946954642840057  1.00000000000000000
 -0.03119752608475762  0.25610542969814742  0.36762066133823029  0.43360627576961036
  0.47531703725614083  0.49758559908273942  0.51637279749887721  0.53503578953901021
  0.54970375220814649  0.56074319649911153  0.56983666926964027  0.57798337154768331
  0.58532425966083734  0.59204520656541737  0.59836083116309979  0.60441536563610510
  0.61015979278904375  0.61557914527318536  0.62067711242503043  0.62546452656698714
  0.63003835508267059  0.63444202124979721  0.63871018315502581  0.64287138505925612
  0.64691081355326774  0.65084220666298553  0.65473352100717919  0.65862229395964544
  0.66247029643989441  0.66623011865978665  0.66992132620770262  0.67356160670818344
  0.67715667729041218  0.68070750597114849  0.68421897649381624  0.68776636913496580
  0.69123305217578102  0.69467230698750471  0.69810035539333126  0.70153571697999884
  0.70496389736323894  0.70839253964479132  0.71183431437267863  0.71526239022295601
  0.71863556827989106  0.72197194386541730  0.72531965943151055  0.72862090050486505
  0.73194987281685853  0.73526190173871497  0.73857383438611990  0.74190284625327829
  0.74521844026582307  0.74854105111913849  0.75182517912419733  0.75506998801559932
  0.75831662121108645  0.76158361583638501  0.76486083549702877  0.76815186578081618
  0.77148187595612849  0.77483331916222564  0.77819461780122223  0.78162839450965271
  0.78500859151761715  0.78842679930852466  0.79184164686400882  0.79531825360422348
  0.79884566244727984  0.80246045047040893  0.80611257878445242  0.80981048397377153
  0.81355553893614652  0.81734889830690183  0.82122749783828319  0.82520696598360688
  0.82927972356338253  0.83345617585786180  0.83775965470010971  0.84219620999232392
  0.84672255364106175  0.85131340031925939  0.85604723865682930  0.86106246519570961
  0.86622628021066428  0.87158676301599980  0.87734410087590808  0.88337338994429360
  0.88964758312443804  0.89637954536618647  0.90397846008336613  0.91232977633954382
  0.92185528645094617  0.93385395709118590  0.95318528297183058  1.00000000000000000
 -0.02942434432368213  0.14299643791843955  0.18018235860846302  0.20138125345433464
  0.21729255108760170  0.23020486098276108  0.24129491568309952  0.25146283055243474
  0.26081950826819655  0.26949645441455744  0.27746388248775716  0.28503900772654717
  0.29228408357384461  0.29916051192332099  0.30578133161562099  0.31225363267571804
  0.31859967566506714  0.32479374139236394  0.33087729201272820  0.33681825827846101
  0.34266986342931427  0.34837654607072505  0.35399394925356920  0.35957118230201496
  0.36506699228281658  0.37045852706292665  0.37576502291119346  0.38108492082293627
  0.38645038626747302  0.39177078353032524  0.39694524456127972  0.40198598894161464
  0.40697957066677176  0.41197759793128541  0.41702058421346472  0.42199278805062040
  0.42689330678746995  0.43180411551306819  0.43674946935642833  0.44179013085802787
  0.44680582659475082  0.45177752862939302  0.45670956234888310  0.46159112565159444
  0.46644037116875831  0.47130653333802042  0.47613915514695232  0.48091353575350676
  0.48565570395003960  0.49037185175946124  0.49514364109288178  0.49996254394673006
  0.50477283635964065  0.50962291376956137  0.51445374529306720  0.51936016953599162
  0.52429150284119430  0.52926009531506879  0.53422993416586628  0.53932430577465273
  0.54438131194141026  0.54969065296720554  0.55492519461696443  0.56016896202753874
  0.56540957170995976  0.57064951923117857  0.57594566156357241  0.58131950100374752
  0.58682699104142666  0.59248250791803392  0.59824313864033940  0.60407857317170255
  0.60994681074391655  0.61583576033712883  0.62181610726481518  0.62792757759060192
  0.63425389196380610  0.64076289862958735  0.64741416034273080  0.65432279343630351
  0.66144541526950773  0.66885718292994167  0.67643226953952074  0.68401617256819935
  0.69200415008170446  0.70041947586763054  0.70937116623159957  0.71918862292443730
  0.72945790272161237  0.74148289370206122  0.75464119149306186  0.77006452756702171
  0.78836401282980828  0.81285206185593728  0.85385480260169966  1.00000000000000000
   9.2379334428467944E-009  -1.0000000000000000     
 F F F F F F F F F F F F F F F F F F F F F F F F F F F F F F F F F F F F F F F F F F F F F F F F F F F F F F F F F F F F F F F F
  <DiscreteSampler_grid>
  grouped_processes
  1 # 1 for a reference and 2 for a running grid.
  10 # Attribute 'min_bin_probing_points' of the grid.
  1 # Attribute 'grid_mode' of the grid. 1=='default',2=='initialization'
  0.0000000000000000 # Attribute 'small_contrib_threshold' of the grid.
  0.5000000000000000 # Attribute 'damping_power' of the grid.
 # binID   n_entries weight   weight_sqr   abs_weight
    10   10   3.044517536240380E+003   3.738483995198277E+007   3.044517536240380E+003
    11   10   3.044517536240372E+003   3.738483995198263E+007   3.044517536240372E+003
  </DiscreteSampler_grid>
