  0.00476187885151355  0.01254605760422766  0.02211359077049720  0.03299884096625949
  0.04362141452001470  0.05435956137078994  0.06469292930460628  0.07547637155790078
  0.08623384887355665  0.09687886770457302  0.10768605347550766  0.11771993222698207
  0.12796220001216344  0.13818589933503128  0.14829492599710598  0.15860227685541900
  0.16885691886273960  0.17973943740323375  0.19025029944194377  0.20053119509329462
  0.21055363311748515  0.22094868749071292  0.23112422769435301  0.24106740972912105
  0.25107680332316529  0.26122404253394194  0.27151476017964093  0.28186020770064568
  0.29207701936064967  0.30260505997960296  0.31296997408148536  0.32358438293605263
  0.33397001343649291  0.34425478523432618  0.35437354248968861  0.36440507252895415
  0.37461459107131390  0.38472830134260266  0.39502852661626120  0.40523952884643671
  0.41532943781914861  0.42563994283767287  0.43605473184918819  0.44694076267177113
  0.45766868737903138  0.46823690459038420  0.47889758403165622  0.48944599358942387
  0.50007219546734882  0.51040583105610793  0.52076809349865805  0.53124849423039611
  0.54171926320117247  0.55220872479425853  0.56263969157241844  0.57320519327298791
  0.58380794753463561  0.59443155698369410  0.60506616443115713  0.61549441137111849
  0.62583329820402511  0.63630554512099224  0.64692843148502155  0.65787229092890931
  0.66881231131414987  0.67976054746590753  0.69067920953670536  0.70134945832571949
  0.71225243287854156  0.72277131130421191  0.73321846207360974  0.74352572447934784
  0.75368446705657788  0.76398052616930578  0.77442852525568473  0.78519824599173560
  0.79563559901757686  0.80564457259801359  0.81570364206525747  0.82615343230646510
  0.83647461340663565  0.84670949328796241  0.85684270317664957  0.86815815722769207
  0.87942953690452819  0.89058505129180043  0.90146293600280503  0.91263724422895331
  0.92346953783939478  0.93474710465224276  0.94550355244739570  0.95655014354842416
  0.96733062463907837  0.97834146266969013  0.98919399527548912  1.00000000000000000
  0.00265564579729183  0.01986463159766701  0.03480381395732060  0.04739993688986226
  0.05900421046344988  0.07008829927961410  0.08082192127097565  0.09130085437338673
  0.10172194104101651  0.11201756119728061  0.12201059734499645  0.13189705788785902
  0.14185726733132678  0.15201820538464256  0.16207981272246130  0.17194636003828348
  0.18213226327869533  0.19250965732838773  0.20324015790914010  0.21405565298420184
  0.22478446932685722  0.23508565985642277  0.24497046582436077  0.25495428567824907
  0.26533823732810335  0.27565743239602203  0.28569609070629848  0.29579999957381464
  0.30640279062923442  0.31702821384888002  0.32764495110531106  0.33809770307375903
  0.34860787326325848  0.35880841929094676  0.36884403156587897  0.37902589605219994
  0.38935375655534632  0.39972892925208547  0.41003903722384277  0.42015154899315155
  0.43010692767463982  0.44003082932376802  0.45025143368194387  0.46061465923229111
  0.47086481383400491  0.48110901744641377  0.49154574108136218  0.50197336055927766
  0.51234962848838062  0.52278453348212528  0.53346731950084214  0.54423113943866952
  0.55491258088720530  0.56528087852844588  0.57538922521082481  0.58542407990396705
  0.59557404916154544  0.60573929148189054  0.61588909520492763  0.62618429643965756
  0.63651917213902454  0.64683773703121161  0.65710483190749669  0.66766693676305688
  0.67846557510514371  0.68904636608634184  0.69936346763505164  0.70954065352079587
  0.71944512548895723  0.72938084158488670  0.73909165080739447  0.74879162362529472
  0.75852493331279314  0.76837844804718747  0.77871755798183961  0.78952560038390995
  0.80021278154380082  0.81087905598169396  0.82136147774745061  0.83162494559247280
  0.84187048789155650  0.85232547246374923  0.86269850555762273  0.87287509784895245
  0.88306077149434670  0.89341036891233983  0.90352503929178019  0.91353546008644027
  0.92373811259232086  0.93402031311933531  0.94423511465125964  0.95441375666620487
  0.96450397388686882  0.97426222033908239  0.98404944808021144  1.00000000000000000
  0.00016278653743081  0.00024860447788965  0.00034923825446094  0.00044618812050069
  0.00053199917600123  0.00060792263078288  0.00068028090163269  0.00075263892458908
  0.00082586346351472  0.00088540913366301  0.00094512312913834  0.00100537341426956
  0.00106466701916799  0.00112588812061474  0.00119066469118209  0.00125792190560200
  0.00132674633822012  0.00139620346113979  0.00146422718770061  0.00153118719687244
  0.00159650692343710  0.00166427601348414  0.00173256259788523  0.00180220128576761
  0.00187253453977423  0.00194258310305015  0.00201219511767038  0.00208537374773959
  0.00215996570225107  0.00223656608106064  0.00231486340497848  0.00239454188265179
  0.00247452249671142  0.00255466243061504  0.00263606707440599  0.00271907717804899
  0.00280377802279256  0.00289013785095140  0.00297907491392943  0.00307384567166991
  0.00317079970948122  0.00327277537599840  0.00337684461801775  0.00348421355549183
  0.00359435036693156  0.00370624934850825  0.00382259128746862  0.00394548943447252
  0.00407309788184555  0.00420351046220980  0.00433718344607900  0.00447978947517124
  0.00463603357459054  0.00479590724988656  0.00496576653506379  0.00514435676883025
  0.00533249113917724  0.00553012279029367  0.00573519124171945  0.00595137629719962
  0.00617950130122185  0.00641779160910926  0.00666476492060227  0.00692045611835519
  0.00718350689179915  0.00745540801812615  0.00774498279156969  0.00804662442391148
  0.00836693867321041  0.00870194056172472  0.00905554826560783  0.00943246491303517
  0.00984229572124595  0.01028253896099735  0.01075762376957469  0.01128051940148599
  0.01184412179170061  0.01246187906479543  0.01314456286974229  0.01388789371878447
  0.01468133959672542  0.01555760672250467  0.01656889313697821  0.01774215405416534
  0.01908217401637798  0.02061325872318879  0.02240447691860853  0.02454530943767790
  0.02718292555112333  0.03048976167708875  0.03469049352714535  0.04029021436619656
  0.04833466969881038  0.05974252632690923  0.07684568226109213  1.00000000000000000
 -0.00258273017944718  0.00980166873885944  0.02024853983512659  0.03082069476635066
  0.04130730293151631  0.05180886510237569  0.06203621216402909  0.07245680567094984
  0.08298201582721701  0.09378954860228172  0.10474862660573510  0.11564373561854391
  0.12637563039256236  0.13687435315315821  0.14741137038987837  0.15793077741854350
  0.16836181900075559  0.17881462678588289  0.18925547890093494  0.19985196707762679
  0.21023015518732782  0.22038267082190019  0.23044119534455978  0.24063265750525559
  0.25083784796494668  0.26067542798429044  0.27049512131270437  0.28061628867915933
  0.29075681462790737  0.30101899270602128  0.31109836124479207  0.32171224743714510
  0.33256435923181327  0.34368429932397615  0.35472726888938422  0.36572294337116779
  0.37652771907400928  0.38717396886162819  0.39762399150570577  0.40795547896430528
  0.41818216869392277  0.42828070314018762  0.43825889614014907  0.44848122196333051
  0.45872684661609303  0.46890045765578797  0.47893943020990959  0.48936806323654514
  0.49974951815266228  0.50998276140257914  0.52004605368081780  0.53048314210398650
  0.54110862152585892  0.55150856967648410  0.56173646430628121  0.57199996413097631
  0.58224125298235629  0.59258133253019130  0.60303685024471121  0.61371465033053718
  0.62447089688000901  0.63514136481933314  0.64596601391258368  0.65689147277046234
  0.66767401504223978  0.67807172988957398  0.68841883272301063  0.69911726948472097
  0.71000267443005116  0.72072483354466366  0.73129104989666083  0.74189063250352072
  0.75266304415604257  0.76351435099873899  0.77424840056042654  0.78473819755403873
  0.79518956524362294  0.80566334662974393  0.81612875284234032  0.82652372345634972
  0.83697458289330495  0.84774017255380474  0.85863831120118894  0.86960785792024986
  0.88085683718960672  0.89230543579263377  0.90295634076910591  0.91364116855106481
  0.92474328554515561  0.93611861173503363  0.94702661707576163  0.95724882580317272
  0.96786649427156424  0.97843181643881516  0.98924097965634283  1.00000000000000000
 -0.00260426210424849  0.00993454148969921  0.02059152863539445  0.03143647984516484
  0.04220730771072124  0.05278610056758275  0.06346029388132071  0.07370142905428198
  0.08384401115264553  0.09401040208437941  0.10425788564801992  0.11461772807613523
  0.12511879958457525  0.13609386085379574  0.14695557259372213  0.15759075639306666
  0.16831508638477849  0.17911274279458134  0.18985045529079908  0.20043949567236669
  0.21131125469643683  0.22221128260591350  0.23290124275674784  0.24332334078178369
  0.25395184991585368  0.26458556896593277  0.27518480915937649  0.28571816275753426
  0.29670656954848468  0.30776823105882645  0.31860405640309009  0.32930409632356300
  0.33993690817249606  0.35057057460895324  0.36120543610310635  0.37164850392002208
  0.38201608354062028  0.39231304623960978  0.40298546650379774  0.41360538496639360
  0.42439876354839756  0.43525305568644235  0.44596935911954227  0.45671061658192036
  0.46709760172776510  0.47723017329943673  0.48725745045839092  0.49734732352996697
  0.50791311005281725  0.51831076252579211  0.52882486689442743  0.53949682489386008
  0.54994176961429042  0.56061295795425703  0.57141055985414857  0.58226762129383480
  0.59290381104704426  0.60327212204085157  0.61365466167241212  0.62405205780880724
  0.63457237091802354  0.64525711640248873  0.65578805792849970  0.66585712671886310
  0.67641397703578565  0.68702705792227370  0.69761185187830999  0.70816698716673598
  0.71844701228081898  0.72865514985124591  0.73879755307665929  0.74913891456782877
  0.75956119237873831  0.76986307168256274  0.78008242708033826  0.79020362156828428
  0.80040295228292890  0.81050420253217459  0.82126710505605238  0.83149792389707389
  0.84222080688457812  0.85295894834967889  0.86311217812704022  0.87324588925977931
  0.88362570018097530  0.89407778241637348  0.90454117250455635  0.91516801578152351
  0.92640564730103847  0.93759881973884807  0.94830145422319079  0.95895820613904870
  0.96926061137181274  0.97975831125407542  0.98983140637224254  1.00000000000000000
 -0.00236321661617955  0.00939483558544148  0.01994407812268601  0.03092402625810358
  0.04199330174267470  0.05267691034747159  0.06327701628278562  0.07395449999924926
  0.08486219337376903  0.09565890664491483  0.10646548678064514  0.11711981085413772
  0.12787179829564921  0.13869484622524555  0.14908718450541114  0.15930694984117366
  0.16961766440887591  0.18038334213223561  0.19149861294319431  0.20264115746907130
  0.21344720694123517  0.22401323698984923  0.23476228766653434  0.24568995661627682
  0.25663536419628691  0.26743543903773215  0.27830530574710760  0.28912151044490442
  0.29956485798063559  0.30967254484238621  0.31971813178100739  0.32991762880606479
  0.34024475643634472  0.35050277411744885  0.36064352191736493  0.37065012685706938
  0.38074254011242997  0.39098974241834633  0.40132843592491713  0.41159264785803679
  0.42205156318229714  0.43277282355323515  0.44342533392066086  0.45402120368256410
  0.46467497304565603  0.47540947988578025  0.48654509865565676  0.49783542481708126
  0.50894015505538481  0.51961760062763140  0.53018355388351812  0.54073949999521209
  0.55102732147575972  0.56129274404808094  0.57190683989919755  0.58281173128456831
  0.59372642646966012  0.60458378654414591  0.61521620318137704  0.62575312311513309
  0.63641546403113480  0.64726541052307385  0.65830787091102627  0.66917067978079348
  0.67986734671777105  0.69040480603571186  0.70081501348608122  0.71117152278458173
  0.72152608733502466  0.73195779123203841  0.74246635779926273  0.75296080121589282
  0.76336223908122147  0.77378875864405927  0.78401209887521250  0.79428935289909197
  0.80462737650496652  0.81530129783087768  0.82628507793371575  0.83704389425905501
  0.84769151079887073  0.85813916065799944  0.86845083818608881  0.87856432832771647
  0.88857661906995622  0.89880498486313487  0.90941613533958199  0.91980995148515898
  0.93004126763939488  0.94000894345982744  0.94962494058345681  0.95941425243678202
  0.96934996054202027  0.97947017593305530  0.98983233131743886  1.00000000000000000
 -0.00247318765749942  0.00973101557217267  0.02052136182599978  0.03128778644543084
  0.04205790326171758  0.05239503221864623  0.06266579050343903  0.07330970205974520
  0.08409136652699044  0.09474828541963221  0.10533390765114403  0.11620146807022000
  0.12691706762898133  0.13734068469578439  0.14759393374898425  0.15799407950840508
  0.16833106934797681  0.17858599910118769  0.18896646739117701  0.19929815175928503
  0.20955736221294002  0.21984818662908517  0.23043298468152762  0.24123877779896882
  0.25189991840434706  0.26247149762616501  0.27284523987882447  0.28309503030444555
  0.29344977328842770  0.30405182488652355  0.31476198926801052  0.32524802214704868
  0.33566217137815468  0.34604388548620924  0.35636401510037802  0.36667101151796722
  0.37692830420360018  0.38709123266182527  0.39720238170075617  0.40743148341228558
  0.41756774120718460  0.42765160605961888  0.43763214905893616  0.44767032099801307
  0.45750660308600999  0.46773359982916951  0.47805199958325068  0.48887003226451942
  0.49965830031389502  0.51056677950851337  0.52140451518115427  0.53216347379864493
  0.54271939862842933  0.55335243178796978  0.56388454942922361  0.57416849198352482
  0.58443715111442918  0.59466470252821502  0.60490776922671485  0.61501837232749379
  0.62511773133706694  0.63571261689854508  0.64614538008913658  0.65656492664746158
  0.66704732496920627  0.67755331122920825  0.68813124157241390  0.69819093716014158
  0.70835151258922457  0.71863004331529556  0.72924720799626497  0.73968772920790804
  0.75014078783735560  0.76069244315331475  0.77124978437935943  0.78198930399719491
  0.79272885592281106  0.80366893009976081  0.81467042513390098  0.82547484878633504
  0.83628637028159991  0.84701202274699616  0.85804859713662829  0.86939519619627303
  0.88084699530382549  0.89179799917153624  0.90273261307704633  0.91389483988589937
  0.92464045893283786  0.93554201283892557  0.94647549698138633  0.95750198679539211
  0.96801257567592713  0.97871358201999537  0.98938221800930304  1.00000000000000000
 -0.00257411387198972  0.00999228674423570  0.01998597310510500  0.03042005769992082
  0.04088137705141822  0.05162730887657244  0.06242069745258722  0.07268847497502746
  0.08297265614997194  0.09382397363756534  0.10437773463791909  0.11510722487036155
  0.12546425044571172  0.13656895425684468  0.14749339314394277  0.15851969332034305
  0.16934818005500199  0.17994073517442014  0.19031774706204671  0.20087591631355517
  0.21130805175338682  0.22126905926377605  0.23115285771120672  0.24110996395832157
  0.25117036614363158  0.26185508233862492  0.27234862819718253  0.28292596599122166
  0.29315040608444703  0.30368229745122777  0.31420531432226301  0.32480843218466826
  0.33514762056685415  0.34525147203531359  0.35515369379589745  0.36544221587542519
  0.37576635961835403  0.38599815299235374  0.39643550954380075  0.40745669611162327
  0.41872103377395858  0.42892373745581142  0.43927845892563366  0.44901306410644809
  0.45885764870741297  0.46913708939797416  0.47929751807816123  0.48935621339837954
  0.49941302657034076  0.50969234106686245  0.52012053744844799  0.53029593685122756
  0.54051530502535550  0.55101753525746455  0.56175929018934512  0.57230847051222322
  0.58278218333095144  0.59355402171133997  0.60444213246864220  0.61515248226359054
  0.62557501580298103  0.63613382483866165  0.64654317499521374  0.65685223542475435
  0.66718875603979233  0.67784040587799388  0.68867964563035755  0.69972883624379911
  0.71090463721843722  0.72198888356405966  0.73294486423702876  0.74358431127250535
  0.75475919560769955  0.76573153582787079  0.77666150198097927  0.78742097882601769
  0.79786358216577336  0.80845834395822025  0.81889813723114047  0.82968052962804351
  0.84048215308903196  0.85120554711850172  0.86206769420916429  0.87325579190362612
  0.88449291698683175  0.89579643680880305  0.90679689135654828  0.91758294651401606
  0.92793610638557089  0.93811761802776827  0.94840042207987785  0.95876725239683769
  0.96918339174047508  0.97944778587780301  0.98981613003481261  1.00000000000000000
  0.15710309451771493  0.50785760776748867  0.55404161338172087  0.57430356478998612
  0.58871911357396634  0.60065089707009955  0.61083233029081696  0.61987775901358733
  0.62803662260811843  0.63557581279672803  0.64280598943221456  0.64959953180998076
  0.65598368974404564  0.66206987120381133  0.66778108273308290  0.67319297883004769
  0.67849231766254636  0.68365668066014817  0.68862954632634921  0.69336162795534717
  0.69800167321481055  0.70262756658277303  0.70727500018357070  0.71161841119806046
  0.71578340813583452  0.71983381649601164  0.72379426124469981  0.72768464845135572
  0.73146094198606959  0.73518991327579208  0.73887397242526964  0.74246979835776139
  0.74609079823858304  0.74966600866273159  0.75322685050334370  0.75677659200669134
  0.76030877816749309  0.76387362419177418  0.76734138797706630  0.77070136398514622
  0.77397045942307574  0.77720895022565728  0.78044210337094932  0.78364997337094255
  0.78680876464898797  0.78991312272363057  0.79299912142704521  0.79609849673206523
  0.79919552541351602  0.80229808515907142  0.80536945399306636  0.80835905314922207
  0.81136842623670713  0.81427944873278446  0.81717619883972437  0.82009010892851220
  0.82302451171256452  0.82592705118858878  0.82876612632304281  0.83155513051550378
  0.83434585496222746  0.83718782116214308  0.84007743029834159  0.84300651665267334
  0.84596103599328576  0.84887777541272513  0.85172450829410540  0.85453733262610865
  0.85734375428022402  0.86017174220213755  0.86303129390773659  0.86593967533544447
  0.86887901475086815  0.87180390405215069  0.87472571929484810  0.87766593879700039
  0.88066907623984336  0.88372909026144919  0.88689549109904098  0.89010068432034029
  0.89333856964697644  0.89659502406627622  0.89990784897731446  0.90330926488674967
  0.90677224656006661  0.91034791670063553  0.91408274043791315  0.91806190872459592
  0.92231909503514986  0.92684533579608430  0.93171363674288665  0.93729713248677049
  0.94416769421052360  0.95268281156029655  0.96596165037079340  1.00000000000000000
 -0.02178522660007385  0.10822351506306915  0.14925761899282119  0.17511662250907564
  0.19509943433613608  0.21152164609413862  0.22543892101657156  0.23785466893855262
  0.24923074321400304  0.25971650621480252  0.26948348430194408  0.27872822410350079
  0.28764274753020741  0.29638580186958974  0.30482971603181114  0.31275245333072554
  0.32008750917620910  0.32718347193872294  0.33411281860042330  0.34070332468736320
  0.34710803999441614  0.35351963085335142  0.35980696172115922  0.36611037233690613
  0.37233884043254817  0.37839427273599330  0.38434116519836631  0.39016711667805137
  0.39594280353136091  0.40165674845399030  0.40727877959865233  0.41280906506586901
  0.41818009955177476  0.42336026561491585  0.42844185571908083  0.43353964365306008
  0.43864244053613677  0.44381934108605120  0.44900515353835951  0.45416282417930998
  0.45939059354937134  0.46472262200878683  0.47007020007942263  0.47530603739625049
  0.48042436086331353  0.48549177546215561  0.49053140857557459  0.49561177246795229
  0.50071655727834152  0.50589987141506909  0.51111391339892331  0.51631141581925089
  0.52162007902539853  0.52682767489002602  0.53216707107379990  0.53737303377487200
  0.54263423130791022  0.54805962464058788  0.55353313163161955  0.55899830241492698
  0.56442726304989776  0.56983074444388071  0.57528197199774800  0.58083697941526558
  0.58645634206864616  0.59208308304145441  0.59773625487409032  0.60347127830614455
  0.60923264106468455  0.61503615366836151  0.62091965398673932  0.62700064800603150
  0.63327034512514213  0.63962471916142227  0.64603871475375030  0.65260113366461059
  0.65916875224422200  0.66590679798675934  0.67290232188769716  0.68023606687427518
  0.68779300698210999  0.69551941505741743  0.70341715496026136  0.71170901984668633
  0.72061386095316271  0.73019233821933582  0.74042643635209227  0.75130702894901302
  0.76268935861658493  0.77536280830046034  0.78972151501447307  0.80623638046287094
  0.82616871839890560  0.85254411870378510  0.89312418371156110  1.00000000000000000
   1.7149570053549844E-009  -1.0000000000000000     
 F F F F F F F F F F F F F F F F F F F F F F F F F F F F F F F F F F F F F F F F F F F F F F F F F F F F F F F F F F F F F F F F F F F F F F F F F F F F F F F F F F F F F F F F F F F F F F F F F F F F F F F F F F F F F F F F F F F F F F F F F F F F F F F F
  <DiscreteSampler_grid>
  grouped_processes
  1 # 1 for a reference and 2 for a running grid.
  10 # Attribute 'min_bin_probing_points' of the grid.
  1 # Attribute 'grid_mode' of the grid. 1=='default',2=='initialization'
  0.0000000000000000 # Attribute 'small_contrib_threshold' of the grid.
  0.5000000000000000 # Attribute 'damping_power' of the grid.
 # binID   n_entries weight   weight_sqr   abs_weight
    16   10   9.939968010867764E+002   9.056976628805298E+006   9.939968010867764E+002
    17   10   9.939968010867769E+002   9.056976628805308E+006   9.939968010867769E+002
  </DiscreteSampler_grid>
