  0.00292012140959331  0.02071180779151605  0.03579917480278198  0.04758979389950677
  0.05792444289565004  0.06792033650126748  0.07790392714460070  0.08782228968762888
  0.09744392108078757  0.10717725262922553  0.11730941728001945  0.12753296452341514
  0.13740351493530983  0.14733581778098215  0.15741815406060994  0.16739649302314905
  0.17714350674678855  0.18684308672428177  0.19686642463471934  0.20709064443946337
  0.21707249005239596  0.22698224971315911  0.23676805545386989  0.24680357856574600
  0.25704512120397355  0.26741830251999155  0.27768362463100760  0.28825101875614495
  0.29870054656463291  0.30918822199860452  0.31960910980187723  0.32991930747388015
  0.33996212378859081  0.34983499155875541  0.35974077460647996  0.36974229805508585
  0.37970368656859854  0.38953888329928044  0.39937498030835794  0.40935597264468548
  0.41956902047034234  0.43044288116178431  0.44123027383976532  0.45189608204265691
  0.46214704216926972  0.47226348971222470  0.48234900787714535  0.49240611209374846
  0.50247026640808035  0.51220558537097116  0.52218567681920325  0.53272406234369918
  0.54311670653857558  0.55372290375523869  0.56425417853957405  0.57536568991099513
  0.58602709099208994  0.59612798298966607  0.60611748400470089  0.61601870461750563
  0.62593869508608102  0.63572641812572206  0.64554503690088816  0.65569419472014656
  0.66607182830640210  0.67674677152050489  0.68758417665065930  0.69831932168988731
  0.70907008417085571  0.71963398533803391  0.73019693221488413  0.74060443385362718
  0.75091325862814251  0.76106340681832430  0.77123984201828266  0.78166487138990248
  0.79219327341302426  0.80252166447707263  0.81283144366010918  0.82313068486502361
  0.83346975821278291  0.84404357420296638  0.85466650148489465  0.86525077437909148
  0.87558481235686159  0.88576303940892143  0.89599203138913042  0.90638128867610912
  0.91707121534129454  0.92791835713112270  0.93875186765134766  0.94983933791005148
  0.96166373547338102  0.97403785867572013  0.98698087658070421  1.00000000000000000
  0.00000059815729748  0.00000665239511502  0.00001323895010765  0.00002188369350816
  0.00003297935032689  0.00004608139173744  0.00006062501704502  0.00007762856667590
  0.00009642847480409  0.00011679814852921  0.00013864960979949  0.00016236008676637
  0.00018738273746622  0.00021296294391866  0.00023949147258669  0.00026713810101000
  0.00029601492239531  0.00032749273491351  0.00036018410182648  0.00039377075832839
  0.00042837196020180  0.00046389974941704  0.00050196940969620  0.00054111086384849
  0.00058137240888304  0.00062274053561465  0.00066465821709790  0.00070916105051115
  0.00075464943772069  0.00080249067863775  0.00085104005021860  0.00090054293593438
  0.00095204186942111  0.00100593895012112  0.00105954896708911  0.00111743707561857
  0.00117655231216841  0.00123619910545190  0.00129794696973957  0.00136300977992504
  0.00142970351067211  0.00150069267372200  0.00157718719076175  0.00165575084167713
  0.00173674552664698  0.00182416307022887  0.00191838887960203  0.00201605945236960
  0.00211657750740183  0.00222888732185511  0.00234062632827589  0.00245596787961092
  0.00258069786487493  0.00271431719500245  0.00285215626292531  0.00299831994255306
  0.00315362381486293  0.00331337157059511  0.00348542450024041  0.00367413963936483
  0.00387212811962663  0.00408075803023571  0.00430241512948386  0.00454730668725912
  0.00478839856146205  0.00506282672992164  0.00534396578706014  0.00562972704167806
  0.00594619047784595  0.00628430181000539  0.00664850533526978  0.00703785284036377
  0.00743668666923503  0.00784890818737866  0.00830261363581461  0.00880358755301619
  0.00930631154680191  0.00993725835085392  0.01054675292798061  0.01127730278859674
  0.01212578434170450  0.01306923538280976  0.01411904428699650  0.01536052319684544
  0.01697499936401498  0.01879672265611149  0.02072862213363239  0.02283136222293931
  0.02521307172206291  0.02807172413103138  0.03168486509599906  0.03591092248969633
  0.04165656254909150  0.05121370542689331  0.40968524777809989  1.00000000000000000
 -0.00237548809675096  0.00873718040295613  0.01860517777840652  0.02891664484947691
  0.03926143948330915  0.04957259609255347  0.05988262224790087  0.07046890440514308
  0.08155317697252261  0.09268533107833235  0.10369233540619212  0.11432662891927010
  0.12502095991181644  0.13584791388670076  0.14678946368699430  0.15758526712623799
  0.16833416667954249  0.17890454408578446  0.18930818760514589  0.19955539002835748
  0.21006433968497040  0.22076894684499951  0.23135725918480260  0.24159726355393787
  0.25191847855370214  0.26224330058981682  0.27268016123257843  0.28301311710172278
  0.29324365762253563  0.30359231828041572  0.31401346520079532  0.32484543559943968
  0.33588812616233810  0.34659790588780287  0.35707302236554522  0.36675673690851396
  0.37673326151647291  0.38652062956878019  0.39677905249801898  0.40741639433759802
  0.41810711238602533  0.42897845425358599  0.43960502328096845  0.44982096751336592
  0.46047292213011787  0.47088785534365701  0.48181682338902865  0.49211954543138142
  0.50269630872357551  0.51334129389800776  0.52391402358659034  0.53467770579573259
  0.54533492769690683  0.55596871252110491  0.56626909070639986  0.57638556487638004
  0.58644578338948949  0.59652319657373398  0.60700546243614029  0.61747737311407980
  0.62769336974447731  0.63767896362410670  0.64765363433848444  0.65767503933007831
  0.66816589711266428  0.67901849084984067  0.69002403682665447  0.70069302577162440
  0.71141331530424956  0.72257549537709476  0.73378762230580441  0.74505497243154795
  0.75606200087117847  0.76710110238021056  0.77773050372407215  0.78801307347042249
  0.79834671621684972  0.80860813194240000  0.81905610294538267  0.82929663949878396
  0.83988756952311761  0.85107784499457917  0.86194945180910587  0.87269877833652942
  0.88324295584007773  0.89382114327149997  0.90432949992395661  0.91490261456450872
  0.92593832799031184  0.93675291413990758  0.94740279718065734  0.95785969925762959
  0.96795979084975781  0.97855109662306983  0.98917603933243803  1.00000000000000000
 -0.00197052723855766  0.00925200497294724  0.01921709228601330  0.02961704157335794
  0.03994276799208558  0.05009061822258026  0.06020263628686353  0.07065853088684042
  0.08074337837374135  0.09080300748247203  0.10077156097458859  0.11154609816938060
  0.12267654177645684  0.13433920783623179  0.14601352311888566  0.15679044479949661
  0.16710983418264155  0.17709523325358109  0.18708953280760693  0.19712665903246515
  0.20722151003986877  0.21768711852768738  0.22827475662694849  0.23880159335264042
  0.24920627219529434  0.25953619970502639  0.26974493447154718  0.28009955496898103
  0.29040340513575796  0.30069366553672344  0.31104000214975291  0.32147504428595081
  0.33170621110133452  0.34172773074364116  0.35148503454723179  0.36137719984493410
  0.37165364111371479  0.38224278023368280  0.39314866767234879  0.40388308315163574
  0.41487095263382689  0.42569442130588758  0.43672101680503694  0.44729499393440120
  0.45799964392774067  0.46836325636795556  0.47895286759347350  0.48939253667427668
  0.50005818589999251  0.51091979138352828  0.52195924196184484  0.53236527483170648
  0.54241300835464668  0.55255153618744923  0.56263054735299078  0.57247904977103059
  0.58207778350972661  0.59228830833280843  0.60270300136865274  0.61292957806472159
  0.62298167430270579  0.63308872205752365  0.64324717865643266  0.65327622250962225
  0.66346833684157736  0.67405631638525476  0.68477069373409027  0.69538596995258284
  0.70618173555885844  0.71726697174420306  0.72843886137646829  0.73915352770668874
  0.74980924642737157  0.76019888639177724  0.77052497325609348  0.78104024766384383
  0.79143905302169748  0.80173408229912868  0.81230524735311649  0.82345201946423519
  0.83488303373624873  0.84604035476645978  0.85722975076055996  0.86838183224038279
  0.87966318473578797  0.89065222968486168  0.90150434260559331  0.91206814750204135
  0.92285982286628632  0.93351696527499162  0.94430508167300686  0.95479828869315975
  0.96554140969371083  0.97680048128962016  0.98820604222916930  1.00000000000000000
 -0.00280204722368800  0.01005461570669634  0.02109874986673276  0.03211416792633626
  0.04299770339895028  0.05371601100847039  0.06424601577492753  0.07467848056239214
  0.08518360034451580  0.09570141839388939  0.10638200034007993  0.11713987970714550
  0.12756980043842051  0.13777928657605579  0.14804809237929234  0.15857268347035780
  0.16931376386737487  0.18013708594372058  0.19119709493027801  0.20248052089375815
  0.21354459760456490  0.22407446532037176  0.23413814464375537  0.24408843814216291
  0.25429796171483909  0.26468825542593655  0.27507063301346191  0.28552365160696325
  0.29604928588028873  0.30658176708479995  0.31700021266412148  0.32729351327184431
  0.33733645513323063  0.34724499656494867  0.35710422196309433  0.36699392599829278
  0.37734841027058624  0.38799099561388162  0.39869637786856338  0.40938627457334698
  0.42005472917653347  0.43105044344077420  0.44195455860021438  0.45262284090400229
  0.46289204221312347  0.47303042785714128  0.48322502415193080  0.49344348152947204
  0.50394010145984547  0.51437138053886089  0.52494687185295852  0.53564085784124460
  0.54634774815704457  0.55678859882164589  0.56694898168030883  0.57712495524914453
  0.58736446357723504  0.59770880522724590  0.60812190885664563  0.61849159543782239
  0.62876570375506224  0.63917740310784621  0.64977148402206597  0.66042101762225613
  0.67103731144367007  0.68167594482209903  0.69227544823761689  0.70316961412792500
  0.71411052633295014  0.72536744983888346  0.73645565404825530  0.74739785424110472
  0.75780955482651247  0.76775986916742289  0.77779420402545996  0.78788489130712336
  0.79809049636966134  0.80827626898983995  0.81878768450436712  0.82940175206974431
  0.84011118709382537  0.85117653594835152  0.86224466681766343  0.87352878975962001
  0.88462551280226265  0.89607538458668645  0.90693990081550979  0.91780723920120055
  0.92836858995297400  0.93911636284493616  0.94939698988449261  0.95954186851394629
  0.96941355990584699  0.97919832772515392  0.98943293677112498  1.00000000000000000
  0.00173906909548134  0.17949819298551001  0.27578348081763465  0.34612357422911211
  0.40134220362529999  0.44443146599794786  0.47435890413196430  0.49756768323596501
  0.51800150720379512  0.53514016398391329  0.54832645002554969  0.55882548996130377
  0.56797944855257354  0.57600333567170459  0.58355804343202444  0.59005026575415143
  0.59624432048009535  0.60214876775818782  0.60757731533120263  0.61283889098760069
  0.61799065396099462  0.62300453095832486  0.62778730168986385  0.63237595235669686
  0.63689545029388639  0.64137200541326067  0.64581344759167181  0.65005195136533411
  0.65415455049819682  0.65820122561596928  0.66216616294274699  0.66609151376086106
  0.66995374942654817  0.67377793234513350  0.67758279820994638  0.68137762648060007
  0.68517656473657107  0.68897273701260120  0.69266118491625484  0.69633693303170696
  0.69998661105234317  0.70362549532581253  0.70727679280025935  0.71097592123836750
  0.71469906756799273  0.71831408751443837  0.72184976137485624  0.72537931586098670
  0.72885925402144669  0.73236014890398882  0.73585470373429340  0.73933342374262168
  0.74282593630759053  0.74630184194994020  0.74979038122580677  0.75325796683307422
  0.75674961960791398  0.76026723476482838  0.76382756501235149  0.76741259438685971
  0.77098512004764830  0.77453788964659120  0.77805290797638715  0.78158254352322676
  0.78517024492913645  0.78882632524175755  0.79252091701961347  0.79619080206926585
  0.79980788526940094  0.80341763305753111  0.80709845341510866  0.81089085391653126
  0.81477483452263821  0.81872347051376804  0.82273929868847651  0.82685880427451008
  0.83109947910185666  0.83543907915973326  0.83981968334434487  0.84423371982400119
  0.84870246087989620  0.85334999820677193  0.85839274377123875  0.86366184534191737
  0.86906542552507271  0.87462747685432674  0.88060825273204302  0.88680953788081973
  0.89304739906369945  0.90021043742967111  0.90814931302589852  0.91689793706433032
  0.92721359107976220  0.93959771453872531  0.95814088345242043  1.00000000000000000
 -0.02180881840060465  0.13121607568702512  0.16761225234761531  0.18952550619153785
  0.20602828815025048  0.21948935878815840  0.23149395533965877  0.24194260062051320
  0.25173661859619023  0.26071039258903322  0.26944469755473960  0.27766266948824281
  0.28546715849706522  0.29291857272303434  0.29964983112981397  0.30637710590004202
  0.31291374155110863  0.31929974600482347  0.32542213764313932  0.33136069534915424
  0.33722983209579072  0.34297156300923975  0.34895164916924998  0.35475040186649215
  0.36042207772999479  0.36598012694489668  0.37143930073025372  0.37680143557207435
  0.38210448008275344  0.38736823006684368  0.39273396959791074  0.39818863269720933
  0.40364356814142671  0.40908353181230811  0.41450516515599378  0.41988775734794143
  0.42513141123819537  0.43031330813833313  0.43535399868354485  0.44045614850079640
  0.44552704232186768  0.45066608420484766  0.45576327976847925  0.46082134543311398
  0.46586809977392490  0.47088444606314067  0.47587671845245366  0.48087337881943898
  0.48592162157094321  0.49097728774561156  0.49613269181988484  0.50141840384354586
  0.50661117441851389  0.51172942277052302  0.51682414098890872  0.52188854539308094
  0.52697466875990862  0.53207491633056081  0.53716867700406534  0.54227306444275203
  0.54737380269487401  0.55246862178427181  0.55762979138360724  0.56276033581368690
  0.56815122080529834  0.57351442831641675  0.57894415662715781  0.58445498836980381
  0.59011692459841147  0.59580980145473639  0.60144360588476520  0.60705348999941000
  0.61279090176540552  0.61862740857304854  0.62476087676098058  0.63127804319151526
  0.63802111750345802  0.64500768600730141  0.65240465272923065  0.66006363581700633
  0.66780116432311265  0.67573026897489674  0.68385452484056142  0.69232344488034447
  0.70100013869746824  0.71005119748064449  0.71946716239738684  0.72951525055610256
  0.74057963624998113  0.75221079407478530  0.76577256685258599  0.78160318493552983
  0.80059074565649579  0.82549796770930561  0.86725125777049805  1.00000000000000000
   1.6905622139701053E-008  -1.0000000000000000     
 F F F F F F F F F F F F F F F F F F F F F F F F F F F F F F F F F F F F F F F F F F F F F F F F F F F F F F F F F F F F F F F F
  <DiscreteSampler_grid>
  grouped_processes
  1 # 1 for a reference and 2 for a running grid.
  10 # Attribute 'min_bin_probing_points' of the grid.
  1 # Attribute 'grid_mode' of the grid. 1=='default',2=='initialization'
  0.0000000000000000 # Attribute 'small_contrib_threshold' of the grid.
  0.5000000000000000 # Attribute 'damping_power' of the grid.
 # binID   n_entries weight   weight_sqr   abs_weight
    10   10   7.009460207117268E+003   1.762239325954735E+008   7.009460207117268E+003
    11   10   7.009460207117282E+003   1.762239325954745E+008   7.009460207117282E+003
  </DiscreteSampler_grid>
