  0.00237588946695887  0.01974531123338822  0.03223039169875522  0.04395748171008452
  0.05559341044500229  0.06702540199494447  0.07807465812952281  0.08825825963117226
  0.09763806741348306  0.10676202751413219  0.11587968688080137  0.12535583670282122
  0.13530845444104889  0.14625166829159636  0.15781954357944153  0.16879446571032419
  0.17910410466963464  0.18895177207442113  0.19890419812714116  0.20935435545209946
  0.22066185110905856  0.23191457346301167  0.24280242646971881  0.25321069386663320
  0.26316671112857787  0.27308827515104983  0.28264060851927963  0.29255944896209213
  0.30177283147921014  0.31099970847346126  0.32045548076516223  0.33048101712211947
  0.33957393135907521  0.34779310415408216  0.35539924068070072  0.36276457895469005
  0.37041935419686628  0.37835785774803277  0.38606298056192134  0.39377806947985411
  0.40264493217833852  0.41183331707298793  0.42154706213923315  0.43187828394184158
  0.44338752274158966  0.45499131356651740  0.46660715591650970  0.47807573403734688
  0.48926750914723988  0.50032932137466080  0.51127358356737718  0.52201178537533710
  0.53262454906825685  0.54272664448219121  0.55293418680218365  0.56271486468384568
  0.57177238254031293  0.58124474966925388  0.59029078696411130  0.59889020107848601
  0.60785792015376039  0.61691933292128920  0.62460598122377986  0.63396617612188066
  0.64351924475714106  0.65460619054511060  0.66660679515791121  0.67925457918149856
  0.69020610167770913  0.70010576258562285  0.70941140567661465  0.71810591592354212
  0.72655819518293263  0.73507404117160768  0.74432283663161158  0.75387298630479882
  0.76397030384694531  0.77344623277647295  0.78368456825681820  0.79418246160937489
  0.80498075883287579  0.81614645853708767  0.82739186454562086  0.83782778186155848
  0.84755154591748627  0.85764609070485542  0.86813996600763299  0.87869309256383832
  0.88839091670302173  0.89930297723537678  0.91234526692870743  0.92655336196757021
  0.94141895122903874  0.95745851991460940  0.97763092639558968  1.00000000000000000
 -0.00030816439259581  0.00211507033795111  0.00389881112130246  0.00593703414529384
  0.00820952175265003  0.01100107164315832  0.01399801854196805  0.01779050920636739
  0.02193818527175610  0.02586907767212078  0.03008693059747358  0.03443082075718085
  0.03971543362847079  0.04556921224393601  0.05165556685609657  0.05775915668217640
  0.06405664276322165  0.07058198274218191  0.07880153446319139  0.08724454581580714
  0.09504372563824269  0.10295820309733913  0.11073011178484365  0.11815399525282301
  0.12592305163614984  0.13447478415719188  0.14402434670580566  0.15238653302200933
  0.16041617687249493  0.16797485040686760  0.17586339966596021  0.18368526646431524
  0.19214074403388831  0.20180024468957303  0.21219302186709282  0.22239135824829889
  0.23225571834443717  0.24258382294484812  0.25324315674123954  0.26417002735120582
  0.27467200889892646  0.28478398977956737  0.29536643092406684  0.30653617394882571
  0.31815450675138457  0.32965792648385667  0.34111973433400339  0.35271386724886339
  0.36429218173967642  0.37584077009217798  0.38772306709735882  0.40018980913967417
  0.41360846064461881  0.42594152645633099  0.43877122648517181  0.45179187874982824
  0.46433405003579747  0.47705846063748608  0.49049825799196634  0.50323684129089563
  0.51522784100528840  0.52714222059401095  0.53948852036487704  0.55251159194770638
  0.56606879057088721  0.57967003860234978  0.59304725843765105  0.60647385534130716
  0.62004601358686418  0.63363806411984469  0.64717339308152755  0.66036771712669640
  0.67377924310032067  0.68739796015008459  0.70102616020157460  0.71424808587636057
  0.72810802634916683  0.74247348571586713  0.75742079554336161  0.77324769394146176
  0.79048785377210906  0.81004603394670427  0.82510515194952316  0.83804367496184451
  0.85159630396541819  0.86490467076120703  0.87774643918003259  0.89064490764970006
  0.90464074254235061  0.91929857165465478  0.93389478866623044  0.94761174471907406
  0.96069946604964274  0.97375708316061738  0.98699076493647286  1.00000000000000000
 -0.00315252829544838  0.01004100345857892  0.02206423068299112  0.03371465187256759
  0.04483787995209895  0.05512030283177978  0.06547879682397748  0.07652122848818303
  0.08718432565363031  0.09689183236532251  0.10579562603259887  0.11412419864955066
  0.12228162243584387  0.13075404391779435  0.14024311942183232  0.15082150261558944
  0.16239710480002253  0.17409061410826504  0.18756717704056988  0.20169057094268883
  0.21663444445333385  0.23192757853285920  0.24708574232822389  0.26145314192054769
  0.27365096944132777  0.28389696551268984  0.29382461626304501  0.30343378672260224
  0.31355842776652820  0.32340855019977727  0.33292413553241795  0.34319540938722648
  0.35454235328721417  0.36650926216881652  0.37743065482147892  0.38739675187177747
  0.39689738850698475  0.40551468144875552  0.41351787429658488  0.42155344660383315
  0.43013401549965752  0.43971507255698727  0.44827467456279185  0.45648950792269588
  0.46605374626224838  0.47605451479493943  0.48502025050973707  0.49395953775020163
  0.50443037225514786  0.51739500226061175  0.52987602056577021  0.54244712238654136
  0.55527897936152504  0.56864357301976476  0.58046122983928616  0.59064843280726931
  0.59899497638108656  0.60916775274717250  0.61894961941226412  0.62836753996716621
  0.63726520794892305  0.64620709425885237  0.65601883468628719  0.66588702561047131
  0.67565912087417435  0.68552583278453505  0.69524126542609777  0.70459379514355969
  0.71336629444669131  0.72201808728453043  0.73085019683418040  0.73956317144444950
  0.74834818230164435  0.75763731021014591  0.76733717028487824  0.77773710336630097
  0.78842667270352773  0.79914508093408410  0.81027345756063174  0.82071400534671501
  0.83083579494556770  0.84148325579122740  0.85261072753029155  0.86367524095551784
  0.87502575843657582  0.88747509544322278  0.90104996161732076  0.91350311797766248
  0.92515508663957846  0.93610357901251517  0.94686870571222936  0.95737373186636165
  0.96735564556731179  0.97765089860011656  0.98857730256726128  1.00000000000000000
 -0.02320367610513554  0.17146421853808921  0.23214873066453948  0.27130431512909647
  0.30361622237312097  0.33298958289333608  0.35679161816546029  0.37739951362428792
  0.39579632144549420  0.41423035787202034  0.42921542847179450  0.44317620736620683
  0.45639495273258768  0.46951327150599420  0.48147758358319814  0.49179854987633065
  0.50122137514892606  0.50979212276338426  0.51812060992594500  0.52667634034740773
  0.53518097240731133  0.54386182542293893  0.55264066418305291  0.56125406249931520
  0.56952336959092975  0.57771008412115343  0.58589899299604953  0.59412512252686722
  0.60217095802554110  0.60953058957510486  0.61595573030542206  0.62215595200089224
  0.62855845371960095  0.63482458005101539  0.64119333271351053  0.64775030337409112
  0.65441881697700566  0.66141683125383877  0.66765185638709212  0.67299596675348661
  0.67805820466777078  0.68319263251002493  0.68838729084274786  0.69359504389717219
  0.69886906817541639  0.70424316122086761  0.70945899944574675  0.71438273011578579
  0.71915536198418373  0.72363940338386135  0.72822523714990683  0.73347302562540551
  0.73930529176875881  0.74535254099963089  0.75130635226973330  0.75661455808804379
  0.76191037982514387  0.76698822340051676  0.77182998128796643  0.77707952939185387
  0.78273692694162122  0.78828813131024267  0.79348107688469416  0.79791994883152439
  0.80254724535446820  0.80752679104042469  0.81273937297747645  0.81772757056647827
  0.82241881561400432  0.82699644576803011  0.83149284584999839  0.83587775012850218
  0.84010087572590431  0.84422173624229668  0.84848930792434019  0.85276977705143076
  0.85721252160782579  0.86185625399680810  0.86670304606230686  0.87160715903816566
  0.87668010160325749  0.88222699950083328  0.88811899982303977  0.89464268229093402
  0.90173780522711711  0.90961385870513045  0.91713889886294286  0.92418363947422466
  0.93129317869574391  0.93838965871687841  0.94554238001001878  0.95299071638600441
  0.96132510659973480  0.97084490849803595  0.98261528878706661  1.00000000000000000
 -0.00228142263367160  0.00931794231334693  0.01941962783649669  0.03099537476942546
  0.04166969663831156  0.05180198576329394  0.06215570991912488  0.07423456243532314
  0.08573305648740596  0.09596151130450223  0.10595167956071469  0.11700530965841104
  0.12759999708330449  0.13735990799128350  0.14701060548775874  0.15635745237889082
  0.16529529703378479  0.17390851467962043  0.18304777750073115  0.19286833625911101
  0.20310917132266401  0.21277858809699784  0.22230327383255186  0.23238775932227962
  0.24307263576742216  0.25363577095338652  0.26320994600571956  0.27267245435302861
  0.28265744868555648  0.29357058021354610  0.30576336224377210  0.31808199298540574
  0.33257033274812897  0.34758072331851364  0.35920036836356051  0.36939878365597018
  0.37843835002897486  0.38768832612219684  0.39721795047954989  0.40640004621726122
  0.41540435418876875  0.42352479660554360  0.43171058184825045  0.43993046675744601
  0.44802065854119050  0.45567759644520467  0.46356372252987510  0.47149326136470721
  0.47950532339172880  0.48813713887211468  0.49762690225432188  0.50796735315145558
  0.51827148278303536  0.52834441086678374  0.53833052722849029  0.54792623946762542
  0.55687678783636574  0.56540327129438395  0.57389592041124149  0.58302651628412594
  0.59252371622446898  0.60207616055357460  0.61259732291935565  0.62312592222639551
  0.63328840141955234  0.64383027443294727  0.65462327019978572  0.66583721398704576
  0.67699000931613451  0.68808171372787197  0.69969752400986573  0.71213470883906960
  0.72524877798270182  0.73824889798601467  0.75128199417906849  0.76489667354043167
  0.77864208685675440  0.79145530130018527  0.80355472706686326  0.81494032087901169
  0.82618498075380831  0.83777577008471982  0.84907609708036280  0.86221054135218811
  0.87495725484135567  0.88584565560572115  0.89603369912810160  0.90615559391938738
  0.91689308673938141  0.92797225122823479  0.93991852153163069  0.95278147479054842
  0.96534281254801768  0.97704117163187454  0.98822163221977133  1.00000000000000000
 -0.01689372784583293  0.38617024167885133  0.48328596976281546  0.56014211693507687
  0.60658280445216761  0.63645610876215974  0.65505587443940083  0.66871795816057500
  0.68009610758634464  0.68955362226755346  0.69759384275124570  0.70543324869078483
  0.71320065285330958  0.72028703734045052  0.72705728798560032  0.73275252361768839
  0.73832811309171820  0.74361411936512190  0.74845404705233121  0.75269339878755726
  0.75660193293823774  0.76065545595299466  0.76452901529275852  0.76835435715525335
  0.77186982039589591  0.77515375013182464  0.77833375004230232  0.78146699368125982
  0.78435933355446719  0.78722823654877550  0.79007913280030062  0.79294219424174484
  0.79592604131192513  0.79880998516869994  0.80159297202551461  0.80431283678090448
  0.80704191374531931  0.80978785580144930  0.81254822911666835  0.81536737761032974
  0.81829482053507652  0.82112541380501347  0.82386856025148825  0.82652602012509591
  0.82915634393299165  0.83175395063439883  0.83431553905338285  0.83686429369102744
  0.83943336997422069  0.84203602506500197  0.84461248734150418  0.84712592137783904
  0.84956706644772273  0.85193441187245933  0.85424371969756596  0.85654567731565212
  0.85876853526118124  0.86107303660087731  0.86337311120723870  0.86564764025481467
  0.86795946495043619  0.87043129299056443  0.87285432782887140  0.87518865498328058
  0.87741699909996196  0.87960034446344093  0.88182969870244277  0.88415191619492939
  0.88648806242557321  0.88887229472319662  0.89132207060938262  0.89382612036038422
  0.89636990167124952  0.89890874727967329  0.90139505760775507  0.90383924563911333
  0.90632237868980470  0.90885753782216416  0.91145549752792732  0.91409338795885486
  0.91677763843859994  0.91952017785495466  0.92231569711301176  0.92521349748918658
  0.92808663211822984  0.93128205536369735  0.93447669592510563  0.93768903407390547
  0.94115852624167706  0.94461458568955237  0.94829473245417395  0.95255591120003624
  0.95769322521364031  0.96479286392159536  0.97592473249999800  1.00000000000000000
 -0.02198195693174193  0.13411895530490844  0.17377863832358853  0.19876103183968699
  0.21851631966895507  0.23390871356191392  0.24649809858669838  0.25744999283647768
  0.26775376488440766  0.27796086881311682  0.28792918200916956  0.29570324680884291
  0.30250351795134911  0.30944353746893211  0.31591757013874056  0.32218454200070823
  0.32865372519659913  0.33509642250479249  0.34120862650874828  0.34678583274176494
  0.35218592943580107  0.35773120950717402  0.36339036418783460  0.36913354396401132
  0.37459855494258226  0.37997664090342936  0.38540415337032907  0.39080522676922452
  0.39652250187536747  0.40297627156258975  0.40969660675499486  0.41582232285014947
  0.42137689175744647  0.42666907239900048  0.43195077313949870  0.43713387910038953
  0.44203590178819757  0.44664356067330974  0.45119814098423011  0.45571620158918624
  0.46021685833599990  0.46474868873503206  0.46939741752400560  0.47399754826799895
  0.47889397627650193  0.48392707089240911  0.48902012508840037  0.49408462922570462
  0.49915584312975425  0.50432047492627963  0.50958695431461454  0.51480810717380299
  0.51953979932238403  0.52403018726320705  0.52835413027198908  0.53287534823149973
  0.53748303402425401  0.54188482511117209  0.54622066256831092  0.55072516566916285
  0.55523796082932197  0.55989681238395694  0.56487168682807931  0.57017159825755803
  0.57536417542275609  0.58024068186591193  0.58517550464664880  0.59071529274196022
  0.59657838716206957  0.60263691810152131  0.60901111761682292  0.61575540387186201
  0.62263634369233278  0.63038148248792969  0.63845900073735329  0.64609833045139431
  0.65302030605965899  0.65975422560490227  0.66678825217613791  0.67380960768600040
  0.68091705393257818  0.68845141475244276  0.69609390887743250  0.70378454127460133
  0.71128516063086589  0.71886670010727660  0.72707981384383469  0.73613647208420951
  0.74590695700956622  0.75686746304308272  0.76799201210596268  0.78217531843966592
  0.80125052812453268  0.82553765723218298  0.86894009353874913  1.00000000000000000
   3.4557619119974151E-010  -1.0000000000000000     
 F F F F F F F F F F F F F F F F F F F F F F F F F F F F F F F F F F F F F F F F F F F F F F F F F F F F F F F F F F F F F F F F
  <DiscreteSampler_grid>
  grouped_processes
  1 # 1 for a reference and 2 for a running grid.
  10 # Attribute 'min_bin_probing_points' of the grid.
  1 # Attribute 'grid_mode' of the grid. 1=='default',2=='initialization'
  0.0000000000000000 # Attribute 'small_contrib_threshold' of the grid.
  0.5000000000000000 # Attribute 'damping_power' of the grid.
 # binID   n_entries weight   weight_sqr   abs_weight
    10   10   1.231333072924818E+001   1.039830304599132E+003   1.231333072924818E+001
    11   10   1.231333072924817E+001   1.039830304599131E+003   1.231333072924817E+001
  </DiscreteSampler_grid>
