  0.00241972968364084  0.02007713003067830  0.03459720495897516  0.04614803476492541
  0.05634720304040951  0.06632804664411560  0.07622764498809284  0.08609888977976307
  0.09582942085037299  0.10540321256040350  0.11506801883128130  0.12471471142275495
  0.13449085450117448  0.14432442787913230  0.15421766310371973  0.16417795960347720
  0.17415933950094728  0.18426707634414285  0.19440624561738393  0.20434955995076223
  0.21408072772605991  0.22390078283253498  0.23389450445288992  0.24396031669494975
  0.25396576281464794  0.26397433806001108  0.27413870792202000  0.28438462126844943
  0.29452726295834813  0.30460433997598879  0.31482674605980299  0.32521648440370415
  0.33547105212699857  0.34544191652186323  0.35529697635542939  0.36520620060430287
  0.37511152176390072  0.38494702094367494  0.39469701483690950  0.40440083216835077
  0.41413105225546215  0.42393386476762290  0.43384407102399403  0.44376043246510938
  0.45366714796887297  0.46345356783714120  0.47318098708090339  0.48296010369544795
  0.49272675871623622  0.50238280478545183  0.51203390972270491  0.52185863866972004
  0.53196478221087806  0.54213396943977099  0.55215630998073906  0.56220494218874784
  0.57237388368298159  0.58264324744062113  0.59302983997773728  0.60366033445537226
  0.61464091707720581  0.62587113596141397  0.63706563299653851  0.64786413447467628
  0.65824773548894910  0.66854467046537591  0.67889765972838545  0.68915984631867433
  0.69923913688659323  0.70930553206848634  0.71950914683069711  0.72979908419010076
  0.74005626791968715  0.75009447421439968  0.75992747520922210  0.76984386562631890
  0.77988462659571511  0.79003507114635252  0.80022197908522541  0.81077139414311172
  0.82180934837090480  0.83308868327535313  0.84421535027430605  0.85511965568539050
  0.86560824177586448  0.87611051864760670  0.88678013408476253  0.89774584924592971
  0.90884390625074551  0.92029226452326918  0.93197438938891974  0.94375514253519388
  0.95563942267565105  0.96853780935692546  0.98326818928122139  1.00000000000000000
  0.00000049460210681  0.00000881959751204  0.00001962581909771  0.00003387185150218
  0.00005088689739969  0.00006995822446216  0.00009074136188836  0.00011270256504085
  0.00013568616767928  0.00016005976072624  0.00018543639508045  0.00021217783130900
  0.00024004869655157  0.00026869879996353  0.00029801026067917  0.00032811705413122
  0.00035927019488174  0.00039160995688709  0.00042537072704985  0.00046063829254117
  0.00049778531629256  0.00053672184820190  0.00057764316175869  0.00062042571064011
  0.00066390987688532  0.00070973722045836  0.00075639887304994  0.00080468953578087
  0.00085359198204505  0.00090398206046195  0.00095767671256154  0.00101276409291945
  0.00107014831007815  0.00113006204542646  0.00119159371874184  0.00125498687854495
  0.00132246842766957  0.00139379533785464  0.00146716084995739  0.00154419573939783
  0.00162501511208392  0.00170926017527679  0.00179636802905595  0.00189122873218363
  0.00198695930231599  0.00208743571551199  0.00219521783390738  0.00230736176727921
  0.00242292799452086  0.00254650604842849  0.00267656515231423  0.00281070813894792
  0.00295250330841642  0.00310411488371619  0.00326319800459903  0.00343012050807288
  0.00360944732454701  0.00379677604819497  0.00399059526940088  0.00420080105549726
  0.00442382089468566  0.00465765174543756  0.00491157696163838  0.00518945009803724
  0.00548827239701053  0.00580346588011260  0.00613839826163084  0.00648787931299551
  0.00684743995079031  0.00723500567109641  0.00764632317799000  0.00807118965376908
  0.00858239638571199  0.00909331319719066  0.00965201376500226  0.01025804582730315
  0.01091285646096482  0.01161812943252156  0.01243851967003385  0.01335170692238593
  0.01432501767721262  0.01537066540536102  0.01652645148571167  0.01781469092727916
  0.01925754895974718  0.02092850313887412  0.02285012820406232  0.02498952213868316
  0.02750457864838540  0.03049001422324854  0.03429665973414512  0.03994502190809572
  0.05003678688741456  0.08923098545381852  0.19575479814825672  1.00000000000000000
 -0.00238378678480449  0.00895734153155879  0.01948724109673335  0.02992375057576183
  0.04031294163515121  0.05040897694817421  0.06068595862428790  0.07089450017000805
  0.08099843932427277  0.09157578066932329  0.10240279840782864  0.11304821447850785
  0.12360866743698060  0.13437111256670900  0.14501705157176101  0.15538464523613715
  0.16577328242250217  0.17615507262687849  0.18659548747332655  0.19693060972818166
  0.20758013611852297  0.21824214379734147  0.22901783788295890  0.23942023029731466
  0.24977949787704173  0.26011755196871461  0.27041031244136804  0.28054101253939101
  0.29073223928805392  0.30109139983731226  0.31166097831025441  0.32230949279086651
  0.33289469636867053  0.34339354718253567  0.35401372596190556  0.36448482537383403
  0.37496125904154348  0.38519659831644321  0.39576459896807847  0.40636488903132317
  0.41672016869373329  0.42725844537061697  0.43805144025287995  0.44860004010314297
  0.45916725804818559  0.47001502129189537  0.48114349367277648  0.49177538381038310
  0.50229579589452078  0.51298504056966920  0.52360436028332147  0.53397698821063977
  0.54466216740318030  0.55513016618294120  0.56541784076415824  0.57576936587477834
  0.58634964398790446  0.59710323077114980  0.60762073435427266  0.61799950374218349
  0.62834724649200846  0.63848625488331279  0.64860289985021669  0.65884502167809711
  0.66932485974539502  0.68016663168878322  0.69091485086592308  0.70190114667604542
  0.71286893687210495  0.72373593616429810  0.73472901784416522  0.74547803529651668
  0.75638267898855094  0.76676864050466031  0.77736330039851631  0.78798772646449156
  0.79831126311873912  0.80832372492355054  0.81850227698002997  0.82923097238952137
  0.83993267878266931  0.85064563112319291  0.86119196612193283  0.87187543647181587
  0.88216182565620271  0.89230693045847276  0.90271784298528468  0.91308165681444331
  0.92418414329183185  0.93519501235283797  0.94651876549552327  0.95752674452779862
  0.96835295632851037  0.97906224137102393  0.98946568749418540  1.00000000000000000
 -0.00204845737384274  0.00847241678300734  0.01770971257597602  0.02840552806679824
  0.03932576525144803  0.05017191206773673  0.06070789813416273  0.07114993907451121
  0.08175597691970342  0.09234825932337092  0.10335387773440935  0.11350737735542824
  0.12362272855955472  0.13378577617080462  0.14416757464709384  0.15417159360409313
  0.16446379726160690  0.17516382328738550  0.18608393934707862  0.19641851646402722
  0.20675475042798794  0.21730221799398561  0.22800978245501227  0.23862669850118695
  0.24904296721628041  0.25966503224200066  0.27031414918826041  0.28104797764151779
  0.29191128672920535  0.30214882315222902  0.31227872985430599  0.32232897089449136
  0.33253203485215616  0.34268771877546372  0.35289534958821883  0.36324821781274458
  0.37405147027811447  0.38453710189625873  0.39511207905452767  0.40568198615278217
  0.41643731168757919  0.42685638476124355  0.43725211972466316  0.44747850436042558
  0.45792663869299549  0.46842928626072006  0.47920677109049026  0.48997567225752447
  0.50065466981572848  0.51115074069940436  0.52189615073421725  0.53324744076781683
  0.54444357967417589  0.55542283682881366  0.56613143939150679  0.57679603354316922
  0.58732948393341655  0.59776506929193762  0.60814785626285128  0.61846327884999464
  0.62873025598245469  0.63926403568073853  0.64970665526283355  0.66007093854458643
  0.67029074260691113  0.68049973679304765  0.69080121937495720  0.70115715084771935
  0.71197651583348764  0.72281987761847244  0.73348591335442648  0.74378582000656357
  0.75404810414984058  0.76411783312088410  0.77427335143313136  0.78461292693663187
  0.79511974847418787  0.80578087645222540  0.81659369417466565  0.82757709009415847
  0.83838803519875416  0.84885023972927554  0.85904340437272020  0.86922753666785812
  0.87941412025231835  0.88981753268632258  0.90033807770690444  0.91113997792489954
  0.92207401788572552  0.93321051311349412  0.94448247391958173  0.95575030853618603
  0.96667884740128451  0.97760407822612294  0.98859417208742317  1.00000000000000000
 -0.00246344054244044  0.00939018121493191  0.01929888247083810  0.02950587658124284
  0.03989970045007498  0.05071262202519803  0.06162820767029894  0.07210593036795887
  0.08258075995509610  0.09270171981541529  0.10298431177384101  0.11314520286729436
  0.12343820272959588  0.13370315737124461  0.14377412506948667  0.15385390720952127
  0.16399659346333448  0.17403631516145671  0.18396299258333451  0.19399606957896598
  0.20397364690411668  0.21443385799297868  0.22518483305770071  0.23637518550575487
  0.24754483116991022  0.25890891835294977  0.27022920413362217  0.28125465467096755
  0.29233168235200524  0.30353410898673844  0.31498288462134283  0.32596679764874142
  0.33715510697307560  0.34817170547176152  0.35910884309882740  0.36964430551917860
  0.38009264590882924  0.39051866070899538  0.40095386680326478  0.41145250684951629
  0.42152212644589371  0.43133931041484264  0.44125348693974092  0.45143093409402918
  0.46161664732731483  0.47171846140128132  0.48200742806281771  0.49250078871844566
  0.50293017082035352  0.51322983888290874  0.52370991329839367  0.53452462077506935
  0.54535615860868636  0.55608616445023895  0.56688711327619834  0.57770608826352243
  0.58832018994622237  0.59887704834337296  0.60922561944066278  0.61955647738500652
  0.62980047523133764  0.64015572453943370  0.65039333262246390  0.66047378443125748
  0.67089129342505782  0.68153061062238585  0.69235018262965786  0.70303340453009178
  0.71381402423881879  0.72500708565833827  0.73590734390613699  0.74698898056444818
  0.75758660260266375  0.76809444179207365  0.77842174160489097  0.78880738418799290
  0.79908636718363835  0.80955925008661911  0.82026413782416607  0.83082009264907997
  0.84087981397692901  0.85064944021874522  0.86123001668493104  0.87213008531714387
  0.88281360745004145  0.89317797769690643  0.90352118608694743  0.91434494632067476
  0.92495054149168310  0.93578126505558668  0.94678742470217636  0.95777132706676993
  0.96817539487211479  0.97863800448391314  0.98912223369349672  1.00000000000000000
  0.00047388262032569  0.25963030032068868  0.36798902231839642  0.43671445501001849
  0.47855001713391415  0.50733559232906189  0.52790539618030652  0.54262897578746838
  0.55490840285022880  0.56511065606917732  0.57370305975741576  0.58132572052887621
  0.58827378287486343  0.59465472653393570  0.60060938415764942  0.60618928616807366
  0.61149605033122334  0.61664577361089490  0.62169541193025479  0.62656383448178388
  0.63118049851915803  0.63567343808231125  0.64009573212880289  0.64444137279599933
  0.64856933622141466  0.65265674219070680  0.65664722674480491  0.66057471308660076
  0.66442788197466518  0.66814173622539208  0.67167972273413568  0.67522208718440091
  0.67871492093214625  0.68220694315066899  0.68569732906215719  0.68919057096897141
  0.69265700968801192  0.69610821199189810  0.69952799464401094  0.70294271882361459
  0.70633860966531092  0.70967168766093569  0.71295613978713923  0.71621642810551878
  0.71943352016921913  0.72266309579785182  0.72589666821633192  0.72917770954616079
  0.73249845972880423  0.73582739913422801  0.73914332937176064  0.74244995376084144
  0.74573300026960887  0.74896011699133225  0.75215416248998324  0.75534649252172859
  0.75856416121669179  0.76182481279115866  0.76513167701581297  0.76847202811728499
  0.77182317431718839  0.77519712200317481  0.77862554371999360  0.78204836221791973
  0.78553794250088238  0.78904471801823461  0.79258489585505054  0.79616024288485487
  0.79972659894963638  0.80331624217159814  0.80690041639217791  0.81058373752480084
  0.81435657888273316  0.81823059547691290  0.82219755229205593  0.82620387944468310
  0.83022722272922544  0.83430430699464997  0.83847684761277530  0.84276004532697901
  0.84717650196037764  0.85178547661299431  0.85657991853569981  0.86153759764675286
  0.86664206601601945  0.87197642059455083  0.87765738873150678  0.88376843818841144
  0.89001990176896306  0.89667366871877541  0.90403836024416218  0.91242011347790974
  0.92231976668172289  0.93461337152045298  0.95426330326328179  1.00000000000000000
 -0.02771462798054319  0.14373590816360146  0.17908853266823613  0.20077210917095262
  0.21703014258907447  0.22998230210922099  0.24113548197898654  0.25137243430646633
  0.26078856022705726  0.26961166509765200  0.27792268398287773  0.28576088863061899
  0.29315070770055152  0.30019534067901665  0.30706168566100794  0.31377769715394366
  0.32021782831541629  0.32646633359360983  0.33262475521619239  0.33861335054159020
  0.34440414986002954  0.35008298129421678  0.35568728406946837  0.36117595579793199
  0.36655801325692683  0.37179018158603183  0.37690909801596445  0.38206917063069895
  0.38730563565640613  0.39258115958513679  0.39787434074418765  0.40297230176389265
  0.40798170657446103  0.41289682721247412  0.41778895806458621  0.42279942523177716
  0.42779628923121354  0.43272613053326070  0.43754889542828534  0.44222478461824832
  0.44694570209256212  0.45169572565106370  0.45649366528495250  0.46129961537923680
  0.46612173664166567  0.47095232038367019  0.47577917914635254  0.48063392950272954
  0.48551071620792069  0.49040749525452110  0.49535066412282119  0.50030449248898323
  0.50527476665080717  0.51015337457565768  0.51512036140854678  0.52017696316225537
  0.52522445914700122  0.53018615048229789  0.53505640564936541  0.53988788299704615
  0.54478508230248723  0.54974835522411469  0.55480719725825389  0.55999859837990229
  0.56531677885209775  0.57068461221855116  0.57606862992228824  0.58150105296041132
  0.58706159172459971  0.59272793517256905  0.59834134098652525  0.60395002393068908
  0.60962573343573057  0.61547688352729391  0.62151497637975872  0.62774344594084053
  0.63423177573066913  0.64083488461225913  0.64740292620877116  0.65406787049070625
  0.66084220210559841  0.66795880082571224  0.67540271668780549  0.68323438421189220
  0.69149405800753616  0.70022328520652632  0.70924524960986979  0.71938833913568978
  0.73012195152613091  0.74190577120445578  0.75501953013521772  0.77010057733364201
  0.78787429517058227  0.81160705109545361  0.85401380066793142  1.00000000000000000
   9.3740352642885332E-009  -1.0000000000000000     
 F F F F F F F F F F F F F F F F F F F F F F F F F F F F F F F F F F F F F F F F F F F F F F F F F F F F F F F F F F F F F F F F
  <DiscreteSampler_grid>
  grouped_processes
  1 # 1 for a reference and 2 for a running grid.
  10 # Attribute 'min_bin_probing_points' of the grid.
  1 # Attribute 'grid_mode' of the grid. 1=='default',2=='initialization'
  0.0000000000000000 # Attribute 'small_contrib_threshold' of the grid.
  0.5000000000000000 # Attribute 'damping_power' of the grid.
 # binID   n_entries weight   weight_sqr   abs_weight
    10   10   1.701209151143148E+004   7.501041457151295E+008   1.701209151143148E+004
    11   10   1.701209151143158E+004   7.501041457151372E+008   1.701209151143158E+004
  </DiscreteSampler_grid>
