 -0.00344245535615467  0.01681836266680949  0.03150999634605327  0.04425755250946957
  0.05657186886922312  0.06903333037723246  0.08163690507079022  0.09333144017035908
  0.10399529452692688  0.11385540439145041  0.12492106945088502  0.13719015122389455
  0.15169774710751005  0.16652295501084335  0.17950498453395078  0.19132489823384385
  0.19951081863192549  0.20790403021831438  0.21596497379645679  0.22397240272635749
  0.23312065257124814  0.24370484138918497  0.25540243424681852  0.26751442295841804
  0.27867793828069398  0.28891718478944350  0.29897499559248503  0.30924845126337897
  0.32022014337924176  0.33051375057877141  0.34026085527464955  0.34992063106750781
  0.36152468200324606  0.37486622643473488  0.38814053233082157  0.40050453128839153
  0.41215446929722471  0.42279583980379998  0.43243992610234921  0.44162729267383871
  0.45000509075515471  0.45887510377319884  0.46775358980938436  0.47772000138704696
  0.48817971807177513  0.49742554730356875  0.50665141116633916  0.51589333737652687
  0.52628511127120425  0.53518382311063406  0.54414997220971562  0.55359941362089538
  0.56478703693904020  0.57792778509726106  0.59001774135957430  0.60092717537733897
  0.61142295693504356  0.62123255131285404  0.63056948516402678  0.63995310306751452
  0.65038556682910731  0.66191328523896220  0.67351486508541880  0.68503644782085327
  0.69587077407653453  0.70688454880658325  0.71801005717388644  0.72824002217810846
  0.73812469178946771  0.74815174289526121  0.75809202375323426  0.76736617280750419
  0.77602312700068721  0.78493284664405938  0.79423433817260125  0.80406218673580188
  0.81504405607464026  0.82298957733272571  0.83168404938708906  0.83938663620734977
  0.84653737526551220  0.85380075756627904  0.86136677909549675  0.86935793194066180
  0.87816326553975310  0.88880884261802529  0.89957795904346005  0.91062680916286320
  0.92275435727226973  0.93435142513662661  0.94670489624299048  0.95886015967179816
  0.97007969793583004  0.97987910939429779  0.98976154884212908  1.00000000000000000
 -0.00000122054214499  0.00006621556478251  0.00017086893943583  0.00029262814318931
  0.00041774550957802  0.00055140630278292  0.00067399899900726  0.00079647534462039
  0.00092506889818854  0.00105468984754040  0.00118569441672582  0.00131019145511592
  0.00142861662641676  0.00155170532452754  0.00168111929612974  0.00181904752564444
  0.00196076759461660  0.00209904884253649  0.00224103837107958  0.00238566742890919
  0.00254967593974856  0.00272726297131246  0.00290407539624119  0.00308715693817109
  0.00327705644281712  0.00347514285659029  0.00368746503362208  0.00388976550595888
  0.00408470245526975  0.00426958447405948  0.00446400979785198  0.00466113061452865
  0.00487012154577889  0.00510057309962340  0.00535260359596470  0.00560279583671151
  0.00584480990645503  0.00607934216824468  0.00632146114495402  0.00657562019513164
  0.00684570721708274  0.00710535397457597  0.00733782731149436  0.00753490923280258
  0.00772621134315855  0.00793207447089191  0.00815483538203856  0.00840889437724964
  0.00869800345358150  0.00896958354050133  0.00923257190964056  0.00951767257305099
  0.00983592549185487  0.01020765620600060  0.01061726724528126  0.01099638631678190
  0.01138134035030497  0.01177154341289033  0.01217593438261733  0.01262781273151074
  0.01318170699992193  0.01376902314737411  0.01433348651156909  0.01485632840580657
  0.01536661437933771  0.01585898335123637  0.01631761312697759  0.01677637243942819
  0.01721596656313900  0.01769066484146316  0.01825111519561290  0.01896978939333726
  0.01989658195242555  0.02092620616109005  0.02201012955398038  0.02318947132288771
  0.02426041461455049  0.02513353707203050  0.02652651353849260  0.02816920035939140
  0.02970916416511436  0.03131777475483723  0.03290290637354473  0.03476401481506705
  0.03685737197806650  0.03942601346298427  0.04217567918342619  0.04429866843736462
  0.04830283002535337  0.05491949888261139  0.06281632653107874  0.07961297216124162
  0.11837310538630806  0.17332652574670421  0.23147680167986859  1.00000000000000000
 -0.00001852536250468  0.00038258128290215  0.00075726383434689  0.00109305417265673
  0.00141682301778086  0.00172846509898043  0.00202304653593534  0.00229676281681098
  0.00254048017229022  0.00277114401803682  0.00300638473880589  0.00324895030581198
  0.00349596355305327  0.00374855574146477  0.00398280937205399  0.00424198127584837
  0.00450486221939674  0.00476371686002086  0.00503023859452459  0.00530188769366180
  0.00557387410080456  0.00586168931935711  0.00616477674870343  0.00647519665200982
  0.00677832700370201  0.00709285550687268  0.00741004383173891  0.00772839916882030
  0.00809988916421229  0.00849503591666021  0.00889872177995167  0.00929881629736618
  0.00968213908254300  0.01004943498865104  0.01043793656379178  0.01082376801770609
  0.01122221513709434  0.01165790250658308  0.01209621512646379  0.01251814042255607
  0.01293882580424644  0.01334931833900513  0.01373599747722286  0.01413825334186797
  0.01455728866188543  0.01499236460113837  0.01545058591820368  0.01594864774474635
  0.01645245006340326  0.01695937235281370  0.01748937799794184  0.01807967994621012
  0.01860926875718106  0.01913050275480747  0.01962751029869085  0.02020959817886500
  0.02079320800239533  0.02134219981218608  0.02196981167641847  0.02269270725488395
  0.02350566039405131  0.02436001545268036  0.02524211891568999  0.02616280303731274
  0.02739298103158571  0.02860481722984331  0.02982701655295467  0.03104925014987550
  0.03222094850945696  0.03342945032302767  0.03459333151724823  0.03584726141743603
  0.03723024489589519  0.03864268688368516  0.04015547393691336  0.04162113962435893
  0.04306850223483499  0.04441876293597104  0.04615780224261171  0.04780126609006718
  0.04965579014614384  0.05196641625921186  0.05433863540742127  0.05674803180423715
  0.05945747071827596  0.06301999262499602  0.06586712592545564  0.06925044543786515
  0.07508527670845178  0.08360007499135995  0.09340622133668490  0.11433663446435280
  0.13655110577652796  0.16456200939869858  0.20129806947492448  1.00000000000000000
 -0.00127068647085097  0.01139036538395968  0.02170223136705248  0.03293290135521978
  0.04356043904312492  0.05373772154982678  0.06544399566369093  0.07736327619516217
  0.08886780554522333  0.09961344053256398  0.11082080153776248  0.12196375524731143
  0.13267221718848526  0.14248064161846943  0.15226809635879734  0.16238547617676358
  0.17322990121464035  0.18435648194459814  0.19475581529929697  0.20468457089648631
  0.21391715192896235  0.22183640584266368  0.23139932600295604  0.24097193630566208
  0.25016948700561553  0.25895058663476156  0.26730567137986588  0.27657467641045214
  0.28672631220485528  0.29712220532675482  0.30718444744672191  0.31870159681973770
  0.33087045297173451  0.34328660657941124  0.35604937940504677  0.36743431854171027
  0.37787963641354544  0.38770342260364726  0.39716946349293197  0.40687468820037342
  0.41714241856261325  0.42867211725542365  0.44002779228770678  0.44959329601998005
  0.45815989628179310  0.46958666900229656  0.47966112138524852  0.49036911905234692
  0.50123632057135958  0.51132560064394361  0.52040309601277512  0.52896134513548931
  0.53707968610185708  0.54672882447797511  0.55848347710194002  0.56926189043423336
  0.57860798409168623  0.58938531503613445  0.60015965629188239  0.61093258489290370
  0.62200028475904834  0.63284660326963249  0.64388019150879638  0.65473599559354201
  0.66426944961958456  0.67265176397049853  0.68084131201160247  0.68953449311051551
  0.69885712442068149  0.70712551067217522  0.71523091346858880  0.72458645752018358
  0.73419875478943786  0.74342437317224530  0.75256657626413870  0.76244501119397545
  0.77280448388262346  0.78320269688387589  0.79279662962355835  0.80184560556860218
  0.81085205706098729  0.82044305731269573  0.83063532852622302  0.84082601652957600
  0.85113351108206192  0.86146441133891849  0.87385604070259726  0.88699306777228315
  0.90026309868234666  0.91211576996514843  0.92507268127115483  0.93888094889169804
  0.95308045535943975  0.96881416201131743  0.98447410830882887  1.00000000000000000
 -0.00245674616525560  0.00952339180137295  0.01817213622184760  0.02734749048539035
  0.03712175287689221  0.04765778214569871  0.05891515587775070  0.07112138086999995
  0.08459425528188372  0.09931254390395655  0.11467943530329386  0.12862229904104186
  0.14014206162223175  0.15033254465684118  0.16054380810981045  0.17075965974468699
  0.18106038087062981  0.19263798742346588  0.20448858168738390  0.21658041918796728
  0.22924692957699597  0.24409568103320314  0.25729668649519710  0.26815955268742925
  0.27852520669757025  0.28912469732803853  0.29996486212838469  0.31078006753617160
  0.32151202092111508  0.33205617694913953  0.34279446831395904  0.35406765556063996
  0.36500365389689465  0.37603994820612691  0.38632246557728045  0.39599340688806800
  0.40485949357043660  0.41382090553482426  0.42369683882994630  0.43410901833443633
  0.44498075193595499  0.45597360429115991  0.46801085214653604  0.48136947913975225
  0.49541215833269342  0.50829521005445322  0.51944078832668661  0.53004609850663997
  0.54049241289238514  0.55090976422020921  0.56184976122952612  0.57230790257412334
  0.58211829178823815  0.59084991311437784  0.59955813031481575  0.60856453510155462
  0.61748630590969589  0.62750968332239809  0.63986001470348353  0.65498953375781321
  0.66881677071524370  0.67837961352540266  0.68703808523557719  0.69524484649311191
  0.70421922064842046  0.71305949745458652  0.72199216406833744  0.73079529342244520
  0.74075754813102224  0.75062779934776269  0.76027960878283596  0.76922976872094784
  0.77785284729083848  0.78641506228002955  0.79622327607472276  0.80641610444380163
  0.81661623543831852  0.82702223616960580  0.83732961035436482  0.84701984444939427
  0.85678564420649650  0.86612475563148961  0.87590977609359399  0.88574686751219567
  0.89702144911217185  0.90629572728015662  0.91495131273293206  0.92288218935220334
  0.93113958595625634  0.93958073760110883  0.94920372636293227  0.95852075017934923
  0.96888153663841392  0.97884897747832211  0.98908970656893624  1.00000000000000000
 -0.00313330737264558  0.01221473969064262  0.02569665846399008  0.03816281488168209
  0.05057198107014876  0.06258857203121609  0.07617374524890586  0.09029417278739967
  0.10364968925919468  0.11589206795280280  0.12664853497026904  0.13654919483895653
  0.14542188430448541  0.15392008399748172  0.16376136932025517  0.17466275667728431
  0.18592804453676942  0.19683237990238259  0.20835523848707477  0.22156303347544859
  0.23481844015634754  0.24603594516630881  0.25626610704005304  0.26646260739496730
  0.27700737417082166  0.28848975234794000  0.30140269052979146  0.31551930280842144
  0.32846943876810786  0.34153107536483351  0.35408689425693840  0.36674014587116321
  0.37822740052760317  0.38910019081348263  0.40058693074972690  0.41265465025746695
  0.42391965378006941  0.43361523632127824  0.44260282308839288  0.45146148847620088
  0.46056609704250140  0.46853629158622556  0.47657693511317684  0.48435998351355136
  0.49232042573957585  0.50023563100322976  0.50847079328148126  0.51691636089232240
  0.52513710701857141  0.53308674073437501  0.54141125987051053  0.55056603835776141
  0.56002282416806581  0.56922204025704681  0.57862943312649451  0.58732662245690492
  0.59526177220276655  0.60389321015492403  0.61329415764960615  0.62284888162285612
  0.63139517673474832  0.63977300758048561  0.64951775223815011  0.65918193484949084
  0.66866364004414880  0.67795793470046095  0.68756889064914328  0.69841862307494196
  0.71029624825464421  0.72190708877467746  0.73263944075632015  0.74228557311630194
  0.75220743632389442  0.76350059691375882  0.77579935398479638  0.78814080360915717
  0.79859395859227145  0.80766613649050201  0.81662596167084667  0.82612465737354501
  0.83634008244802749  0.84694330636074266  0.85818017791903434  0.87190403697400098
  0.88507036449023413  0.89783902280630767  0.91056295862419556  0.92118050517180572
  0.93074835857069449  0.94038275484760736  0.94975801893260225  0.95951405485073704
  0.96820712166290424  0.97828594829419824  0.98893166211465444  1.00000000000000000
 -0.00034822936863352  0.00474684632824469  0.00845780144584886  0.01091816344422113
  0.01287597174150279  0.01466282717071846  0.01630515632799429  0.01785739159264751
  0.01934815806120209  0.02077279763780407  0.02210119779827268  0.02341582489870444
  0.02472760692797492  0.02603445630546599  0.02732466955900114  0.02860704871782613
  0.02983771919960766  0.03105443335005384  0.03227062027147744  0.03348075474007575
  0.03478563219511512  0.03613846559509023  0.03750345803314645  0.03883027645177733
  0.04013644230019835  0.04124838974909038  0.04227961657552370  0.04313636170567702
  0.04397365457456546  0.04484204998636756  0.04578421413043050  0.04685010909296284
  0.04793536236818464  0.04900736357363615  0.05014647908373236  0.05127873115621063
  0.05245636044764609  0.05375370335305999  0.05520279530928127  0.05642478211268227
  0.05760339923067782  0.05865429017998811  0.05961341374013669  0.06055977694261958
  0.06174472958155620  0.06330017915973833  0.06487544601172668  0.06640091661605653
  0.06794102311935805  0.06935686318370916  0.07069753455871657  0.07214988323783360
  0.07358822832110168  0.07506618908396551  0.07662415524799031  0.07841415391103775
  0.08047438639004544  0.08227434738397786  0.08338177501702397  0.08430059129738239
  0.08532224478726544  0.08633727773335763  0.08734387448382827  0.08847344258999909
  0.09003880521404388  0.09173149306170328  0.09343451954523495  0.09518174574045953
  0.09699039334485245  0.09902699907407748  0.10102641457691723  0.10271426803459506
  0.10402914992937516  0.10541934143462590  0.10706436676504812  0.10924318642921348
  0.11175933502181426  0.11502255799722778  0.11853368662690691  0.12099409101156013
  0.12434125160787038  0.12847491114215381  0.13387741974470621  0.13986411699698720
  0.14515474777299819  0.15084682662390872  0.15965640048117768  0.16745430180222026
  0.17327630309842090  0.17879350181446929  0.18743073875402230  0.21407574479065156
  0.24140485631584160  0.27212749895737320  0.72648392714373533  1.00000000000000000
 -0.00651756977239410  0.03232674338681807  0.06164576866687803  0.08643385215616849
  0.10366980492158455  0.11941964302109358  0.13663588770158691  0.15484814588269877
  0.17527425400980509  0.19205305479963530  0.20514215967436034  0.21531630860263423
  0.22510373541195805  0.23488500563683495  0.24448962194458851  0.25486899849006123
  0.26494876495802194  0.27487435089115048  0.28612897253095659  0.29739171268184234
  0.30780008630713979  0.31733666310754316  0.32641245981780526  0.33615426320135566
  0.34597943879176440  0.35511269678142160  0.36285154318267121  0.36998239752772849
  0.37709976301412623  0.38427783095947110  0.39149569726255007  0.39787905322096312
  0.40353880516945945  0.40916731335381185  0.41479467725056474  0.42024229338795055
  0.42559356774039842  0.43045191275746658  0.43559863827602102  0.44086762484539588
  0.44652060314274622  0.45282034510857383  0.45882025855418929  0.46491794551011112
  0.47116479684696994  0.47755219962256479  0.48376127559174437  0.48952447734380283
  0.49497943151645402  0.49991474169262928  0.50477855595497167  0.51002922212847224
  0.51503342964009269  0.52021273805419477  0.52541215873202540  0.53080371497935874
  0.53634188111676806  0.54197643114156491  0.54922955843689170  0.55657783527060145
  0.56400511807462439  0.57143736279193347  0.57883360387448612  0.58590574887804137
  0.59231723382243284  0.59848513855940577  0.60482801423052912  0.61101420641688142
  0.61746365369171297  0.62400164109300849  0.63054103010824170  0.63734111843380659
  0.64437242246277870  0.65164269938414976  0.65914091087976290  0.66730866720420590
  0.67642140441085430  0.68556946700980859  0.69477271495061343  0.70367583413545121
  0.71322025936591860  0.72364698106386949  0.73512836829742056  0.74788272148120793
  0.76276289626570570  0.77883794880415125  0.79439445303650746  0.80989996605054781
  0.82577282370604266  0.84040212523624525  0.85513841436877769  0.87538120484405046
  0.90329837806699775  0.93264258495163854  0.96258653186954046  1.00000000000000000
 -0.00966971309894558  0.11587694351092238  0.23375137778624219  0.34757152067088282
  0.41886587358932370  0.46097376887505070  0.49436394988577259  0.51923837180199628
  0.54112981640396551  0.56355077930192354  0.58263913300971837  0.59885556678935048
  0.61322206164173432  0.62671925569103903  0.63969531696102466  0.65204017857916563
  0.66374382046752312  0.67372919154207500  0.68282000067664039  0.69151906291974108
  0.70011319631076208  0.70780682309282184  0.71535157885396594  0.72268397249814886
  0.73054225596850497  0.73764648628376328  0.74472781180823910  0.75166574208768488
  0.75820263065818194  0.76407223124749568  0.76981575067480512  0.77555559668289364
  0.78152983874328885  0.78738175189185056  0.79330095452575178  0.79873023289246337
  0.80411482944949775  0.80903487735106316  0.81354110816036374  0.81777289029192712
  0.82190102475376270  0.82598265536873561  0.83007737703673823  0.83411035573031644
  0.83801741256904039  0.84169950316797471  0.84505251249023150  0.84851536289478824
  0.85196993878879768  0.85505610493718998  0.85823333728499396  0.86125694883957027
  0.86439259882240072  0.86739322488366666  0.87032504530992705  0.87339001854645970
  0.87665593609676817  0.88014120371233340  0.88357324138656712  0.88663645427960291
  0.88959946938173351  0.89237290647035095  0.89528162543071788  0.89836797502748533
  0.90151378398837878  0.90458149542924726  0.90746858529536045  0.91032024421504032
  0.91312811630513668  0.91592889479417372  0.91887900594342053  0.92176327446975914
  0.92469899552717016  0.92754422271624581  0.93021525061963783  0.93274726580279910
  0.93522371974546759  0.93741570128460383  0.93959196204862205  0.94176790830691959
  0.94395767629452965  0.94638533552042792  0.94887033823911993  0.95139570858169009
  0.95398383241709983  0.95662929794893192  0.95931351453952796  0.96214221336775685
  0.96518889983053324  0.96803174585717700  0.97078694871299065  0.97388216927591342
  0.97725523414699822  0.98145546648521842  0.98767660228821097  1.00000000000000000
 -0.01169006976491028  0.08448082928856675  0.11376411436223488  0.13260251037790993
  0.14877782881964194  0.16402015532690040  0.17730958714195391  0.18878621288397790
  0.19927914887785125  0.20885295057203362  0.21742129657133707  0.22633463958236644
  0.23501587824536155  0.24334395184805246  0.25084396804992271  0.25768222873337054
  0.26435656755157727  0.27104325347809838  0.27824067034755501  0.28533028040600167
  0.29249488941235957  0.29923254059793003  0.30578297259225240  0.31234701982703617
  0.31958907254070179  0.32662162062823047  0.33382428308767698  0.34177031571471095
  0.35015302182674440  0.35782160624176679  0.36397828814296801  0.36986007639345309
  0.37579079445094199  0.38175709463586960  0.38789516655777717  0.39398744576787692
  0.40001315056792858  0.40622335361742185  0.41298446723299664  0.42022959441486496
  0.42689928494454971  0.43263087471748884  0.43807760997915984  0.44374391508010669
  0.45025624623108984  0.45689510403260886  0.46293396342582649  0.46815127544882928
  0.47280663527603056  0.47755876017868565  0.48270566913353014  0.48901766822593884
  0.49653707954860771  0.50388769627727636  0.51095520117764359  0.51700717519192019
  0.52256199641943013  0.52933868747571999  0.53632564868610810  0.54324015369105272
  0.55041250699219768  0.55799816968243132  0.56550728202296807  0.57253973924689661
  0.58040428237079456  0.58812780892388328  0.59602744109171757  0.60352956091676324
  0.61102596895184802  0.61795852382239136  0.62491588021438549  0.63182953996333791
  0.63850239693838318  0.64573363290082708  0.65306912419071916  0.66045125535494520
  0.66795598535677592  0.67558508379723115  0.68359283003177607  0.69217905857736228
  0.70135557882607824  0.71131475512988473  0.72019088409346566  0.72917233894814448
  0.73819449213010302  0.74719593341580970  0.75613656677095575  0.76512206772543390
  0.77722645826645731  0.79200092025270397  0.80712424146754380  0.82562459500700658
  0.84642466860734966  0.87277168041009567  0.90982227032933483  1.00000000000000000
   1.0102749981426733E-012  -1.0000000000000000     
 F F F F F F F F F F F F F F F F F F F F F F F F F F F F F F F F F F F F F F F F F F F F F F F F F F F F F F F F F F F F F F F F F F F F F F F F F F F F F F F F F F F F F F F F F F F F F F F F F F F F F F F F F F F F F F F F F F F F F F F F F F F F F F F F
  <DiscreteSampler_grid>
  grouped_processes
  1 # 1 for a reference and 2 for a running grid.
  10 # Attribute 'min_bin_probing_points' of the grid.
  1 # Attribute 'grid_mode' of the grid. 1=='default',2=='initialization'
  0.0000000000000000 # Attribute 'small_contrib_threshold' of the grid.
  0.5000000000000000 # Attribute 'damping_power' of the grid.
 # binID   n_entries weight   weight_sqr   abs_weight
    103   10   5.872929130686992E-004   1.767455621614460E-006   5.872929130686992E-004
  </DiscreteSampler_grid>
