  0.00279094309957471  0.02070269967762866  0.03498168026366552  0.04692320503544790
  0.05756294235746608  0.06808753724762477  0.07821181530018130  0.08827428864710070
  0.09816976953935126  0.10782149959147688  0.11745066197747574  0.12730984413743943
  0.13734174917545311  0.14735664704496593  0.15731173044961719  0.16741228126816349
  0.17800879855929852  0.18889914104130204  0.19959762918868243  0.20978062287459243
  0.21936037278295833  0.22872915008383615  0.23802922844355023  0.24758516383287849
  0.25755747513115723  0.26757069934807387  0.27755826810409012  0.28757588639822113
  0.29780061161494253  0.30817809678665026  0.31852505711776491  0.32884846005731067
  0.33928299596032685  0.34971830059846842  0.36007937433592546  0.37045805680046512
  0.38075520206919855  0.39108119620752557  0.40185359367079126  0.41284410438483266
  0.42344862180913823  0.43386258421532364  0.44480741476678376  0.45598978909423377
  0.46711328188374662  0.47809270456664010  0.48905300868459328  0.50012100292144301
  0.51092740595634878  0.52121677288178814  0.53105577585072017  0.54108369662480249
  0.55199472123569360  0.56311240177596456  0.57380141696926867  0.58408499028913230
  0.59421109536575656  0.60411537791898939  0.61388141723642886  0.62387540246505591
  0.63426850038672422  0.64479993791033929  0.65502555798192919  0.66499324668386284
  0.67484937046548654  0.68462423301927444  0.69434419759131993  0.70403471207900692
  0.71393743768953721  0.72413758813309193  0.73437534268686910  0.74450254760680212
  0.75452041167168937  0.76432182056947739  0.77378231153948640  0.78316404036886289
  0.79275279341335347  0.80248611791164226  0.81227584443035594  0.82181463251675935
  0.83118256175585725  0.84111625448465877  0.85140950654459513  0.86289011997272247
  0.87457353484730049  0.88648592393332126  0.89821313502335376  0.90939087174107602
  0.92009436067414008  0.93035736452143392  0.94049167513352971  0.95067098086441160
  0.96156754523792243  0.97395052827345419  0.98670412656391449  1.00000000000000000
  0.00000089700092809  0.00000672197518071  0.00001335161401575  0.00002192883723720
  0.00003242010536567  0.00004563731540689  0.00006061963675949  0.00007677481701105
  0.00009497149342613  0.00011500621948543  0.00013656206850400  0.00015845018851412
  0.00018158929696586  0.00020524153043502  0.00023094492486983  0.00025725603761108
  0.00028522733786285  0.00031442668656753  0.00034385577696290  0.00037545983523554
  0.00040831954519780  0.00044296264114394  0.00047807605162047  0.00051483089010133
  0.00055282228808988  0.00059144708696022  0.00063043923767737  0.00067063919509304
  0.00071368457917636  0.00075735280516269  0.00080427616224751  0.00085289284692456
  0.00090255279967879  0.00095710595665641  0.00101380331796904  0.00107199162281462
  0.00113170728438608  0.00119260324608421  0.00125551339187045  0.00132135804557125
  0.00138979526054939  0.00146012959925225  0.00153478723453890  0.00161548764539484
  0.00169727662104118  0.00178282959551410  0.00187395646345944  0.00197048324088379
  0.00206954367522987  0.00217843855289292  0.00229554831118883  0.00241204085652389
  0.00253672526696994  0.00267016556233795  0.00280818009855303  0.00295367308709997
  0.00311250431657506  0.00327298281663929  0.00344738859267629  0.00363279427574929
  0.00382778653596929  0.00402764753459466  0.00425015372678611  0.00448502578257163
  0.00472563934828644  0.00498287479003183  0.00526192109429579  0.00556676259943268
  0.00591629767475009  0.00628820312652446  0.00669180729727028  0.00709578401945841
  0.00749710342944157  0.00791388087647939  0.00836171215652688  0.00882157806696137
  0.00929317958807829  0.00979162278419206  0.01031958872974867  0.01089837321545647
  0.01154938527434766  0.01232853393195038  0.01307498109961151  0.01401718136659224
  0.01489866399921564  0.01594185013883055  0.01717046727507689  0.01853491449931548
  0.02002770095652851  0.02168356149394281  0.02364952116079270  0.02605017529647224
  0.02916985645717592  0.03426156600737648  0.18048826784047725  1.00000000000000000
 -0.00267189634372156  0.01165706284001749  0.02262943505085629  0.03295497305470586
  0.04341422521411980  0.05379503275561744  0.06438892937259172  0.07446709908104923
  0.08464870870254870  0.09510420473845138  0.10568622564773222  0.11621769205745469
  0.12682994135315145  0.13780583919595740  0.14860800238608265  0.15884534699807271
  0.16911160753358537  0.17960006947337989  0.18992785206376697  0.20004536334608586
  0.21034106241270281  0.22131343803167483  0.23195659500570140  0.24241931041574480
  0.25277479133720426  0.26352584216178848  0.27390745279776640  0.28430226723985685
  0.29486664143557872  0.30554926471282856  0.31621306736623023  0.32724344457683996
  0.33829305782260910  0.34892836412164985  0.35981316328560281  0.37083316777642145
  0.38173474756370895  0.39271855117754717  0.40446251668129501  0.41638023231997273
  0.42731134384186142  0.43810991934705518  0.44921316216528451  0.46011931608434969
  0.47039219866918891  0.48093212860948481  0.49153442482752613  0.50195091924264845
  0.51195240300608513  0.52235375796087280  0.53307744165229309  0.54376203399883127
  0.55357080530768976  0.56360966532068180  0.57365589085384761  0.58371828604550779
  0.59393043379205712  0.60413341844601309  0.61453524889699840  0.62519995931561068
  0.63592770833833756  0.64679848095371384  0.65746474949381173  0.66840133817635705
  0.67948639227387431  0.68989391995059202  0.69992675929139681  0.70995053938641206
  0.72060992220623121  0.73123864083392542  0.74163862600909780  0.75225941706409161
  0.76238019014758973  0.77284079572627951  0.78275006908632394  0.79292344668433246
  0.80338264864790210  0.81362804681503165  0.82443894203421564  0.83475911930000912
  0.84415835758210978  0.85329995250886737  0.86227005595776662  0.87181907723207597
  0.88165205168061178  0.89130786687977659  0.90137716259361200  0.91166136643866247
  0.92175012849777682  0.93188948110476388  0.94267858837508434  0.95429543246847881
  0.96541597576700799  0.97687359272081542  0.98839532996725576  1.00000000000000000
 -0.00232353613673794  0.00955721297095500  0.01960524037856751  0.03004225670234498
  0.04053448054486208  0.05040810041279254  0.06037617494263816  0.07042670298484392
  0.08103188680511324  0.09166315053721068  0.10242236127519473  0.11415187928080539
  0.12661860391824742  0.13752031893690231  0.14853947380527296  0.15889686368760261
  0.16957680760833915  0.18016429575669890  0.19065969480013858  0.20122965567236545
  0.21162323123018525  0.22224242103664307  0.23252477997491094  0.24261994816261889
  0.25295289416028410  0.26380484817626310  0.27473844787727320  0.28551723262723500
  0.29599082984913194  0.30649034825879207  0.31738159132407745  0.32906348893569265
  0.34051022114239204  0.35138099964835906  0.36193526638377660  0.37203544614978734
  0.38217573080209621  0.39196720306732535  0.40229250759829482  0.41270450406812986
  0.42355274572694324  0.43483043762590662  0.44607810284236471  0.45749878148028905
  0.46893837896484969  0.48079308512013408  0.49185457460382198  0.50279018649420304
  0.51273248488650103  0.52278447919114379  0.53299355132722959  0.54362057927363538
  0.55479848227123174  0.56618000740485774  0.57705582083093387  0.58726841061511492
  0.59646151544018799  0.60577405933918338  0.61492062441908746  0.62410334518140198
  0.63368844979832173  0.64342486585407399  0.65364818720369933  0.66417016250623706
  0.67518970706132331  0.68622836737102866  0.69762724223867234  0.70894009659714508
  0.72038988564037676  0.73163321859546560  0.74204953860678646  0.75241292694841144
  0.76233870533231007  0.77262525817746042  0.78289896843564788  0.79272461213960177
  0.80232593804664454  0.81224267244590609  0.82267440814237436  0.83309019461010836
  0.84338972320763528  0.85372496988193514  0.86416654947184612  0.87461069873824027
  0.88541061197511439  0.89656944054273624  0.90779465926852598  0.91930240072951919
  0.93019981306676791  0.94143049089090136  0.95197513660017319  0.96242613809167166
  0.97201240991205395  0.98182936388804976  0.99084606289846022  1.00000000000000000
 -0.00242702844359855  0.00951058484372727  0.01990279789108530  0.03100197803799411
  0.04247470877183757  0.05385653158538548  0.06486303866990997  0.07532116500627470
  0.08531071219576364  0.09478017524096054  0.10435531392669124  0.11437976781621996
  0.12464437872638352  0.13526445321473091  0.14617468957174873  0.15688299007231066
  0.16762683170966869  0.17772619396724848  0.18796830613934909  0.19825656563712538
  0.20860940769705774  0.21894045174522925  0.22925537674838639  0.23982899405799341
  0.25058344013769585  0.26160395230526645  0.27266069886507166  0.28374900052937652
  0.29506371905119871  0.30631663277718196  0.31719590805476566  0.32781575620477438
  0.33867383729981482  0.34976319795551236  0.36063434586993848  0.37119480216056439
  0.38190657160361458  0.39290373132549911  0.40371306638093823  0.41446948076565615
  0.42555754732526152  0.43674533122099085  0.44770803716913787  0.45856248052968585
  0.46973512994058741  0.48094734775259035  0.49209879841781595  0.50301859996881260
  0.51347855123174435  0.52416939145467756  0.53519872435865801  0.54648158528575541
  0.55812476599679073  0.56988597820868847  0.58146208459144055  0.59262824262723179
  0.60339886166655299  0.61376599458254710  0.62391738999773838  0.63392836728204749
  0.64388448611173521  0.65381906725758221  0.66377663762013472  0.67359984342472168
  0.68349931944252362  0.69386521890463315  0.70453623262625487  0.71508662166567349
  0.72503038762229344  0.73511388934938238  0.74504063796850051  0.75555437438410378
  0.76593421456612010  0.77683749241375522  0.78743903242972257  0.79836165388368474
  0.80927823285165734  0.81978714097750316  0.82996163338182283  0.84013643470284083
  0.85041364211322301  0.86049570752900040  0.87059292442604697  0.88072889937793952
  0.89100065969437992  0.90123495654562080  0.91134017721332072  0.92113804165773239
  0.93063545159930117  0.93985571193659578  0.94945239657639791  0.95910842608210456
  0.96939665451979051  0.97915701035139613  0.98975989116909424  1.00000000000000000
  0.00237289704444402  0.19783438493064076  0.29135789167155524  0.36073988788204364
  0.41304334174616425  0.45189791477221564  0.47733342760832809  0.49703164240109005
  0.51377606056179992  0.52851093405325977  0.54122019346294747  0.55265469003975376
  0.56222843775445142  0.57026637829308657  0.57753684740566558  0.58427894347365794
  0.59053874117299254  0.59664623984956944  0.60261673301069485  0.60824593123716908
  0.61336337949990083  0.61834423216186241  0.62322091636911503  0.62804910436552197
  0.63282503564973580  0.63750937642586025  0.64206198035083939  0.64644285423348058
  0.65057965987244359  0.65467531568713733  0.65870425354460582  0.66262653854824882
  0.66647921985258840  0.67027237010202179  0.67402387627439375  0.67773861165332783
  0.68137847330563450  0.68499033680179522  0.68864571851610068  0.69233855136456013
  0.69598119029479155  0.69966575743895998  0.70337972606045907  0.70706237862386523
  0.71078022013755593  0.71446049047235705  0.71812635756703258  0.72176966758363648
  0.72538786718564263  0.72894369022567740  0.73240257725206115  0.73577880978688737
  0.73915484459482372  0.74261965305070787  0.74606746071967678  0.74948697338922976
  0.75301795190570708  0.75650527819056057  0.76002886196844532  0.76351124553735683
  0.76698086499687101  0.77050775794277948  0.77410221750175556  0.77772124094306772
  0.78135110169508004  0.78506403424534676  0.78871347318298435  0.79240635920014701
  0.79614906404683894  0.79998460539292515  0.80395375078075704  0.80807572019462326
  0.81233415944301268  0.81647152330677286  0.82066777923105727  0.82487804379365282
  0.82916820872964114  0.83357696483025934  0.83821319108450709  0.84297098567115436
  0.84774159107104585  0.85256623745768134  0.85752453078322355  0.86263488025341140
  0.86787557913425173  0.87347300244655157  0.87969362195265255  0.88634402405438040
  0.89310932325344805  0.90025204630853739  0.90796655961354067  0.91628377048737830
  0.92628980904999414  0.93865414733982355  0.95712023962014636  1.00000000000000000
 -0.01108890668263209  0.12875285931870167  0.16639769472633414  0.18709632904831938
  0.20308578385282455  0.21624100313790606  0.22791687464302568  0.23795257187349958
  0.24740432306607776  0.25632953355338539  0.26481734805297141  0.27288678767329994
  0.28033578458163794  0.28735556261580281  0.29420934457254722  0.30096672304007144
  0.30774295188804407  0.31425711272679052  0.32039496373393817  0.32646791114420293
  0.33236391668597454  0.33817911182871419  0.34386954213429438  0.34962507227893885
  0.35530515243394506  0.36101031521597904  0.36661040117832655  0.37212747041574140
  0.37760337614491846  0.38306314112646361  0.38852746025322682  0.39388400496597636
  0.39890609223737622  0.40365762300527974  0.40833875182993329  0.41296004481237980
  0.41767399400143801  0.42244025739028718  0.42729859340491944  0.43221851130890099
  0.43682900616448039  0.44182329875699161  0.44679716219049509  0.45182264660119692
  0.45683417693691342  0.46180572067875814  0.46674124411120271  0.47184305273439608
  0.47695729046201063  0.48205127929692754  0.48722825618046517  0.49233459394046125
  0.49739663498507530  0.50240628368929918  0.50724097528683010  0.51220905441816911
  0.51712681497970125  0.52225303320414151  0.52758777865426931  0.53298556570750388
  0.53835638382243123  0.54361866936146330  0.54883403401038211  0.55414008022546379
  0.55963001622786357  0.56553194562513065  0.57181664446381986  0.57809640304980303
  0.58445806228811337  0.59085204321929741  0.59732706011184122  0.60375796503336310
  0.61016461682816647  0.61664552785888771  0.62326212466693232  0.63003543950043339
  0.63686111439579685  0.64370706141433964  0.65074429081969420  0.65814002069039446
  0.66596242099497727  0.67448155050086955  0.68346406444774510  0.69241355941611982
  0.70115280287417081  0.71019985845857658  0.71970811145215874  0.72969638670066284
  0.74090350062317867  0.75322603814240463  0.76796719153682724  0.78428547451094111
  0.80329795967020978  0.82726270960693049  0.86493040384887643  1.00000000000000000
   6.1943443775311114E-008  -1.0000000000000000     
 F F F F F F F F F F F F F F F F F F F F F F F F F F F F F F F F F F F F F F F F F F F F F F F F F F F F F F F F F F F F F F F F
  <DiscreteSampler_grid>
  grouped_processes
  1 # 1 for a reference and 2 for a running grid.
  10 # Attribute 'min_bin_probing_points' of the grid.
  1 # Attribute 'grid_mode' of the grid. 1=='default',2=='initialization'
  0.0000000000000000 # Attribute 'small_contrib_threshold' of the grid.
  0.5000000000000000 # Attribute 'damping_power' of the grid.
 # binID   n_entries weight   weight_sqr   abs_weight
    10   10   8.374719382358468E+003   1.464163380768217E+008   8.374719382358468E+003
    11   10   8.374719382358448E+003   1.464163380768204E+008   8.374719382358448E+003
  </DiscreteSampler_grid>
