  0.00000056093234904  0.00000087279833863  0.00000117180358958  0.00000155127319606
  0.00000203111469373  0.00000267003700821  0.00000343950951564  0.00000430174347183
  0.00000535414363984  0.00000643513415189  0.00000747785540387  0.00000889855358156
  0.00001085593771831  0.00001357278100310  0.00001669057074745  0.00002046131110969
  0.00002466559933135  0.00002965668595840  0.00003646664227415  0.00004420193229817
  0.00005191410277248  0.00005838689236086  0.00006455417837331  0.00007245957225884
  0.00008075189737144  0.00008896781976414  0.00009829023100306  0.00010784776013120
  0.00011539870559571  0.00012570644204396  0.00014068843037975  0.00015852968023799
  0.00018012029051437  0.00020269647615833  0.00022478181589820  0.00025205652009407
  0.00027666081504864  0.00030332634105181  0.00033463025061031  0.00037293520360664
  0.00041841870491916  0.00046564571180030  0.00053206705203080  0.00063637460037879
  0.00073607406119770  0.00080916305643991  0.00086643699971441  0.00092445891575169
  0.00101045009217263  0.00112837105101968  0.00124411478478703  0.00133802127649929
  0.00143064647577686  0.00157649171361056  0.00175895901927405  0.00195659161134802
  0.00213717293370337  0.00233933775951558  0.00256256568040938  0.00279423611741227
  0.00301203787690804  0.00320152857220334  0.00334942709037356  0.00348304401965712
  0.00360237378025728  0.00371346658341595  0.00383742624794456  0.00397188971738873
  0.00409769615830106  0.00424418348426094  0.00440469219862754  0.00456984029487988
  0.00472739939576260  0.00487609102124119  0.00502816049108731  0.00518845502582971
  0.00535698205324634  0.00550656870324510  0.00565189873128778  0.00579038542350205
  0.00595228985835688  0.00616843786100231  0.00639094229671924  0.00659064375646532
  0.00678188252610848  0.00696642539871853  0.00716724770399047  0.00735685149087791
  0.00756971252924919  0.00806395242956073  0.00859482647885959  0.00926976034624052
  0.01167428920676031  0.01816878473462470  0.02872928441143294  1.00000000000000000
 -0.00000105108996678  0.00001655736142944  0.00004109527112723  0.00007066555742143
  0.00010313540452592  0.00014029491867327  0.00017725801750286  0.00021443911279169
  0.00025314372054813  0.00028597274057172  0.00031960915859680  0.00035241613359508
  0.00038593831356866  0.00042074855429289  0.00045635711995394  0.00049090028094176
  0.00052305054314719  0.00055658271281939  0.00060148819769295  0.00065233917958430
  0.00068992519694664  0.00071278200872329  0.00074176318339187  0.00077435173031260
  0.00081132418299242  0.00084701521608231  0.00086684182089857  0.00088342024565156
  0.00089999076099003  0.00092178451505414  0.00095904033594715  0.00100052016331727
  0.00104349360635055  0.00109296921397811  0.00113848659802108  0.00117936243827033
  0.00121830863841345  0.00125571997853965  0.00129504756767823  0.00132637090854572
  0.00136260266649119  0.00140264168527974  0.00144476854369303  0.00148586776734437
  0.00156277459275339  0.00173671707260002  0.00194081906594848  0.00204071355435006
  0.00211308215131003  0.00217401512675310  0.00223237025950270  0.00230033374623735
  0.00236457209555580  0.00242735834824071  0.00249625003237855  0.00257328053043643
  0.00265018804182985  0.00271864587346057  0.00276892798194326  0.00281042471308695
  0.00285078976146108  0.00289016125342729  0.00299213914741242  0.00317328067681847
  0.00335244576577743  0.00355220162313085  0.00376627726934829  0.00397467634686293
  0.00414315923643282  0.00420010745781755  0.00423998964658814  0.00430620209324091
  0.00441990886408803  0.00458330640257784  0.00477879960512279  0.00498790959897503
  0.00527346356378177  0.00557245959712957  0.00577598843888125  0.00603281618571438
  0.00617852468810649  0.00631461941718388  0.00645250854723107  0.00663454273164238
  0.00686625766599989  0.00736768515780677  0.00826346526772538  0.00914536855636954
  0.01002686901318844  0.01092692339282895  0.01182757948222616  0.01272879101349760
  0.01371712287393816  0.01478182395153204  0.03284146797836254  1.00000000000000000
 -0.00210380839483504  0.00871576928253349  0.01775617023135005  0.02696737160450774
  0.03734791119199182  0.04790985900859263  0.05862081651520942  0.06972944254084129
  0.08037537210891069  0.08974846334645233  0.09876221997701029  0.10613901037320717
  0.11225154128384542  0.11822066468114753  0.12511655242620956  0.13433617050738844
  0.14373587991669887  0.15404513838762099  0.16455191610693090  0.17389853392495760
  0.18136319579105917  0.18963352775995559  0.19872064970912545  0.20904555588943108
  0.22224714799944417  0.23559336363185901  0.24625089480672102  0.25582452122577198
  0.26389033766620612  0.27118688175143935  0.28044971163771426  0.29332656380099242
  0.30473510224317313  0.31493066002859493  0.32422084789611050  0.33224133128749833
  0.34042474218626984  0.35119227251365520  0.36087249947751787  0.37088932435616323
  0.38251729012829561  0.39180207474044959  0.40196502812402296  0.41280528757089158
  0.42459164887582518  0.43722441185850802  0.45037982206104132  0.46284993923582096
  0.47343836005720230  0.48317445662529113  0.49352360780732768  0.50633379900062148
  0.51799628924675045  0.52961244728114976  0.54149238446813952  0.55352733461367831
  0.56612412179431704  0.57867710907457626  0.59023144829374163  0.60056778804539712
  0.60893548833079314  0.61619571633978898  0.62492155528501825  0.63452617243197285
  0.64358359323821523  0.65424912090404508  0.66731752037830394  0.68104698594279478
  0.69439417894910427  0.70742556022414749  0.72022365012229750  0.73282597388744741
  0.74626120371146243  0.76090725984258767  0.77496929867246278  0.78937183095036567
  0.80345116612315903  0.81706841370931382  0.82997304986386367  0.84241881504600125
  0.85532045957209246  0.86875329195618367  0.88246164043351283  0.89454111085139054
  0.90497346784378496  0.91510169050482371  0.92496443454763377  0.93505443568363611
  0.94564995907767169  0.95919935331302053  0.96822613412757985  0.97441036070690379
  0.97946771118714615  0.98439482503054254  0.98971744426978892  1.00000000000000000
 -0.00008220717926758  0.00032347278819453  0.00079637236935228  0.00120017023970689
  0.00154067470879263  0.00181746959659512  0.00203713591293990  0.00220539178363144
  0.00234233335921983  0.00247927275454299  0.00262155755504461  0.00275599407609912
  0.00286450120187888  0.00294964752261986  0.00303156617179000  0.00311874114986162
  0.00320218872205147  0.00330218056762823  0.00340872698592304  0.00351661309926762
  0.00362531027987884  0.00372088777007307  0.00379710094685810  0.00386824797647012
  0.00394046262586245  0.00402607804037008  0.00415273335373951  0.00428760288254238
  0.00442984173110434  0.00456566224231300  0.00466369176284517  0.00475217720046660
  0.00484898572721193  0.00494738990789949  0.00504128834446516  0.00517832849971955
  0.00530586616447613  0.00542535505868480  0.00554071873686661  0.00565558953089547
  0.00579393880126328  0.00597362665356728  0.00613013754937486  0.00625522431788698
  0.00637354333197773  0.00650157421639857  0.00663199997212826  0.00674069400451854
  0.00683740692744305  0.00696940397007576  0.00714505527164507  0.00733691974523289
  0.00753302958691352  0.00775266233567441  0.00800641951571546  0.00825710425985813
  0.00848259741891831  0.00871810924264232  0.00903915424822085  0.00944190241297249
  0.00984186432217840  0.01021633230917551  0.01060389578066868  0.01093101248196561
  0.01113446863274911  0.01128300467736225  0.01140369904930214  0.01151572573253995
  0.01162942651755571  0.01175989135257804  0.01200207141871000  0.01224644269510832
  0.01239258380507722  0.01245953407557172  0.01254024275236976  0.01261594493233736
  0.01277676123629569  0.01297860109015007  0.01309232051851671  0.01341709373298256
  0.01385521575572925  0.01432192940047242  0.01534326714168660  0.01633166103323479
  0.01704823757094693  0.01788569091915204  0.01864846060776849  0.01979781510130716
  0.02128608261027618  0.02227740177705868  0.02345070180635840  0.02633418973780089
  0.03538158008817983  0.04429570661971444  0.05410901989112098  1.00000000000000000
 -0.00137913000321423  0.00660809458238788  0.01417336652240510  0.02172975102764119
  0.03016419749594620  0.03937136943214335  0.04804255090514942  0.05499190693791235
  0.06204964921339668  0.06966637419656171  0.07809817689332058  0.08774359711199264
  0.09723872855527586  0.10114227787297188  0.10456919636617250  0.10792752573305936
  0.11229439597019697  0.11581066481723684  0.12172360816356866  0.12778476285512597
  0.13461966450808022  0.14198398769917478  0.14974656047247947  0.15823494216309489
  0.16692421676001079  0.17566962741120590  0.18531142205258991  0.19542709834117847
  0.20555047107694982  0.21553798269145563  0.22514754297922893  0.23633792468553599
  0.24538856944010135  0.25205274479144246  0.25832120744010462  0.26537373526773461
  0.27435379117305375  0.28644370159565524  0.30168742184199915  0.31753371144132031
  0.33583170549989094  0.35582532199824890  0.37337119665506480  0.38641986689583130
  0.40024199954250550  0.41068097011155447  0.41871474842010981  0.42702914952212201
  0.43595578571096882  0.44816356151194181  0.46406558932607750  0.47888925889326622
  0.49171346127517496  0.50358921425106395  0.51556061184228130  0.53002863483767915
  0.54905925457851035  0.57040072699331568  0.59113303768490333  0.60882444899963040
  0.62479003163328584  0.63739583329897154  0.65113060321002647  0.66637158187251411
  0.68051746059015394  0.69464907304294987  0.70979319231249771  0.72515017670816440
  0.74041202116478932  0.75571278829872246  0.77086752359782240  0.78568038255830930
  0.79976449523997639  0.81311964553591565  0.82475487203974962  0.83523062570041595
  0.84480233390708159  0.85396803374062513  0.86370208655849479  0.87357945808376469
  0.88213661723695347  0.89076471114842704  0.89964242777813308  0.90812434923612140
  0.91699664838450601  0.92706771752730721  0.93791677886238167  0.94735145323804448
  0.95542720551129179  0.96098481026345417  0.96571901888063538  0.96978761037512917
  0.97591737294655301  0.98304827767944536  0.99101868468732324  1.00000000000000000
  0.19286721971291784  0.42613084203837692  0.53227552134556821  0.62041861560843525
  0.69255302914818029  0.74840094803028967  0.78824009488496183  0.82008850177203785
  0.84530309356995026  0.86637965634161451  0.88348780731108167  0.89802724061207861
  0.91124495464147892  0.92256236579358764  0.93150462107992160  0.93927629804828705
  0.94591202331322188  0.95141430865436338  0.95611184853652076  0.95963061398371330
  0.96237929217763074  0.96477283716036266  0.96698887375916631  0.96923529948281628
  0.97139213573854066  0.97330365892622239  0.97510270650775688  0.97680647642268226
  0.97840408170670523  0.97985008162069054  0.98113190491419233  0.98228370016913047
  0.98335629918629253  0.98435012251649867  0.98524027007057369  0.98607275826846619
  0.98691298750488610  0.98774973482891226  0.98852431686902109  0.98922675450320141
  0.98987311955733959  0.99050960055052428  0.99113743654748332  0.99173302187659385
  0.99229378289798187  0.99282875510210122  0.99332897751403559  0.99379279191552605
  0.99422894127370220  0.99463206823940520  0.99499116692156619  0.99536531279014551
  0.99567515094390524  0.99595874142671015  0.99622792024358386  0.99648882800504335
  0.99673758102543730  0.99697231699387412  0.99720394197391027  0.99742295265117364
  0.99762847499509943  0.99780995346389778  0.99799019822450430  0.99816265599529030
  0.99832786745900304  0.99848688582515288  0.99863217747514710  0.99876159269912135
  0.99888276007356247  0.99899434193727044  0.99908993911538169  0.99915488330587610
  0.99921547759800855  0.99926885857427850  0.99931072161917600  0.99934962466470134
  0.99938352615388448  0.99941275506664995  0.99943829551033347  0.99946190398181844
  0.99948542485619096  0.99950944955465726  0.99953518763167759  0.99955993862520420
  0.99958337867187697  0.99960522735731494  0.99962882624168770  0.99965320640587430
  0.99968123363956862  0.99971008456301469  0.99974033714431210  0.99977288271045317
  0.99980753775749454  0.99985047626695822  0.99990661348931842  1.00000000000000000
  0.02506301270317103  0.10582885660283073  0.12367896324606849  0.12729241707557928
  0.13277498218973169  0.13723727427330121  0.14193588268005058  0.14633310182162185
  0.15265835980191930  0.15887344720339855  0.16426079344891098  0.17034563321429075
  0.17639869360854626  0.18253909740830462  0.18748439960554292  0.19351621259068919
  0.19885537265481901  0.20445240744713924  0.20970173498176556  0.21475969461756922
  0.21914519844974167  0.22370861672948175  0.22835123012370565  0.23317237612079322
  0.23792747442264553  0.24145289720023455  0.24478265480701145  0.24780090548330519
  0.25037863900812068  0.25312861485633781  0.25691093560349726  0.26114303923797200
  0.26491853538227583  0.26823544841797409  0.27125046504585387  0.27450200269141412
  0.27881947763476200  0.28448649551206467  0.28906514343400497  0.29306169840855728
  0.29736785436325142  0.30113053409406115  0.30585357905963328  0.31210165391337419
  0.32123433631845449  0.33115304551679042  0.34068008457535592  0.34949846041786981
  0.35773726065347383  0.36631154012377054  0.37321703974102222  0.37969972031638710
  0.38581312372371424  0.39134156646112522  0.39704975575929236  0.40302319294275918
  0.40866810513918311  0.41524457670574966  0.42285462136401092  0.42929328993855104
  0.43468221882447972  0.44034196847270130  0.44659185014031288  0.45216841871966351
  0.45705496705762533  0.46152982466839026  0.46580465577678831  0.46944919142341601
  0.47450749936560027  0.48124432353346952  0.48960324669882171  0.49855182368929679
  0.50801963746516809  0.51776541203418891  0.52932635052009480  0.54109270922546560
  0.54990057299860762  0.55857334903574452  0.56649225184414431  0.57586867431615829
  0.58435773822319248  0.59240865521230990  0.60164274235090109  0.61328338065600752
  0.62893887685136796  0.64350928797162943  0.65837872312750045  0.66969418026758831
  0.68087363053279415  0.69275122391484356  0.70695523980078567  0.72529857435016343
  0.74835559726390610  0.77519323758961123  0.81297682991862696  1.00000000000000000
   5.0210114216636631E-008  -1.0000000000000000     
 F F F F F F F F F F F F F F F F F F F F F F F F F F F F F F F F F F F F F F F F F F F F F F F F F F F F F F F F F F F F F F F F
  <DiscreteSampler_grid>
  grouped_processes
  1 # 1 for a reference and 2 for a running grid.
  10 # Attribute 'min_bin_probing_points' of the grid.
  1 # Attribute 'grid_mode' of the grid. 1=='default',2=='initialization'
  0.0000000000000000 # Attribute 'small_contrib_threshold' of the grid.
  0.5000000000000000 # Attribute 'damping_power' of the grid.
 # binID   n_entries weight   weight_sqr   abs_weight
    19   10   4.777447885227471E+000   1.912672071063902E+002   4.777447885227471E+000
    20   10   4.777447885227471E+000   1.912672071063902E+002   4.777447885227471E+000
    40   10   4.746757994168702E+000   1.886281476274281E+002   4.746757994168702E+000
    41   10   4.746757994168700E+000   1.886281476274280E+002   4.746757994168700E+000
  </DiscreteSampler_grid>
