  0.00492870064002649  0.01170776038043761  0.02062816671939075  0.03012167995721557
  0.03957892492030986  0.04896198621728345  0.05848623816930492  0.06842468407552658
  0.07845344142351125  0.08846828417349049  0.09832534851217190  0.10859560885947733
  0.11923623571709684  0.12995064035071799  0.14030445973820857  0.15082246906113375
  0.16130487530499521  0.17158987905029860  0.18190011277821777  0.19250657406930441
  0.20322711738394428  0.21384726291060260  0.22452210471642095  0.23545148179472028
  0.24642997167706063  0.25723224093124253  0.26783492653285690  0.27830783232969286
  0.28875623735686073  0.29903643975472566  0.30925407103589891  0.31946739382381856
  0.32976447357524230  0.34001858264888901  0.35022923889471164  0.36074060064002006
  0.37143273858915471  0.38230358924367236  0.39316697439185727  0.40402387673122858
  0.41485328268182908  0.42555608658630273  0.43609446246558259  0.44664166606343403
  0.45727610261394552  0.46783605083788854  0.47827318750417652  0.48867567520940003
  0.49902065256064743  0.50917817099467200  0.51917332046374198  0.52925184589540453
  0.53943141136250061  0.54969325437336403  0.56000632245570936  0.57040348506169014
  0.58094827081552958  0.59158045781708291  0.60210744797808913  0.61254169353795840
  0.62296731840742181  0.63330537382101193  0.64356233541516084  0.65388409364659084
  0.66439216903878862  0.67516911768441323  0.68588698963048489  0.69635707382677892
  0.70677144693923999  0.71725337970496683  0.72792754252538294  0.73843348317427848
  0.74906991633236475  0.75964980057202747  0.77013771032136036  0.78048323001873077
  0.79101748977394493  0.80145672766801535  0.81183806049085383  0.82199341804842396
  0.83224307233880745  0.84242011069231570  0.85267366421687518  0.86336592727664296
  0.87413293098530809  0.88522167751996084  0.89640325910434393  0.90712448285431491
  0.91830950143120038  0.92955190550808786  0.94079399469706093  0.95221478273413240
  0.96401834612178705  0.97610965159021090  0.98810862128287413  1.00000000000000000
  0.00223116546974608  0.02386835016535006  0.04139439235580672  0.05452228432623059
  0.06591929060125060  0.07656128888744004  0.08745496357458162  0.09846046383632812
  0.10899328222487628  0.11918893024640106  0.12935228900276349  0.13982390841756870
  0.15043899155113635  0.16098107718562379  0.17152495003886489  0.18196403434651617
  0.19235949085997606  0.20275927204465677  0.21311685341023928  0.22361318924635562
  0.23411585387134784  0.24490016554536082  0.25554294243439835  0.26605485978827753
  0.27623657173738436  0.28624247755723109  0.29633078127608320  0.30630315610421593
  0.31656510446971903  0.32714538639255542  0.33774011591353725  0.34788617957269236
  0.35783970621770977  0.36767775125522650  0.37751072069359315  0.38743292012886238
  0.39756060355513867  0.40804454096287202  0.41865237063180211  0.42898052215404370
  0.43951533213055194  0.44998044989746927  0.46094140200158285  0.47219948235001297
  0.48316365968004171  0.49380782215076741  0.50419807154263929  0.51427600975451815
  0.52415271025375809  0.53392000341390455  0.54386883132166963  0.55386995131512096
  0.56377910689006860  0.57373324720721808  0.58362282338780547  0.59331798015176940
  0.60274227320440710  0.61219419799406194  0.62167677029208979  0.63105079900679306
  0.64042736994180094  0.64988011213379471  0.65947513980021555  0.66878991041130154
  0.67810975262807094  0.68744561594720410  0.69694882653703660  0.70636884365127162
  0.71600318242780980  0.72590089475467168  0.73613471977136569  0.74643164634033332
  0.75669566210975214  0.76691487328411911  0.77723988281541090  0.78759465858840805
  0.79781930776198950  0.80790624243628295  0.81808451945391747  0.82840241385948699
  0.83873324641256330  0.84869756879517866  0.85890182332319709  0.86918154381861312
  0.87948781202506066  0.88996745195230309  0.90024476490010785  0.91092911635607954
  0.92150749188952463  0.93222796112893991  0.94232465608615712  0.95254312243786854
  0.96301705866949849  0.97352108729809061  0.98359203528756445  1.00000000000000000
  0.00003342158591412  0.00176002979505425  0.00234239838839329  0.00272934324939572
  0.00302614111367232  0.00328922925794929  0.00353352091572496  0.00376161006576028
  0.00396877374154706  0.00416526422022659  0.00435749783078463  0.00454388552534987
  0.00472385048504600  0.00489927958738299  0.00506906508999485  0.00523180640330320
  0.00538886087961048  0.00554139746550530  0.00568905420441292  0.00583147846551015
  0.00596882518454586  0.00610135863102364  0.00623091586022558  0.00635803674516465
  0.00648412633936730  0.00660889648137383  0.00673523178645006  0.00686379031383956
  0.00699431386863037  0.00712461463462550  0.00725210335454799  0.00737914502567693
  0.00750963681544089  0.00764672795194900  0.00778848799468543  0.00793327698817285
  0.00808251581502232  0.00823617714594256  0.00839241998596129  0.00854989887865827
  0.00871245807007765  0.00888393225884827  0.00905770796902912  0.00923896146371279
  0.00942805315136946  0.00962099999128223  0.00981687903443779  0.01001620088190642
  0.01022426593267148  0.01043941147125373  0.01066397807527366  0.01089747292578544
  0.01113440039792726  0.01137353175392586  0.01162320311362092  0.01188342088605898
  0.01216229987228243  0.01245124233113287  0.01274785272617427  0.01305524658310689
  0.01337457016119671  0.01371095930829953  0.01406964760665855  0.01444562441993849
  0.01483272216974825  0.01523390312779240  0.01564831297861860  0.01607630220333328
  0.01653824051573169  0.01700865301318372  0.01751640124174819  0.01806346003782298
  0.01865673434920057  0.01927625965216286  0.01992525725691546  0.02060218132119191
  0.02133630229370151  0.02211224224161928  0.02296151097762014  0.02389489306058067
  0.02490023604642786  0.02597021155189290  0.02715766247139555  0.02849519331512995
  0.02998366552071735  0.03170500291862446  0.03360724498185937  0.03570591936799903
  0.03811428048660457  0.04108161967489176  0.04473874536468866  0.04905025141798809
  0.05490547989983681  0.06391089335161525  0.59647206451485069  1.00000000000000000
 -0.00262255476358864  0.01047178304261755  0.02164976451780747  0.03295256891072478
  0.04401487684866477  0.05492459273966787  0.06555401380213169  0.07585920386497211
  0.08641481500324180  0.09731170287959898  0.10855361637082028  0.11988959621188663
  0.13121109231711181  0.14219557831841062  0.15282544019014196  0.16317905749483161
  0.17338484369343818  0.18374606052828452  0.19424895509777546  0.20472820952616147
  0.21506482563861642  0.22543781639420424  0.23605349932931180  0.24693316407334853
  0.25786001653941087  0.26866710144301448  0.27930754573154215  0.28984498478526044
  0.30036895766355898  0.31084396918319723  0.32123795244608516  0.33154741840286400
  0.34187355595976576  0.35212027998530721  0.36213841808392966  0.37199237581384864
  0.38206607790730290  0.39235635429064242  0.40255603453568445  0.41256335447725961
  0.42254271476391930  0.43248879062395640  0.44260552512551854  0.45280606720277483
  0.46294838306815933  0.47313751527445280  0.48324611749547131  0.49380273284201875
  0.50442587919374093  0.51531657430275168  0.52631044464006405  0.53704359752584585
  0.54765882524355702  0.55803314542421623  0.56826198298777109  0.57850699077434009
  0.58888387805606768  0.59905228416568301  0.60895723369998422  0.61901861886498921
  0.62952646259646061  0.64046428953172108  0.65123999531203269  0.66215908215775576
  0.67329996670609682  0.68432720876537512  0.69538722723568525  0.70641077853984724
  0.71742803473842709  0.72817231818511419  0.73898520442176352  0.74954935951381019
  0.76045944489814421  0.77107932841405424  0.78256092555529244  0.79375576992964736
  0.80469789083148302  0.81534630846045575  0.82583234419709917  0.83608263195228882
  0.84605845489113907  0.85613661306847655  0.86635372517747744  0.87676428599844003
  0.88715243212125294  0.89755285968738241  0.90801830096245306  0.91829185897655163
  0.92827243563475659  0.93828986231579858  0.94835343356682689  0.95833167360258387
  0.96862484595267584  0.97886965104861345  0.98930236550570361  1.00000000000000000
 -0.00236658888167635  0.00917255614681045  0.01960601501610513  0.03029543470606124
  0.04117270099801943  0.05217987734721562  0.06313916715204565  0.07374617531497134
  0.08436885788670689  0.09514466374720476  0.10592668520443897  0.11660577531229900
  0.12711150665207702  0.13779497216748163  0.14854580947496690  0.15916573257529734
  0.16971361149796985  0.18003067398001993  0.19036753983586285  0.20054156995903472
  0.21085541025258756  0.22106256603261104  0.23131110213543951  0.24166970391911724
  0.25222442994857452  0.26315275479781436  0.27401177155227646  0.28472743726982819
  0.29523949873965027  0.30562344038528799  0.31586206088044805  0.32592814705481776
  0.33587538571076758  0.34602934568086174  0.35627038003033762  0.36653480590916843
  0.37669315280790516  0.38693913539159486  0.39721590577029314  0.40761112515451725
  0.41819445229077801  0.42908176471842430  0.43991852846911567  0.45066487528174204
  0.46132195105750556  0.47186364134435171  0.48244910560640653  0.49257545951687109
  0.50279610727875323  0.51323600511520473  0.52381153328764429  0.53431998403850289
  0.54485057322046393  0.55563840384006224  0.56606848729445969  0.57626879333861092
  0.58656283413896593  0.59678165818609008  0.60696571710584701  0.61730455478873547
  0.62779520903319053  0.63818592160885790  0.64846590494166312  0.65913116319674225
  0.66960465282037918  0.67993137549896809  0.69018131080374234  0.70073075818354791
  0.71095810338193666  0.72102521971341305  0.73102464506451748  0.74138148237526968
  0.75167892860753094  0.76179418402985877  0.77224664994807557  0.78310379450683143
  0.79415019983960544  0.80457609724810453  0.81546785896978513  0.82631068647807848
  0.83728497159188398  0.84781511976899893  0.85861907537765780  0.86951880702026108
  0.88033300556281746  0.89108788679710160  0.90182384611186228  0.91244809583638209
  0.92280362271154615  0.93334274692667896  0.94389909863043275  0.95500722094616575
  0.96622414776671983  0.97779919982381447  0.98895654075241868  1.00000000000000000
 -0.00246358876200310  0.00964602545387987  0.02028666590834724  0.03099741160563427
  0.04170510343134746  0.05219777246747283  0.06258621973060195  0.07292709051817003
  0.08305384961340331  0.09327541499602192  0.10382740775207341  0.11428571262235086
  0.12450324017482806  0.13480196173092690  0.14520965945960709  0.15566351383442251
  0.16599951634405177  0.17649197651497292  0.18679218810006620  0.19713436524125852
  0.20746568930888515  0.21818171328432368  0.22888708608895017  0.23912751269903182
  0.24937467413553691  0.25975126973841289  0.27051851721187004  0.28151042908247048
  0.29253062348139652  0.30368010289470460  0.31445007252023949  0.32493107640425195
  0.33549808407588350  0.34634726630029739  0.35711829410923129  0.36758938063166330
  0.37780840895390966  0.38812108661987638  0.39856916564949135  0.40909216894667655
  0.41986797298655398  0.43068822672043211  0.44158121983023357  0.45233602001839057
  0.46328375722964277  0.47436380212016654  0.48523883323991723  0.49616735850207599
  0.50702271597524950  0.51787446967393580  0.52894562626965269  0.53994349482388149
  0.55078392656691133  0.56134191829437619  0.57213218954732059  0.58276849643210704
  0.59291256469122433  0.60300094612803778  0.61319078712510844  0.62360346259566268
  0.63393757249312321  0.64428129204654361  0.65489370477587117  0.66552662138511021
  0.67621444128129127  0.68674707787031652  0.69735158874290248  0.70787698430978330
  0.71852152805122549  0.72902844017427337  0.73938169956174515  0.74952749921519979
  0.75988859185662927  0.77005822293245019  0.78080223860549514  0.79110934653224219
  0.80187982874493313  0.81205823308581837  0.82242443690686118  0.83286520081643378
  0.84364233209215933  0.85421879798832390  0.86470452479346982  0.87502034096161152
  0.88579134783666158  0.89643620628299348  0.90690888842525452  0.91731082084250126
  0.92783520309062772  0.93870016018782065  0.94955948610678842  0.95999873446337702
  0.97007784190671509  0.98002045454823850  0.98999982581868151  1.00000000000000000
 -0.00231916487823391  0.00930519296839290  0.01956922708978091  0.03004155954738084
  0.04021115549719744  0.05066760492894501  0.06129261676500439  0.07217561592584756
  0.08274892022455187  0.09282140199253953  0.10267945268695079  0.11253056887702910
  0.12244350753611093  0.13256546290659177  0.14253654353141582  0.15261511217532314
  0.16321349023417203  0.17387325765558245  0.18465015136105520  0.19498786136945162
  0.20525827110472483  0.21585254714572844  0.22638019281910940  0.23721746758176215
  0.24816726516056625  0.25890969183939733  0.26962449752743611  0.28042793346948031
  0.29123836759361033  0.30168429444265216  0.31203867133196339  0.32254564734625091
  0.33298880216095250  0.34335328157218231  0.35354378672600262  0.36384239638539145
  0.37412729403645556  0.38447448801353268  0.39488871465936787  0.40550137274803583
  0.41629951242914209  0.42722808895721159  0.43818333129969617  0.44918347391600461
  0.46005490200825838  0.47089224595127371  0.48164925936774983  0.49232266429270827
  0.50314610494647982  0.51416823996360272  0.52532519424856539  0.53634857792049662
  0.54720666935054918  0.55784157758286834  0.56832284157754365  0.57895123635882706
  0.58959326936651280  0.60031084995034134  0.61091472907763456  0.62136607610857564
  0.63160572665842041  0.64139267164499369  0.65115945135242592  0.66088362954290247
  0.67080911251256203  0.68101232255037369  0.69129150787129068  0.70156422763053716
  0.71202625568569189  0.72270753943022259  0.73334846979487134  0.74377537162979490
  0.75416739269602495  0.76464203583403423  0.77506888617294534  0.78540748587713849
  0.79591187802106322  0.80657848304041380  0.81734483534547198  0.82825250698634256
  0.83929123317487875  0.85047388810738667  0.86148669539637568  0.87230224382393007
  0.88276964192791252  0.89304499434232898  0.90364138057760102  0.91420197749572296
  0.92471549884311532  0.93518886859529549  0.94583671387211277  0.95681812373861008
  0.96746856603197795  0.97814312224807232  0.98905944423794945  1.00000000000000000
 -0.00237874392260655  0.00914654292019953  0.01942174300878028  0.02973506502504247
  0.04003555887987927  0.05057551702750190  0.06096664678729131  0.07111572616592456
  0.08070266504277965  0.09087078543232112  0.10100287021053998  0.11142471455748537
  0.12203032033097561  0.13289611405455187  0.14307181216142073  0.15320452687786854
  0.16308533425443858  0.17342945281404251  0.18390680032017745  0.19484168905869378
  0.20613558751153807  0.21717232327964861  0.22802889397523504  0.23873366731985229
  0.24952261341016824  0.26029789993439073  0.27072725515205553  0.28116666222918579
  0.29157868602575898  0.30213683945765146  0.31252508533618528  0.32304964613612225
  0.33360002670182315  0.34429734885180191  0.35500145426304897  0.36568035047777325
  0.37582613867777304  0.38638627048274604  0.39654265857061394  0.40707587140262796
  0.41758346271451940  0.42872989413528068  0.43956016709632445  0.45025200320086195
  0.46097188392655108  0.47171382370148607  0.48234355174434868  0.49274419595505975
  0.50310322354127013  0.51340878839714921  0.52346087164888744  0.53358166247628991
  0.54396084938175027  0.55495483349168107  0.56597023638483845  0.57687618826389842
  0.58774765631900860  0.59867619270499972  0.60966365555893343  0.62044302869917667
  0.63133084606851464  0.64210572066765637  0.65262385739985040  0.66327704509224705
  0.67339646255163499  0.68346794287054180  0.69348208961152125  0.70395376419204891
  0.71449553089589912  0.72499998820646061  0.73546675478627543  0.74595967017696585
  0.75637603997342717  0.76660628688185262  0.77699586366403517  0.78755591414098314
  0.79816436729320761  0.80893268060421075  0.81953458955745928  0.83040192618547648
  0.84089450021173962  0.85150663786087999  0.86225623296602494  0.87300440651907085
  0.88347202994222207  0.89398626898253031  0.90438887399625612  0.91490577399263451
  0.92507494501923759  0.93497769742441672  0.94532857694598382  0.95567843840560707
  0.96655552305818260  0.97748163590023329  0.98863101779469664  1.00000000000000000
  0.16686620472595221  0.38435887947001229  0.45583871030312600  0.48709515918265656
  0.50454315051338294  0.51647539330577208  0.52474326257051340  0.53071608533679371
  0.53557056062700215  0.53986617275295490  0.54363451959276798  0.54713561000212341
  0.55054496949763443  0.55382144503950270  0.55701266334750910  0.56010293200005845
  0.56308440501076673  0.56598215569023447  0.56876589997194105  0.57150342802990683
  0.57422189932592649  0.57689554997322623  0.57956279894018814  0.58224573781703781
  0.58490899154340237  0.58756915993084569  0.59020947381873878  0.59285050299935460
  0.59548940559531749  0.59814271343061520  0.60076765374646424  0.60336790273614038
  0.60595112284289110  0.60853005855869935  0.61110816680139801  0.61365796987026422
  0.61616867322883884  0.61868212420045887  0.62121729927874048  0.62377662524924682
  0.62630835866190215  0.62885027612869848  0.63139244457031607  0.63390530031397052
  0.63642927257406656  0.63898619888946850  0.64157966562023760  0.64423633712797479
  0.64693775739331871  0.64968491892654190  0.65245330215490760  0.65523867106597133
  0.65808081658042539  0.66096493301732451  0.66386676719956506  0.66680497798273897
  0.66974782864981308  0.67269339103414350  0.67564261877800325  0.67861939881499089
  0.68163639283525912  0.68469790379711049  0.68788280190040485  0.69117959674399276
  0.69452365165941976  0.69790235051812233  0.70132762547927452  0.70481403150145061
  0.70840546067455767  0.71208004855286888  0.71583856925035683  0.71961243891052329
  0.72343539214954977  0.72735070801511659  0.73137564593631488  0.73559593328259887
  0.73998396428120261  0.74453587522389597  0.74925577442285574  0.75415224927622460
  0.75920624282597948  0.76444655348363433  0.76997989027625635  0.77585700885116748
  0.78197681239139549  0.78834825947943254  0.79523328943602456  0.80269224562021979
  0.81071884518782511  0.81955303783927924  0.82926809809574276  0.84069652525488048
  0.85450227272839274  0.87204301039545606  0.90051696990928776  1.00000000000000000
 -0.03056554600788896  0.15135779552911244  0.19560457974249415  0.22191600955363477
  0.24068676365990338  0.25557310301342651  0.26837590770362713  0.27972474301935657
  0.28988848310761667  0.29917792801767107  0.30793559151555411  0.31624420906808343
  0.32400800729856277  0.33123517272323078  0.33800810836618439  0.34452354311445788
  0.35087429234890632  0.35710330778535132  0.36322799088094504  0.36923751849056924
  0.37506927552763814  0.38054834603410254  0.38571448513982365  0.39077586706560224
  0.39575903343835372  0.40070954487802085  0.40562054933739083  0.41045398256348681
  0.41525052754510478  0.41980916405069030  0.42433090128926193  0.42881109500006470
  0.43324960488491004  0.43760906485435380  0.44185138714046335  0.44603275319001362
  0.45018299626659625  0.45438961455874644  0.45862289256171157  0.46288240956733784
  0.46709996704415258  0.47120908237785220  0.47529581222113521  0.47946214216846855
  0.48365216838641062  0.48779983242784714  0.49196109014490380  0.49608034355746650
  0.50012681766285649  0.50413669319185772  0.50813668942588064  0.51221056240258478
  0.51631659885255499  0.52041052399471899  0.52450068289491425  0.52860333619226596
  0.53271234476375984  0.53685429543491603  0.54103883673812447  0.54531085057177975
  0.54970940301314242  0.55413878475907563  0.55853793098711513  0.56296224156104735
  0.56742428399834011  0.57196412351971093  0.57657131692720243  0.58122487562659853
  0.58603661471657387  0.59107607296270048  0.59602845647309444  0.60109798094331379
  0.60630614769206004  0.61171843573200457  0.61733459910064958  0.62302940583966926
  0.62894381984407444  0.63499594480149801  0.64116373386928349  0.64747766324798739
  0.65392590535546791  0.66052883877076252  0.66742822865872287  0.67478443281557021
  0.68266246931613428  0.69109219810793310  0.70003684779754838  0.70956008378265434
  0.71991252214827262  0.73145170887462219  0.74419904383744473  0.75898748185920539
  0.77772711266839578  0.80392926205977677  0.84891052359727048  1.00000000000000000
   3.3359387553824133E-009  -1.0000000000000000     
 F F F F F F F F F F F F F F F F F F F F F F F F F F F F F F F F F F F F F F F F F F F F F F F F F F F F F F F F F F F F F F F F F F F F F F F F F F F F F F F F F F F F F F F F F F F F F F F F F F F F F F F F F F F F F F F F F F F F F F F F F F F F F F F F
  <DiscreteSampler_grid>
  grouped_processes
  1 # 1 for a reference and 2 for a running grid.
  10 # Attribute 'min_bin_probing_points' of the grid.
  1 # Attribute 'grid_mode' of the grid. 1=='default',2=='initialization'
  0.0000000000000000 # Attribute 'small_contrib_threshold' of the grid.
  0.5000000000000000 # Attribute 'damping_power' of the grid.
 # binID   n_entries weight   weight_sqr   abs_weight
    10   10   2.404999102536252E+001   1.897250967817279E+003   2.404999102536252E+001
    16   10   2.404999102536252E+001   1.897250967817280E+003   2.404999102536252E+001
  </DiscreteSampler_grid>
