 -0.00349022392400008  0.01427980944310063  0.02744665514165752  0.03961524250860556
  0.05043093549166171  0.06116380299704346  0.07167636050205552  0.08198277773546113
  0.09231801958324662  0.10298141949571334  0.11401779237714521  0.12514217829639060
  0.13611997933682754  0.14679382648727024  0.15696822624172932  0.16705095637023878
  0.17730429000846226  0.18766429872606868  0.19820630684924406  0.20881613190999898
  0.21936834019485688  0.22982075031394580  0.23994865888653374  0.25002272752550825
  0.26011889027569812  0.27019919075940396  0.28038556696862466  0.29027800370635715
  0.29985154137802900  0.30931114514717661  0.31895363771534713  0.32862080074750988
  0.33822845952632663  0.34780964347585347  0.35765567316190156  0.36789356304430221
  0.37830216889533819  0.38854443615736511  0.39840090332718986  0.40786491701084449
  0.41728843975738505  0.42673017404540237  0.43628308458420545  0.44619990341753674
  0.45660801054013045  0.46737646438229752  0.47794121995074090  0.48751313210418812
  0.49662892032965061  0.50603072834266805  0.51552004645581340  0.52503641259820222
  0.53438669895063540  0.54410402620316867  0.55455857014704268  0.56509523994558108
  0.57528166108689072  0.58519169229954848  0.59496814626916950  0.60479942723080649
  0.61453311853842907  0.62413361851458782  0.63371891607091091  0.64350893468245673
  0.65374405757658782  0.66428019384103443  0.67454935598758725  0.68439777512415889
  0.69412289046794340  0.70401699472774282  0.71414428492271265  0.72437895435862221
  0.73465462585398322  0.74508438033820223  0.75541299556080088  0.76555910075356870
  0.77578857836626425  0.78623225370053063  0.79682175853884829  0.80752884851359308
  0.81787885489079848  0.82804360387312248  0.83817468360072378  0.84837527116646538
  0.85904531737974299  0.87015517862821345  0.88160686753144746  0.89298857664799647
  0.90418994445275014  0.91553284289741355  0.92720531575805942  0.93916645150997691
  0.95149646696533619  0.96468976568292775  0.98028603828330541  1.00000000000000000
 -0.00570394951317660  0.02443677069258349  0.04111183865626354  0.05362027117580741
  0.06508031854412355  0.07576802883324467  0.08642619893405776  0.09723523394716606
  0.10821820448967895  0.11955054947654102  0.13045782177347717  0.14131153013104927
  0.15181781393347774  0.16246346461886774  0.17283927168678143  0.18289746942544352
  0.19319387396337523  0.20333919472446391  0.21339948480101387  0.22334215955735559
  0.23307771675052530  0.24271228388375504  0.25239840249207574  0.26210497524523457
  0.27165393828387974  0.28116451480869054  0.29077938651769758  0.30070467149788860
  0.31064695537336035  0.32028632829920650  0.32969337474281790  0.33918310365446269
  0.34877556364364548  0.35846171756885453  0.36810298256518198  0.37768898189950151
  0.38761541828134577  0.39740133690879909  0.40679157857541348  0.41640290150864850
  0.42618067861249237  0.43623979742700464  0.44560779756846458  0.45462371768316417
  0.46392206821764492  0.47354287383760618  0.48346983661815834  0.49345369943046824
  0.50357480931814647  0.51393157499417763  0.52414557190880329  0.53471554977049951
  0.54466739292427269  0.55413769782178013  0.56357408342493864  0.57346877178275213
  0.58347922264909036  0.59365280062979564  0.60407439968906185  0.61484273192018846
  0.62578668772870827  0.63656402794550992  0.64691995442888783  0.65670292057599911
  0.66631787185108438  0.67603756291895079  0.68585197340157555  0.69566813305999764
  0.70567825464252376  0.71630820945292906  0.72734448366504389  0.73855911270568098
  0.74955257976195977  0.75997671009513057  0.77008455489985916  0.77998090113025798
  0.78972717418949356  0.79933689753142700  0.80899442394829146  0.81878710065133353
  0.82855374939968673  0.83819223132365162  0.84779840516096605  0.85728564080730629
  0.86677673462295157  0.87653144335017397  0.88660631353265784  0.89714316386395609
  0.90799296965223741  0.91923366248593641  0.93048926014809752  0.94181504789289983
  0.95354517365449343  0.96627376103125795  0.98158477701652114  1.00000000000000000
 -0.00011151770214100  0.00158278378304352  0.00218625659516597  0.00257539645108913
  0.00290111159241079  0.00318973312453566  0.00345717871067376  0.00370215869744020
  0.00392752031425264  0.00413688354627229  0.00433494792175069  0.00452174108427093
  0.00469727858617602  0.00486817971124257  0.00503782325265919  0.00520392303717247
  0.00536347110885221  0.00551591816775723  0.00566294115667894  0.00580777378884091
  0.00595166855261329  0.00609573411749067  0.00623994078848944  0.00637462171109884
  0.00650734522976076  0.00663973249816411  0.00677154084838227  0.00690537307183880
  0.00704342316586113  0.00718380010794733  0.00732583251837354  0.00746866575322023
  0.00761188517648219  0.00775701948058092  0.00790386157469487  0.00805477194875271
  0.00821523715042872  0.00838202264002157  0.00855347073592724  0.00873204629434792
  0.00891394319951080  0.00909604035091437  0.00927717055759962  0.00946773733440629
  0.00966311230612015  0.00986249960536732  0.01006852620816446  0.01027844619951488
  0.01049148868805068  0.01070393481502874  0.01092377603349040  0.01116280762493166
  0.01140968511671877  0.01166632275686286  0.01193010248329163  0.01220319974099372
  0.01247597144859205  0.01276688063835543  0.01307989083406699  0.01339685143637181
  0.01371709479303327  0.01404346944709153  0.01438905380119509  0.01475784779886866
  0.01516905359988086  0.01560214732473393  0.01603750881993134  0.01647587589261464
  0.01692855749513395  0.01742800190428039  0.01798030337030330  0.01855636196328747
  0.01914860563296024  0.01976734831544393  0.02044484644964865  0.02118533564773773
  0.02195193198266426  0.02273775638190823  0.02361207648776187  0.02458826884405705
  0.02561887112152591  0.02675146678813269  0.02800860622214465  0.02937562574739138
  0.03087720272894620  0.03260765370824281  0.03455826579237480  0.03671302377411140
  0.03929463487776164  0.04237526518613616  0.04621939586274738  0.05098201878790275
  0.05756525858095188  0.06757515530990732  0.62200892196010615  1.00000000000000000
 -0.00209923404081551  0.00901764803248228  0.01826743711210086  0.02830773937204531
  0.03834532368437880  0.04847977049884901  0.05867699540291774  0.06922378602769740
  0.08046782259589493  0.09139665181753245  0.10201067023424396  0.11281180831481154
  0.12345266249870683  0.13328835201933387  0.14319505772632923  0.15344840088255401
  0.16350259394763006  0.17347453053385936  0.18346068983053085  0.19387846871206701
  0.20434225128877559  0.21486570690970958  0.22555740515170111  0.23636220689974013
  0.24712890358499257  0.25760779049008892  0.26816718231509629  0.27886985253156960
  0.28961323213488299  0.30018702628868282  0.31074663281131637  0.32153480427251574
  0.33262340555289394  0.34313731253454216  0.35354311490936563  0.36398951688389897
  0.37477662407484186  0.38611114709455852  0.39729894835263668  0.40832007084629929
  0.41942055238916487  0.43064465862176315  0.44178420793065248  0.45249783262766380
  0.46287087464059623  0.47341393191000086  0.48419913756982214  0.49524006597434500
  0.50623377654324730  0.51712788807567944  0.52776936243123873  0.53823821274193695
  0.54863665782227200  0.55895006693237803  0.56913266675215646  0.57890966119498322
  0.58894188801150726  0.59916088626890285  0.60941378064413620  0.61964814729789064
  0.63034893546536674  0.64098233014745132  0.65123798870580574  0.66084916958585382
  0.67080613862090988  0.68071773642831024  0.69140687174340609  0.70202691474714762
  0.71323749974714235  0.72464559242973625  0.73568402271968758  0.74665896947927313
  0.75733817388352853  0.76772038971158285  0.77777765648170949  0.78783479574235604
  0.79799394445003324  0.80850367013415925  0.81860989948002338  0.82876606636614392
  0.83875542074130627  0.84862650106721038  0.85868545095493110  0.86908321632704622
  0.87951307039279736  0.88985495583211593  0.90014165880005881  0.91068643416866712
  0.92189240244202830  0.93378090371928146  0.94550224701942875  0.95662294712348395
  0.96795217304940795  0.97905211355164734  0.98967921978920748  1.00000000000000000
 -0.00266234169166151  0.00967954468973738  0.02097520660293912  0.03168355674266132
  0.04228394229403201  0.05267704964055430  0.06290548591448668  0.07310827223923885
  0.08359906988617784  0.09495013920169443  0.10628336978907599  0.11714784391737774
  0.12794945517728676  0.13903306475051438  0.14980179773188856  0.16025855127865507
  0.17068440499042123  0.18136287466653297  0.19228403327837762  0.20314641233230199
  0.21367629309362801  0.22378026598955100  0.23402503759747992  0.24432943520721451
  0.25462396800923592  0.26478165216730426  0.27470874991057581  0.28480630124630230
  0.29494682184541826  0.30515999694390522  0.31517312853013157  0.32492361194543812
  0.33486311836226940  0.34546965743141178  0.35629698089259104  0.36712511488676258
  0.37783895770540443  0.38877024360253298  0.39943761655067977  0.40958825652965308
  0.41937323119602427  0.42893047599929884  0.43862835745451595  0.44842607184932515
  0.45829925734094074  0.46870528564687064  0.47937519439621629  0.49034392747213279
  0.50107772541560902  0.51229240661498032  0.52280852933056932  0.53340759634017287
  0.54414180445451910  0.55530003563180830  0.56609548766412165  0.57651830049731612
  0.58695709044641775  0.59734752061137164  0.60764881025526063  0.61799085766627426
  0.62869982821749870  0.63973636313352122  0.65116724566374551  0.66271345262000325
  0.67410777936498234  0.68542381919156758  0.69662437601185745  0.70770910072987381
  0.71847198332134798  0.72900309674833697  0.73946875087617769  0.75012091705129458
  0.76102613472806024  0.77198007138928060  0.78305334970366869  0.79401926962952163
  0.80506466745000571  0.81577672967453341  0.82626716571554770  0.83694070960763423
  0.84775124269316038  0.85834116925773629  0.86858618021519751  0.87885262906095762
  0.88928753448980846  0.89947113888340768  0.90941296499338864  0.91932117166205085
  0.92939279541730413  0.93951496031050574  0.94962670521101056  0.95976211057351501
  0.96982978040062184  0.97952652105691751  0.98962791681839246  1.00000000000000000
 -0.00253615044762829  0.00908455866205514  0.02002575200058432  0.03137223349116946
  0.04264145766948509  0.05351357514794725  0.06433948347844740  0.07548033522915222
  0.08681274727912097  0.09802558599450921  0.10897151680834541  0.11975778738289501
  0.13030439888687298  0.14095254377062913  0.15173142466885198  0.16219597852602322
  0.17260519191423848  0.18294501259077786  0.19382907719234738  0.20511886852265995
  0.21619605249962834  0.22702833393007274  0.23796665020557278  0.24888700347979109
  0.25943538585594117  0.26970343132088331  0.27979086095404326  0.29000610443729702
  0.30006603344813970  0.31018530718761844  0.32028159158647407  0.33032609610141017
  0.34055436800234229  0.35140669997048268  0.36294922745425834  0.37459759693993938
  0.38577675254547944  0.39661463612041398  0.40737220990159045  0.41810997214818296
  0.42888685236458052  0.43971163770815308  0.45059815524473301  0.46146480817260321
  0.47235076912426266  0.48306945578452676  0.49341294209674585  0.50363250880135302
  0.51373856027440057  0.52398458574896889  0.53435771385632280  0.54492198299346539
  0.55565107045474527  0.56630912767696195  0.57673829571338631  0.58666220862281104
  0.59631287569300384  0.60641896304427123  0.61708209814025605  0.62788800129652456
  0.63863612597175612  0.64934735643388330  0.66002018769388082  0.67050838432763427
  0.68075247344412448  0.69086352395196293  0.70107954272198403  0.71137745147347586
  0.72153690081362909  0.73154866756043790  0.74150899805712156  0.75158263776414824
  0.76183931542662620  0.77239443932560548  0.78318554927160322  0.79385115636291026
  0.80424602463236849  0.81450685254090638  0.82448930268443477  0.83444838546684608
  0.84476361771018682  0.85542519198833689  0.86614896054329638  0.87683513877554375
  0.88738331031536422  0.89760291043470153  0.90773521146639780  0.91836524325276114
  0.92921588465179450  0.93952531156420871  0.94947135254012271  0.95911668838660291
  0.96917221822416655  0.97926604389717820  0.98958081421118915  1.00000000000000000
 -0.00231813457932864  0.00971957588582100  0.01965001348004602  0.03036005810482448
  0.04128038471958694  0.05132945254518784  0.06096554877891043  0.07105566843720507
  0.08167025968627530  0.09246260706442627  0.10338784216765595  0.11431049467037534
  0.12526540640156089  0.13589407684668472  0.14669687567978348  0.15791798395814025
  0.16916629621313142  0.18005895034021624  0.19068805904495079  0.20148881660059215
  0.21201260470550704  0.22239415627734063  0.23275414061546235  0.24514549186635495
  0.25600171223512908  0.26656507173098531  0.27680079344570924  0.28681561943036954
  0.29658611888600189  0.30656667204175220  0.31650700750111627  0.32657486218550230
  0.33628196108489966  0.34643044016835034  0.35614215652807740  0.36572133977723559
  0.37571335637814962  0.38620282689027163  0.39648940595655324  0.40729162844309169
  0.41831295283192604  0.42947746340038828  0.44089969866434664  0.45249410134177087
  0.46339263269877234  0.47347659338042758  0.48335303975270588  0.49365385120012517
  0.50365502637511605  0.51355184112480978  0.52344377464700576  0.53389683542965782
  0.54453805739044536  0.55530703061567088  0.56587510390632501  0.57668313621629574
  0.58787339964262442  0.59953461620721682  0.61083006873860568  0.62109750344102499
  0.63171421063976629  0.64237510194812142  0.65292683789376404  0.66327587436078561
  0.67378240075237961  0.68479143602732140  0.69540787282647087  0.70596852209219851
  0.71659925647468847  0.72672478568217291  0.73642003629582464  0.74627925713261944
  0.75682303782979243  0.76782648056300218  0.77844552294522573  0.78887982146218194
  0.79945636946288567  0.81016247251954931  0.82049453968408670  0.83057279732064571
  0.84102202579364627  0.85162249691672243  0.86210026266690931  0.87212704733442648
  0.88226583614185006  0.89274356453245751  0.90324855914636260  0.91389524373045794
  0.92463676817166951  0.93551325244356875  0.94612703750687266  0.95672196631403861
  0.96767689832578807  0.97889973822432663  0.98962244611879058  1.00000000000000000
 -0.00289961792249605  0.01052010238077255  0.02163404401377296  0.03190151323228979
  0.04208353927694559  0.05166940065128333  0.06169949783713324  0.07165902426098097
  0.08187036123561074  0.09199599982105482  0.10221158172316729  0.11284702836378374
  0.12402848557992067  0.13534069987386849  0.14645119613296043  0.15743895044437564
  0.16823547403174771  0.17872365528887826  0.18890918326180794  0.19877426910176732
  0.20875736392060207  0.21890360401254122  0.22899349493141521  0.23934484672928269
  0.24999696884225925  0.26074810136827453  0.27166215873047733  0.28274371701208278
  0.29381064452625838  0.30401483229148940  0.31396036713599362  0.32394561557066581
  0.33414661646755800  0.34444571296946291  0.35469248414698629  0.36494689571600142
  0.37513131214252737  0.38513551086556552  0.39536893288226610  0.40594020807942055
  0.41697475715332327  0.42766435914920709  0.43802831333120112  0.44795851992475944
  0.45806899247681049  0.46843361502541014  0.47864062771041493  0.48868576631927052
  0.49884889173995323  0.50956909019498586  0.52048610119839711  0.53138641443287593
  0.54201196786694594  0.55251284510126109  0.56303929794377705  0.57378300125359671
  0.58450136566650346  0.59503875278654927  0.60575390874863855  0.61706745778658023
  0.62817853621567821  0.63898494759413826  0.64954847034842433  0.66039212101038369
  0.67101856891029699  0.68152116987042277  0.69197743925752475  0.70262272415573102
  0.71307463484592382  0.72340039245073351  0.73368907369417258  0.74412632554333347
  0.75462179036262722  0.76510739992307575  0.77555086145355101  0.78631211433592063
  0.79718784420460231  0.80798925613611194  0.81900801613065344  0.82980077801615648
  0.84026242943995455  0.85039377002459204  0.86115235430032588  0.87247807344345940
  0.88370762001931857  0.89455496599375250  0.90506086260457930  0.91534223482645860
  0.92544601217625888  0.93576510612297337  0.94638149735391630  0.95689314497337219
  0.96745431359464162  0.97776814337977402  0.98880323721550401  1.00000000000000000
 -0.02513256724185875  0.14839493941082371  0.20782401760742922  0.22868898931819173
  0.24054478091336920  0.24934850463753810  0.25637758853433584  0.26258988049624443
  0.26834914058111586  0.27388141619814160  0.27917776555929918  0.28442851008902453
  0.28953485461732859  0.29434338854577763  0.29889086833168904  0.30320691309357350
  0.30736739952897951  0.31147466932654411  0.31555691878290038  0.31964598571146569
  0.32379285596724505  0.32795312111283009  0.33211923083133388  0.33629747490562673
  0.34051412186601709  0.34475065556964618  0.34894176962812140  0.35305918674552844
  0.35708847906894259  0.36105851149542417  0.36509043768452371  0.36917545748010044
  0.37326458192177192  0.37734184583696706  0.38137075191628222  0.38536634692024302
  0.38935807374344783  0.39332980258201811  0.39733782081068408  0.40143217997103758
  0.40557378158487667  0.40973728416552146  0.41385534890885745  0.41800098848318989
  0.42222510725799428  0.42647845662197081  0.43074263675365837  0.43495857795633097
  0.43931754089417907  0.44375872499497965  0.44821342187438218  0.45267133894330364
  0.45713076684758569  0.46170056468295873  0.46638312049282915  0.47112726287943535
  0.47593487133835632  0.48085254366707364  0.48588532735443019  0.49099180342676918
  0.49612269457486685  0.50115971773907797  0.50617338207521656  0.51127331750439264
  0.51649062147871816  0.52188463897697901  0.52744161104058551  0.53319374856141732
  0.53906340857403634  0.54505248768247028  0.55120789618350052  0.55756605555717342
  0.56398258241134769  0.57049712420784604  0.57706731563586811  0.58367012163128151
  0.59030970823400752  0.59714386661332919  0.60439982044205143  0.61251471149092218
  0.62067460656829587  0.62925331074117485  0.63832843436860576  0.64760644214256169
  0.65725592225799845  0.66717857035527217  0.67779344682141784  0.68938444078866701
  0.70231586914033572  0.71650783981996735  0.73202067025547879  0.74960253056174486
  0.77100009275730463  0.79995321828788923  0.84420885600285223  1.00000000000000000
 -0.03005467813237367  0.15126942527744769  0.19479235198962530  0.22123849117152652
  0.24086143318255446  0.25652572755261233  0.26996587202060318  0.28156643031500322
  0.29177992229304295  0.30092024041628651  0.30943008581684550  0.31740854968818338
  0.32490248778367309  0.33202144027522856  0.33887430650631539  0.34561007078217038
  0.35218901839447203  0.35844193478231084  0.36434934380766976  0.37002661070788245
  0.37554011141340810  0.38081928408602944  0.38589739818960672  0.39103536734947614
  0.39616241587568823  0.40123935100141439  0.40617963207348412  0.41107326865730998
  0.41589023766466299  0.42070521476880918  0.42539121360613952  0.42997034492829961
  0.43445470625967120  0.43887416017939396  0.44328579659942369  0.44767834615363550
  0.45210609112353717  0.45650148976354571  0.46082896845191401  0.46512315847520252
  0.46937596061727371  0.47362489990677403  0.47786005496029699  0.48199619573113084
  0.48605866721416779  0.49002761105370624  0.49401901191579689  0.49806586526253160
  0.50208066015832631  0.50631721656100070  0.51054457546203513  0.51466391348553797
  0.51881187720763855  0.52298043386354576  0.52712183730475626  0.53123612485069038
  0.53531946182693479  0.53944954829218428  0.54366182339037261  0.54790201843668596
  0.55218994629714957  0.55652079841087265  0.56085487815347890  0.56520799163219859
  0.56958354527476585  0.57402845771675759  0.57850733971188983  0.58296729863327423
  0.58749474168229110  0.59218447783421391  0.59685207140536389  0.60157675804215460
  0.60636513099530598  0.61125611064661778  0.61627957138086564  0.62134334128383584
  0.62695754669146797  0.63287556258528077  0.63887472711106041  0.64511689027234553
  0.65167922008178403  0.65842064263993860  0.66536434861920213  0.67273524762224135
  0.68071497284216154  0.68935813388190059  0.69856164146177180  0.70826310279588567
  0.71876240878423459  0.73065460465611398  0.74417900752781718  0.75970222511679986
  0.77893887926855232  0.80606194750286653  0.84947811772647785  1.00000000000000000
   4.3189037286277296E-009  -1.0000000000000000     
 F F F F F F F F F F F F F F F F F F F F F F F F F F F F F F F F F F F F F F F F F F F F F F F F F F F F F F F F F F F F F F F F F F F F F F F F F F F F F F F F F F F F F F F F F F F F F F F F F F F F F F F F F F F F F F F F F F F F F F F F F F F F F F F F
  <DiscreteSampler_grid>
  grouped_processes
  1 # 1 for a reference and 2 for a running grid.
  10 # Attribute 'min_bin_probing_points' of the grid.
  1 # Attribute 'grid_mode' of the grid. 1=='default',2=='initialization'
  0.0000000000000000 # Attribute 'small_contrib_threshold' of the grid.
  0.5000000000000000 # Attribute 'damping_power' of the grid.
 # binID   n_entries weight   weight_sqr   abs_weight
    13   10   9.167189719873473E+000   3.754693357759612E+002   9.167189719873473E+000
    22   10   9.277988212241933E+000   3.886387933326747E+002   9.277988212241933E+000
  </DiscreteSampler_grid>
