 -0.00303210201137959  0.01424976342517231  0.02581450099212069  0.03688269276629438
  0.04800271991807856  0.05872286485165246  0.06884622521493483  0.07882704119286485
  0.08856146407374499  0.09859002291681336  0.10938349840796205  0.11993915584823249
  0.13057999807186224  0.14115007348320524  0.15021044570089928  0.15853773317773623
  0.16659470829563419  0.17465209879213889  0.18320792169152061  0.19226582661315925
  0.20123767504789128  0.21208593118532620  0.22502915380594013  0.23777823738590617
  0.24947986248591617  0.26012454193867141  0.27035051110854319  0.28090187604166905
  0.29169500763801665  0.30337819104665009  0.31548262542518907  0.32876238072086311
  0.34003609702913495  0.35041550279971773  0.36054565363565894  0.37045741398081022
  0.37962768683931752  0.38860632730339340  0.39784724934423382  0.40728241102815410
  0.41651481527722106  0.42560662191882986  0.43491232744739289  0.44493954496117927
  0.45530465264194236  0.46426438920369045  0.47228125018243206  0.48075209790741169
  0.49004742519014044  0.50014327825525517  0.51030797366822389  0.52013853500359730
  0.52952715147829366  0.53888609638518115  0.54822502176470822  0.55830238961167755
  0.56842002078996823  0.57803878945287446  0.58811070456144865  0.59943179641990252
  0.61022420244366682  0.62114131140362350  0.63226863659262711  0.64367591173031136
  0.65504830021743354  0.66590126443753062  0.67635341001298421  0.68740378839402883
  0.70024238315872578  0.71490698728158952  0.72932124615896798  0.73950969196422078
  0.75011877069420840  0.76057721428232072  0.77076477078578443  0.78060620286610038
  0.79043577524260300  0.80242436227195912  0.81400437605264964  0.82408173663746842
  0.83346973197635199  0.84265637116506098  0.85219243359276953  0.86167419358739283
  0.87099147319186965  0.88020967241511994  0.88923845751310304  0.89860605789613723
  0.90818133484752783  0.91772069906562892  0.92744861484337104  0.93747347215374444
  0.94986881190271522  0.96287337270486373  0.97835145231902687  1.00000000000000000
 -0.00668138602506780  0.03048819505283912  0.04745568989839022  0.06184877995629419
  0.07533358191308441  0.08887687422852461  0.10270622529669757  0.11297482616785685
  0.12302063101603700  0.13334718127580000  0.14384215955148297  0.15327933011010425
  0.16260618165590299  0.17299471898242408  0.18415921878582756  0.19498216543794161
  0.20565786383433446  0.21683279282968942  0.22809387034801948  0.23864062258937280
  0.24905252082025292  0.26006339983838134  0.27150111977777341  0.28327702659367726
  0.29582273642443357  0.30850267420962302  0.32059821599746829  0.33216447882322520
  0.34322094871900338  0.35365588206489273  0.36468233372027975  0.37527386211270525
  0.38527673735564688  0.39457836021168030  0.40355589815165466  0.41287674661354057
  0.42211882614444957  0.43184801453617139  0.44080496503216177  0.44962314875936765
  0.45827082077141640  0.46651885933732290  0.47450127965670746  0.48268848222168231
  0.49097128101204379  0.49944295936381011  0.50893632510395159  0.51891686093755085
  0.52945885613626464  0.54020178397713825  0.55169658363371454  0.56330558317611101
  0.57447574969614223  0.58512398254680908  0.59518606950242958  0.60545001339687399
  0.61606322087653698  0.62624902529548310  0.63526169214196504  0.64408231223616141
  0.65273987978964620  0.66118337365247681  0.66957508451151526  0.67766104990158482
  0.68558228152282252  0.69400373367154378  0.70320789573382991  0.71343534159237099
  0.72434287990062207  0.73490655164370622  0.74511631167121706  0.75555578815907742
  0.76717214950714085  0.77916439741601429  0.79113927868092282  0.79932090784818410
  0.80772520513039936  0.81634666957769353  0.82509624651649183  0.83350178061978475
  0.84156328111615153  0.84932082164178957  0.85750995892670934  0.86647272371275164
  0.87592378222054890  0.88601194416309337  0.89633494533018399  0.90597782111862846
  0.91516297045530826  0.92509550229518789  0.93573018714582945  0.94600735395738744
  0.95656821744996012  0.96915352050906056  0.98358447320655928  1.00000000000000000
 -0.00000064869721722  0.00010691507531749  0.00071955197988929  0.00202599677692929
  0.00402299074152813  0.00664506741787433  0.00989090696177837  0.01354299305282872
  0.01776182858213428  0.02273807467407478  0.02809865535870884  0.03387150042611352
  0.04033683715030546  0.04705272907423097  0.05371080123627971  0.06065705759314625
  0.06820839457094094  0.07601292469092291  0.08387293851024004  0.09219032431319919
  0.10093194517987931  0.10937734697986271  0.11819194342624499  0.12606994093503579
  0.13313952116678063  0.14000518835094597  0.14702744281254221  0.15471941461420818
  0.16293631845014478  0.17117919460372710  0.17947829719800595  0.18775123016572248
  0.19586109227382598  0.20416735680309567  0.21424795494948223  0.22663528928502391
  0.23911731859813679  0.25109832764217560  0.26270770340678212  0.27415559378293630
  0.28550968823573336  0.29685163710177465  0.30880527809465913  0.32062507544885366
  0.33219683943792377  0.34377433491296350  0.35563502373216432  0.36775598286285888
  0.37993387384494803  0.39199825105667480  0.40387775034329160  0.41565462685955018
  0.42700275613444394  0.43849678536491199  0.45021458444189644  0.46201050111952113
  0.47369793923329662  0.48522613399473818  0.49669654911561600  0.50901098227149522
  0.52146571114256213  0.53365177421730681  0.54577495042270363  0.55805660648531075
  0.57041636340466850  0.58313914082483442  0.59547157713527676  0.60785072100955384
  0.62017143163710520  0.63251341962664631  0.64495185696953361  0.65740386317845645
  0.66991845385262805  0.68245223402576727  0.69572980463597434  0.71036541782477514
  0.72559597693772193  0.74037006746410172  0.75515695168169217  0.76919061872964101
  0.78320801174443688  0.79693900992574795  0.81051248080952143  0.82451394893114560
  0.83903829266448471  0.85382236366771791  0.86869560283205161  0.88344490100993345
  0.89778527170782219  0.91222181158590143  0.92674475300144055  0.94113603542108315
  0.95585202115633905  0.97045378768447754  0.98506339842521107  1.00000000000000000
 -0.00184787446377724  0.00709811616840884  0.01581159048379591  0.02447888301602263
  0.03309565185631631  0.04199397743192492  0.05178018916888045  0.06167876089431668
  0.07113999229990031  0.08021856763756188  0.08986756271937299  0.10034193467697221
  0.11100953094067270  0.12230213813472336  0.13373997438605073  0.14477742378834690
  0.15526371136006500  0.16582712484012471  0.17660912283776820  0.18828269626905428
  0.20263492285100962  0.21693270549416249  0.23026141996996735  0.24229448402636131
  0.25280691937160760  0.26309109273973186  0.27287226019290312  0.28178287253604739
  0.29024363130779995  0.29906048702083732  0.30798467404341862  0.31674987711708918
  0.32568289171703302  0.33488401384407934  0.34389030313735197  0.35262664337874328
  0.36144363469647250  0.37044792308548663  0.37983128952717071  0.38980393783415773
  0.39997172956942101  0.41045448798821349  0.42093753834133807  0.43149590314783226
  0.44139479854020341  0.45017165147836186  0.45891624521662644  0.46741532200253183
  0.47570317754221275  0.48435041751265728  0.49316631938333322  0.50224646384496741
  0.51205259567866224  0.52299690552314926  0.53284912255348371  0.54268586971067712
  0.55258842578974587  0.56306192776682662  0.57539381036851311  0.58882226360436851
  0.60263687838728530  0.61670157408805815  0.62891452974661077  0.63932309887765160
  0.65008334825310476  0.66099647476318912  0.67090678494251943  0.67964577957128747
  0.68832835741930698  0.69732802855713538  0.70684637300687514  0.71647518295044021
  0.72525714292742072  0.73719599681292436  0.75082609662516764  0.76455138537070144
  0.77818592008225373  0.79154205068256478  0.80470292760174511  0.81707521043177855
  0.82862329968732928  0.84049824851480148  0.85108438433417544  0.86157579692803543
  0.87217975668718140  0.88326243569935281  0.89400912861182880  0.90441516507045383
  0.91490225754337884  0.92551457165106965  0.93682113307135639  0.94930806647787969
  0.96198518427132829  0.97421353063280725  0.98666248373871668  1.00000000000000000
 -0.00338047316314649  0.01319016945076691  0.02610382406931504  0.03871092336439948
  0.05000913425317822  0.06155602099652042  0.07529205989877774  0.08744905149950524
  0.09735139411918253  0.10682513863047535  0.11676923227748477  0.12687019603085545
  0.13649260555196652  0.14593440505091834  0.15561265536699495  0.16497857831810436
  0.17339805010553322  0.18145788880066271  0.18936004495137687  0.19677603446241848
  0.20445808025711001  0.21241936330849170  0.22076291126926306  0.22938531944488252
  0.23873406753005247  0.24812832214811950  0.25757615811566875  0.26670174089357573
  0.27584254016100485  0.28490229059467131  0.29406267587499391  0.30321526176357599
  0.31210301102249693  0.32069143822946222  0.32912890809665490  0.33777333519751157
  0.34666648307084369  0.35596869789751823  0.36567673412770835  0.37645471615456894
  0.38847404325382467  0.40058775597189267  0.41115782919997862  0.42319375215099525
  0.43599624125729225  0.44890052782938827  0.46157807962517911  0.47351340574766143
  0.48512412912199049  0.49666024697587324  0.50765742206748721  0.51889555616179794
  0.53064301444537698  0.54213045542919602  0.55230674655728329  0.56218001926723837
  0.57318920746044411  0.58390146833537793  0.59328603769247712  0.60241747929286449
  0.61227952535928643  0.62209741731582213  0.63157021377775013  0.64075783339736747
  0.65056079458255622  0.66079193169038408  0.67090341141109000  0.68121065272214387
  0.69206355483779225  0.70329028989265807  0.71511810202323567  0.72792168355146747
  0.73965981215333187  0.75132057871276769  0.76193728458520349  0.77239100168358554
  0.78255558621566401  0.79214074779695065  0.80243658377088167  0.81256928910238868
  0.82584669324359039  0.84083883326094910  0.85355386681301060  0.86461864453015402
  0.87490235395944038  0.88524906053249452  0.89575236100987965  0.90607034648916829
  0.91642675734035350  0.92754508831196647  0.93936004527080963  0.95137384159357485
  0.96343751223308838  0.97536177559127923  0.98733879191539975  1.00000000000000000
 -0.00160537517026909  0.00663915162559977  0.01407503434266869  0.02237818870476768
  0.03103442225859080  0.04021467703381777  0.05127334524849494  0.06297303424745089
  0.07302190009103210  0.08270541130908468  0.09235014263262074  0.10198234348201982
  0.11125276258370669  0.11994661814841230  0.12977357887222352  0.14071030173503196
  0.15143318374558712  0.16159496187984801  0.17218511609065887  0.18347323719947992
  0.19467848907229401  0.20555508037100842  0.21694040690453653  0.22782915964031558
  0.23692861291912473  0.24594249435593643  0.25554234177613394  0.26570851221667213
  0.27580729530747128  0.28583191614967673  0.29689746791178145  0.31034458801343423
  0.32213859815800960  0.33368407599430894  0.34486116117387383  0.35576423776277599
  0.36663659418645544  0.37807567408229603  0.39102645158129601  0.40200101547526607
  0.41194322219424129  0.42233669974163812  0.43294483659028005  0.44365344276009344
  0.45425262801926053  0.46623976888638208  0.47997701859095321  0.49390161504027991
  0.50926762541353499  0.52350399667618586  0.53538985326638877  0.54655224669476332
  0.55834759357848796  0.57010369207150535  0.58181945371420829  0.59406874667501597
  0.60682342069219863  0.61974470372091572  0.63034898999138356  0.64082204491321770
  0.65092948381221316  0.66008090280202825  0.66894876370076994  0.67709249071443323
  0.68565109726453199  0.69433747434069992  0.70345605290721358  0.71263270481707608
  0.72165795258631160  0.73072831478794609  0.74094824992218544  0.75104646274258180
  0.76037183574090272  0.76933321776388630  0.77848658909670443  0.78825099706046509
  0.79881021337074298  0.80904534583577448  0.82055887455062970  0.83331480086036080
  0.84346985688057163  0.85323249924439948  0.86195268814455872  0.87044904177780258
  0.87843707036705054  0.88687966495711723  0.89555443768088572  0.90559272907494115
  0.91530560321415566  0.92614682072532395  0.93760357764908042  0.94872474607221835
  0.96024841235939817  0.97281635846055925  0.98643328021001786  1.00000000000000000
 -0.00155050407137805  0.00324394300890224  0.00792435702941216  0.01245278021696342
  0.01663275629201684  0.02098383542427957  0.02533236993774658  0.02967481615778852
  0.03418101646993765  0.03897339324999293  0.04361062323045094  0.04820470947721133
  0.05286989321359207  0.05754952578686064  0.06218296889755431  0.06676717585065124
  0.07149641997995725  0.07634184632003146  0.08137246613287699  0.08650901496459994
  0.09173606460403520  0.09704380923861604  0.10244968671885134  0.10840888296455516
  0.11446855189782706  0.12049143861277437  0.12682376241717194  0.13353936423986709
  0.13996592990887738  0.14637066106432151  0.15377007249852848  0.16185350598479367
  0.17025154696357980  0.18000054280969138  0.19001967277909509  0.20316081839350766
  0.21578081276257396  0.22774475454087328  0.24001726475200283  0.25290300972370061
  0.26615330209249272  0.28117668614346092  0.29806466060373804  0.31716795806408282
  0.33902943673142599  0.36729189052471173  0.41217050992641924  0.50491897606190095
  0.58462722734987749  0.62893051727247873  0.65812367899456359  0.68160506224991280
  0.69929552159091923  0.71508616718428852  0.73027248723203442  0.74419062232958788
  0.75723401348240993  0.76989851885099314  0.78194963341083179  0.79356734331653489
  0.80458765274255095  0.81515313104968079  0.82566030685999015  0.83566272070904690
  0.84523703016596841  0.85449964636677045  0.86261504724949811  0.87096949791919021
  0.87867291190376640  0.88610052932856609  0.89335023253211043  0.89982212397428751
  0.90595650375696035  0.91200104771729551  0.91789527296590179  0.92363443801295320
  0.92918488116799380  0.93463110784475834  0.93998184563747489  0.94472481015247556
  0.94944149112712839  0.95400120993704562  0.95799378106825461  0.96163704413903028
  0.96510147846944028  0.96854277246788645  0.97202694863547723  0.97567094390542985
  0.97929861569310750  0.98253505603337143  0.98573721554612281  0.98869651235519063
  0.99158286094130288  0.99438926733337152  0.99714688414362807  1.00000000000000000
 -0.00224843340072181  0.01109349976533395  0.02240472861255312  0.03369553337484464
  0.04404210762860084  0.05270752865777525  0.06214447313740123  0.07187281649214267
  0.08147200847419168  0.09038238787812901  0.09890839109702111  0.10868940350317134
  0.11976988556828592  0.13184932260464710  0.14458778990789001  0.15590498016544863
  0.16668441814569196  0.17687493324525569  0.18702507716453434  0.19647028204700373
  0.20525357823777812  0.21755459707326696  0.22967340208134637  0.24018880875945225
  0.25036119040492855  0.25976567748609491  0.26902723285577002  0.27798538349686186
  0.28676720808009298  0.29577832798809900  0.30554501588261435  0.31566658348515703
  0.32790519948433411  0.33925073793193178  0.35033280575874948  0.36052814649516618
  0.37131107862155704  0.38106335072642900  0.39117826565593328  0.40073622815486182
  0.41040004839158312  0.41993223632121890  0.42948208950112726  0.43917535854535428
  0.44860342438670398  0.45807262561837808  0.46782768016899634  0.47762104993631471
  0.48709728755389875  0.49688186659265215  0.50840738346632375  0.52160164345247317
  0.53440407617914620  0.54657297003542271  0.55890534183635954  0.57056108338652989
  0.58220492664374701  0.59372238766093832  0.60610833178297530  0.61905647005395459
  0.63320764040718935  0.64634914367385488  0.65750957194049675  0.66816730457363283
  0.67883218377898880  0.68919203457085387  0.69919527342790611  0.70982667495863960
  0.72150214466597529  0.73265854069385117  0.74250999527325046  0.75174632839780997
  0.76055970999737343  0.76950520550461765  0.77781440211185338  0.78600098399078844
  0.79441382634607782  0.80338425025931914  0.81257043882486191  0.82274145093653595
  0.83292530541787346  0.84265557744726916  0.85250772078764403  0.86230158794612422
  0.87173760525916921  0.88131130331044683  0.89045641368807249  0.90102957395868477
  0.91394649851249155  0.92592947878039855  0.93798556912345932  0.95002589641699753
  0.96235124473960065  0.97475403402120497  0.98677705125233983  1.00000000000000000
 -0.00796325936272142  0.07712668597421199  0.15607693189964147  0.19204101147057995
  0.20538214185113304  0.21447779821583354  0.22140814027420549  0.22708642888754640
  0.23170250976053447  0.23582026327191988  0.23998897476906114  0.24433769112400228
  0.24855949798021085  0.25244677607261390  0.25604633143357314  0.25949014946074600
  0.26299166665280477  0.26654441246035038  0.27000092233550677  0.27359845591466753
  0.27712450632001800  0.28067229141489447  0.28428345743709277  0.28790822491902296
  0.29149816338706541  0.29495738927980941  0.29830984404133243  0.30170886736474861
  0.30525050703963424  0.30882459891137459  0.31236727388299257  0.31593303436182363
  0.31953395760301079  0.32317358372843830  0.32695917499323035  0.33056807057296478
  0.33423909570949556  0.33801694177072228  0.34192215017086547  0.34594580012588833
  0.35002465701306212  0.35399223665469753  0.35771759940317160  0.36143391771565447
  0.36521753029505183  0.36901658333023635  0.37264724347743317  0.37646193797140476
  0.38032855319168668  0.38442198237593733  0.38852218301484620  0.39256664888447329
  0.39644820917912543  0.40033887054136469  0.40433071283882432  0.40850186152926582
  0.41302578815760727  0.41798237449411424  0.42332252821534216  0.42911310211384607
  0.43428860433790462  0.43984806073051297  0.44539995194843818  0.45102190970601452
  0.45696144193551941  0.46298187758877313  0.46873270121575122  0.47439120270880747
  0.47988580105283934  0.48528561359786621  0.49078269222954257  0.49655397069641999
  0.50234187412267550  0.50808058600379036  0.51393033190587667  0.52043056361484874
  0.52791694882381379  0.53549815872562379  0.54304422142735143  0.55128336585093707
  0.55996242755788361  0.56927936356878062  0.57912163296401731  0.58947061371129139
  0.60030244510576192  0.61261328356522893  0.62652261834307621  0.64093682990259571
  0.65562502082548968  0.67131388847975837  0.68810657975047962  0.70945991514731943
  0.73589261440736720  0.77239584224883240  0.82109028875377787  1.00000000000000000
 -0.02141535941922778  0.13617831250664417  0.17850709605641035  0.20562917376202916
  0.22895904192304986  0.24711032204711139  0.26266311174697776  0.27586046943782772
  0.28678153934630252  0.29674165196430136  0.30608455467834622  0.31484618961628180
  0.32306709204377049  0.33096155566107444  0.33904957924927803  0.34721022717213135
  0.35542432293772785  0.36405856203165704  0.37209059116451704  0.37925817420199465
  0.38581747803276034  0.39210028228543364  0.39805460591831804  0.40304296792315902
  0.40796308002790505  0.41311268541487811  0.41803337760964498  0.42266281398939648
  0.42708777158569833  0.43141195787940168  0.43565312828355246  0.43993091813855484
  0.44436084890202576  0.44900381560957647  0.45383291303496753  0.45864710673352227
  0.46322479464624233  0.46756998472319372  0.47182019280632720  0.47601104026399349
  0.48004496404198055  0.48410573565304804  0.48827103331981059  0.49262573073514887
  0.49714335002837839  0.50155788343704433  0.50564781989883023  0.50952789679796751
  0.51347767021727575  0.51734245859066919  0.52148884849853128  0.52605688563998965
  0.53072985465495570  0.53556818622997537  0.54028572255611729  0.54457502733378260
  0.54859986969631414  0.55276108410873503  0.55705970250728087  0.56135705241822809
  0.56553870220582092  0.56958772725360507  0.57384984015377927  0.57811518667984918
  0.58289968070684439  0.58736677187563835  0.59191743395989693  0.59621255162831732
  0.60040367595587563  0.60489166878893486  0.60970360059566309  0.61487746048247216
  0.62016381109879570  0.62573126598167772  0.63142570531131625  0.63687387490751712
  0.64212091196649024  0.64747966162120196  0.65336386382649958  0.65949489774908054
  0.66589781503281631  0.67269615879177502  0.67962034144214001  0.68696536316222767
  0.69543978801998063  0.70460192791577392  0.71438194301821334  0.72437099846250919
  0.73554169407580283  0.74680271981486013  0.76169785210899810  0.77951721790994866
  0.80086197331885434  0.82872774562560225  0.87317863797743145  1.00000000000000000
   4.8661864113550642E-009  -1.0000000000000000     
 F F F F F F F F F F F F F F F F F F F F F F F F F F F F F F F F F F F F F F F F F F F F F F F F F F F F F F F F F F F F F F F F F F F F F F F F F F F F F F F F F F F F F F F F F F F F F F F F F F F F F F F F F F F F F F F F F F F F F F F F F F F F F F F F
  <DiscreteSampler_grid>
  grouped_processes
  1 # 1 for a reference and 2 for a running grid.
  10 # Attribute 'min_bin_probing_points' of the grid.
  1 # Attribute 'grid_mode' of the grid. 1=='default',2=='initialization'
  0.0000000000000000 # Attribute 'small_contrib_threshold' of the grid.
  0.5000000000000000 # Attribute 'damping_power' of the grid.
 # binID   n_entries weight   weight_sqr   abs_weight
    13   10   2.374321547201813E+000   1.507257380811938E+001   2.374321547201813E+000
  </DiscreteSampler_grid>
