 -0.00308984098417276  0.00921524946900219  0.02164040047776779  0.03427143517742695
  0.04565057821686164  0.05495760202211828  0.06372556668654913  0.07263342132260660
  0.08160601464945022  0.09059384271559975  0.09977503744782795  0.11036559020114227
  0.12177247721058966  0.13289023755534049  0.14411801775999647  0.15526840041332399
  0.16768600888255641  0.17800618875455892  0.18866255184599201  0.19664936931050894
  0.20517281783206834  0.21280647344807049  0.22038816198497094  0.22830585836735443
  0.23713122542194578  0.24564784079013530  0.25617678778036962  0.26716613241923420
  0.27872710392020877  0.29005011422381127  0.30078089554162279  0.31091737083428933
  0.32044696931269945  0.32964693714794502  0.33886825564109024  0.34873011053741138
  0.35990353246898477  0.37288366990171606  0.38476906949521422  0.39685513862347049
  0.40999677422030090  0.42204302585589509  0.43201839200934078  0.44090181548378454
  0.45014602123698827  0.45974452730302867  0.46946600028579588  0.47959746883815663
  0.48817713794658280  0.49658994406037171  0.50537173056953699  0.51406529666332457
  0.52235903561498387  0.53085840221438629  0.53988665037859507  0.55001859249284857
  0.56168114917652001  0.57519411260652520  0.58900474747533538  0.60267110699782878
  0.61493029584591807  0.62640816517308062  0.63690318405005308  0.64713540247969692
  0.65712527895579276  0.66660585861986399  0.67582600437729079  0.68533223444789060
  0.69583571218442541  0.70681626595589031  0.71746313181505661  0.72839864568264168
  0.74000841200985579  0.75253080492211522  0.76439057295033197  0.77635162017844250
  0.78843066069419976  0.80041278906625879  0.81273853659279893  0.82507479236131043
  0.83642419576396321  0.84678307586510293  0.85807145155221609  0.86827872305927389
  0.87699930822429006  0.88578461495916816  0.89443463336277906  0.90457139166582257
  0.91530862945120117  0.92728566140757351  0.93938016385492873  0.95068475061235780
  0.96239954070920986  0.97399113465653175  0.98590208184940398  1.00000000000000000
 -0.00030695066002942  0.00238842570176765  0.00273072861048023  0.00311057390061489
  0.00337645036388883  0.00359003061592502  0.00378886501456971  0.00395414371060581
  0.00411820095158180  0.00431546287997113  0.00468196163221154  0.00511516696736117
  0.00570490708798735  0.00620622122837083  0.00670400109778013  0.00714559263515823
  0.00750053879150930  0.00780172783096519  0.00808051380545193  0.00834692507034899
  0.00861391029053885  0.00887044474631128  0.00912079632598574  0.00936821626554355
  0.00961773878140852  0.00987675579098686  0.01014509091857012  0.01040972649672421
  0.01065926527075896  0.01090545128546321  0.01114817429588350  0.01137932539377090
  0.01160961106511442  0.01183623987521694  0.01206692378935234  0.01230746174989341
  0.01256090200752364  0.01280882347784544  0.01305082996169779  0.01329630858583618
  0.01355346359409377  0.01381211467705360  0.01406627284856296  0.01432465622883778
  0.01457515985771092  0.01483272634955684  0.01511652216997074  0.01539443817278233
  0.01569570381521995  0.01600146280915004  0.01630492500471991  0.01662639305910713
  0.01695648875604155  0.01729317160556537  0.01762769489751816  0.01796391405350802
  0.01828500262441102  0.01868479698177246  0.01911135589641728  0.01952499795974315
  0.01991985594785732  0.02029658098638518  0.02069742096680881  0.02113271604532547
  0.02152884330651911  0.02192292472350856  0.02236933672092382  0.02301156294517454
  0.02376367362869377  0.02452583048225873  0.02529298912671669  0.02605562453717849
  0.02684747866960333  0.02774123983594897  0.02878900865569790  0.03003100441000324
  0.03156353873814319  0.03295780973891480  0.03410007228444962  0.03519262260157840
  0.03636473305372454  0.03756832476650300  0.03892291198581188  0.04133631561131865
  0.04422258752265069  0.04719130389439565  0.05025928378275084  0.05336052726295653
  0.05667700039508988  0.06047712086842616  0.06639287133067628  0.07349887442393299
  0.08177854279644027  0.09433094471132114  0.74201684285917802  1.00000000000000000
 -0.00000027070650107  0.00007603975365105  0.00045684521223671  0.00128686663174191
  0.00253411844349084  0.00408465962286216  0.00643186080335985  0.00917418099092528
  0.01235015468910371  0.01632758565321900  0.02049345095507722  0.02464587692338624
  0.02907650191482410  0.03352764588721110  0.03831098071161395  0.04426515807357248
  0.05122177931222582  0.05927345602642885  0.06736921690812325  0.07544796497104392
  0.08328847059232071  0.09074711849198026  0.09870350362266189  0.10662793797847110
  0.11503869148135253  0.12339905623669424  0.13191239863680618  0.14103541508021150
  0.15063578078203355  0.16016436209085350  0.16851743013348031  0.17631165737989055
  0.18451528853469079  0.19309339045469801  0.20303402017316236  0.21369732923568666
  0.22455000570199149  0.23532049222498541  0.24597001321892398  0.25623664684834474
  0.26647933947758917  0.27722977451232389  0.28834467153164423  0.29942266676747958
  0.31041405465525779  0.32175552857586154  0.33358836252653656  0.34550999393451154
  0.35737566171663310  0.36960604019870602  0.38281077816315257  0.39592559038302194
  0.40770496313162080  0.41858721257075110  0.42967917513175624  0.44071232504043045
  0.45192179669845495  0.46476926624855353  0.47844604138889085  0.49208220910616240
  0.50613447082009255  0.52022442895667032  0.53440317617363031  0.54900930805640691
  0.56421456905043854  0.57971281896245563  0.59579193995781732  0.61113717482750662
  0.62559978776355785  0.63948137738176491  0.65406323359699614  0.66884723905719967
  0.68402720758071101  0.69950515482728248  0.71433282540766885  0.72858031945822299
  0.74270414688367048  0.75700917768060894  0.77128877176601307  0.78520239373132272
  0.79920219967418915  0.81269431075049647  0.82575616332745916  0.83830147057130122
  0.85019744053036628  0.86220123365295520  0.87446348130895468  0.88735537135142639
  0.90089038589963710  0.91440165736144696  0.92823538867113220  0.94093917189728027
  0.95488220400707513  0.96936542793610414  0.98423969054983540  1.00000000000000000
 -0.00286591300968495  0.01009146794414916  0.02330519595627167  0.03258593485496585
  0.04320992703666502  0.05405576327745142  0.06364220319404147  0.07260136208226020
  0.08147499300165192  0.09050490401930236  0.10026100429205669  0.11144358172622866
  0.12404720872256003  0.13663109445046789  0.14879141307913901  0.16111735657100881
  0.17215735882339483  0.18186341553956253  0.19117910725913209  0.20077206914060347
  0.21120145859309777  0.22072249412556849  0.23169118314494236  0.24532045586551471
  0.25990451663871567  0.27365503007170017  0.28584702304819531  0.29666813668631892
  0.30661719383948871  0.31623609382598178  0.32571958656183830  0.33551087793600837
  0.34558839286292259  0.35549140222919795  0.36616506717274938  0.37704385454744849
  0.38762388751784388  0.39875287950152755  0.40901611573501495  0.41969299614953581
  0.43000591984669645  0.44111248610376713  0.45239285137110546  0.46258124891183966
  0.47175601618603125  0.48079461774386895  0.49001101221172944  0.49982507063036280
  0.50860549460650561  0.51714418831199949  0.52663153280692754  0.53628720695539411
  0.54638516088152345  0.55578493375133775  0.56615762926572977  0.57821943068802639
  0.59195270900528962  0.60471241541088050  0.61491352222061701  0.62387711335530649
  0.63300347290272074  0.64283179577157068  0.65234877643202205  0.66068574767783883
  0.66899591208319775  0.67923217473889541  0.68946599184808921  0.69973035368499414
  0.71029750617296816  0.72056823265714320  0.72958023232055857  0.73766285173532320
  0.74585515242038614  0.75479703515689089  0.76364745538932977  0.77287507628156260
  0.78249838386932380  0.79320570421301473  0.80527871508942073  0.81668679626444407
  0.82753095432544166  0.83860238755143568  0.84973504527860799  0.86071565679016404
  0.87267571453804849  0.88594783148396150  0.90067667787233763  0.91621695038603979
  0.92981748961769917  0.94138102547523994  0.95308481192421646  0.96297576601295476
  0.97233122652796067  0.98188797316816112  0.99072082030620390  1.00000000000000000
 -0.00222946337581311  0.00726514837570039  0.01517610172389911  0.02393994951466940
  0.03340755817288043  0.04327700824205614  0.05317502243851823  0.06156597668053312
  0.07303266271811643  0.08527249428403433  0.09723500126898516  0.10787526469255604
  0.11719705454333693  0.12643211777629396  0.13659911489698978  0.14712685572242237
  0.15759803944168632  0.16740749382945608  0.17914392474338062  0.18947867137840582
  0.19825614033507064  0.20722991235713870  0.21709860566061984  0.22733516628774836
  0.23640313098999008  0.24500326427262140  0.25407484637300404  0.26425306554338096
  0.27435201538259996  0.28381802903005082  0.29231774425784429  0.30081467340535223
  0.30952824434775444  0.31971647244592855  0.33140218172848174  0.34375623113642334
  0.35625710228989366  0.36727486470874487  0.37753926773373775  0.38707446598472073
  0.39627839900423134  0.40563554616476810  0.41522275384059715  0.42657600417968750
  0.43878752746278077  0.45405741812826528  0.46705243878864061  0.47860767950433059
  0.48840497150800072  0.49772345708713073  0.50738262936151923  0.51851295299688682
  0.52923671998181454  0.53942947451618772  0.55088012471455217  0.56337565330342343
  0.57578328950046165  0.58831023290499429  0.60165976478608107  0.61501603350837164
  0.62810783236363410  0.64257825498261911  0.65631765301282952  0.66839924333937084
  0.67945251881357305  0.69025245984350847  0.70120848626664245  0.71137100555953714
  0.72192868255499287  0.73367069215405756  0.74678563267244080  0.76139155713999263
  0.77618489940346913  0.79063972646176162  0.80338314155257640  0.81513867027055309
  0.82685971162102323  0.83800281996914372  0.84958680828829236  0.85949743807890300
  0.86807984335704824  0.87693192205843140  0.88558528647784629  0.89471572569877389
  0.90449741750717361  0.91393008351397498  0.92338803442216899  0.93306076978346897
  0.94224691563665419  0.95182601752617002  0.96025181177290730  0.96836043892696166
  0.97673072923593796  0.98500803099088763  0.99255697828529421  1.00000000000000000
 -0.00199434510776291  0.00805987806893546  0.01705867726803510  0.02560654852051262
  0.03410049826269899  0.04353372587448615  0.05392491614572662  0.06489439624518908
  0.07537906602114833  0.08568835738444075  0.09751616304520673  0.10942258696595653
  0.11994754299231426  0.13141298854672429  0.14320067866487129  0.15487601167232312
  0.16596363797817340  0.17710228846023271  0.18782273732117996  0.19670979632074884
  0.20534105411074036  0.21397289508512193  0.22244952558800907  0.23062682048548466
  0.23860369214804902  0.24661183966675107  0.25518269584335579  0.26481608415694219
  0.27484693907672481  0.28523987752230168  0.29718505037925652  0.31053494989467306
  0.32361671176601464  0.33610325512493749  0.34835883443909188  0.36010769784498958
  0.37115925845272679  0.38263368615256260  0.39457081800885246  0.40619040271728568
  0.41801019797034517  0.43011453738640248  0.44180626572034110  0.45251206573800329
  0.46298478923808939  0.47348643029316589  0.48434559216128142  0.49512366499568355
  0.50692671965566649  0.51847694969060132  0.53035130584801671  0.54129761133201149
  0.55199346758285550  0.56229178636846444  0.57241939914960194  0.58340408149957601
  0.59495194018347120  0.60548029932234182  0.61474416291003398  0.62346393471176631
  0.63200031635649390  0.64030421895931322  0.64875112130686841  0.65716005420214085
  0.66657220265596040  0.67730864817267822  0.68890719042184112  0.70169156305980829
  0.71464588568852216  0.72784805586523149  0.74238111265794082  0.75833452565088988
  0.77376137481679164  0.78676039668558262  0.79818403765747825  0.80929615402543975
  0.81919162999726225  0.82828767308997153  0.83694352187284582  0.84466262604330866
  0.85251523715429878  0.86100879932703178  0.87046003804096339  0.88022079255718644
  0.88955545740961395  0.89850098710362447  0.90955899433115783  0.92090776334340441
  0.93315211701561673  0.94317450598007957  0.95175562017487969  0.96039791057109769
  0.96964736504995741  0.97949292169143820  0.98956876464583221  1.00000000000000000
 -0.00146491163954868  0.00759387413109938  0.01515819189361604  0.02326341114138751
  0.03157110836973001  0.04033781708083857  0.04974207635745603  0.05972945849501485
  0.07115081568196684  0.08362165109071044  0.09531012154721516  0.10511710885045157
  0.11382669961954386  0.12242429497757314  0.13073141070202315  0.14047162225007395
  0.15109541173056748  0.16238045086792663  0.17202344966718019  0.18027484988969850
  0.18819901578053455  0.19740887528907788  0.20789058616435430  0.21847881939529137
  0.22894034491761686  0.24011930176160487  0.25302537669410369  0.26547759099114288
  0.27624271849950643  0.28668395512606715  0.29843821958499545  0.31194204428544137
  0.32630574552172525  0.34271108917363308  0.35741144756305687  0.37067044238316343
  0.38319051048592406  0.39523124941004278  0.40719146362603620  0.41831532762215684
  0.42765199217072336  0.43684890103776242  0.44540047275075051  0.45401097018563441
  0.46285110412693725  0.47332761116694377  0.48502373364340601  0.49851897852221594
  0.51328732844373282  0.52829422908581880  0.54302626118346153  0.55549516175751090
  0.56656288467617699  0.57689103066625813  0.58702860497818077  0.59772658800657785
  0.60989398109527504  0.62239766153113074  0.63228493387340989  0.64197439327782846
  0.65274266792847391  0.66348980388754863  0.67381339821492758  0.68291573377667947
  0.69209241593869708  0.70270660659108852  0.71335582183483492  0.72533320365308107
  0.73676595912886134  0.74842092399428561  0.76055922352412231  0.77258084960584616
  0.78486804617066785  0.79712103181191929  0.80997292761101747  0.82198637595462254
  0.83319425644307843  0.84185593585641594  0.84999486451412365  0.85780372247526171
  0.86650889301411216  0.87589439327595786  0.88721755052246187  0.89894468680005246
  0.91051381213316962  0.92113766668797881  0.93207033479216284  0.94345992540751378
  0.95572665419937930  0.96284709164582194  0.96904683092919530  0.97536242835390696
  0.98200773145830389  0.98820247235362946  0.99406759472647799  1.00000000000000000
 -0.00332712745616373  0.00988871583097291  0.02217521593436255  0.03458966693831372
  0.04759699458288866  0.05997797235010279  0.06972777270642760  0.07853389912257656
  0.08715133546761351  0.09627815765453826  0.10683746656530392  0.11717216638495043
  0.12608987116676859  0.13430989280092093  0.14236971291361594  0.15074965926347775
  0.15936872404308486  0.16859047390205856  0.17722980645643027  0.18562270511115911
  0.19477972417276307  0.20505060107883327  0.21513294928669455  0.22513342498434108
  0.23544580757289679  0.24568205992430311  0.25531409317829051  0.26470880689503412
  0.27486562146377147  0.28537165183010110  0.29497492072683862  0.30391440225752386
  0.31398461229292823  0.32557964549083596  0.33734354055907395  0.34794516185790814
  0.35799872424234075  0.36784832279661861  0.37707173495614221  0.38544449781327167
  0.39271456076611427  0.39943936093407706  0.40617005124440853  0.41341275708676345
  0.42228987391528860  0.43232398731417132  0.44309939960029537  0.45389723183966163
  0.46426537669159457  0.47403494534976498  0.48557990101406173  0.49915381860359387
  0.51370835332266129  0.52792677454767800  0.54067949046638397  0.55312392043012182
  0.56348283242685726  0.57127802267711458  0.57925122246945704  0.58761388980468099
  0.59579274866159027  0.60380076468690558  0.61183843268501470  0.62054161372064676
  0.63089350843783898  0.64429706921987884  0.65892910765626767  0.67319564034545609
  0.68705459803269842  0.70062674075062714  0.71411672504903401  0.72703546052149604
  0.73823398629818049  0.75032128806041543  0.76202812576212209  0.77414901109621004
  0.78538363699491520  0.79755638668849926  0.80855663132259625  0.81925526102842527
  0.82964059043274407  0.84032397665187153  0.85171167130169967  0.86321815204199415
  0.87592070367087682  0.88837907941435723  0.89993789262047863  0.91093637060657617
  0.92288636121855894  0.93467984296521256  0.94523641733822861  0.95501308512122252
  0.96543867451317822  0.97666256216237246  0.98843525439303248  1.00000000000000000
 -0.01015897078537113  0.05380944599031041  0.12088733640833355  0.19021242316052764
  0.28881437731485377  0.37004161649012662  0.40672561444518979  0.43420898613218289
  0.45442203486691379  0.47262722031530663  0.49068185279323867  0.50973149828656028
  0.52638470216463029  0.53957856494631307  0.55164639254168535  0.56365957217892504
  0.57571468746600774  0.58737279435631384  0.59793965177673236  0.60778666542312398
  0.61698827830348169  0.62576089640051269  0.63360606417141074  0.64136782971000672
  0.64911345969577028  0.65688749862393436  0.66484884394872024  0.67289013181858148
  0.68082450387591842  0.68811913913597511  0.69372072068996615  0.69907669148227369
  0.70437064091278756  0.70951146472346671  0.71469439211559493  0.71966018382030572
  0.72476834765758680  0.72963222640537428  0.73443332545287965  0.73930235817415546
  0.74393439262639083  0.74873064518615473  0.75395672529685420  0.75920741754085164
  0.76429982510863403  0.76918836251756539  0.77368891309041443  0.77807191174370738
  0.78234274424119599  0.78662853121811860  0.79074780771097875  0.79450755689740615
  0.79826573998472006  0.80224911956460132  0.80609807035977665  0.81017588682384978
  0.81429975945931587  0.81821714141699253  0.82222748255061084  0.82635703521706716
  0.83046969244944402  0.83422384807276340  0.83753974404744325  0.84072451703805262
  0.84392933979228069  0.84701186795394434  0.84988243923737261  0.85265775664941090
  0.85541247845848600  0.85819498123149096  0.86111089992704515  0.86433627218280940
  0.86745969757649855  0.87071210782454533  0.87404893274068796  0.87714579511000168
  0.88020684805254046  0.88321143339445551  0.88618507050573658  0.88928742355887047
  0.89240113669802934  0.89532042503230103  0.89936105245913711  0.90328865320252949
  0.90725820494210352  0.91122861097985342  0.91547234923999066  0.92044128478740517
  0.92593023402740315  0.93176106878401055  0.93770122071681106  0.94427916344691565
  0.95198627448067163  0.96229916423022899  0.97710065923733902  1.00000000000000000
 -0.01832902761462862  0.10428240208064385  0.14559789565078357  0.17356892592783457
  0.19940772894872719  0.22822635649299894  0.25638292801454610  0.28232792660853900
  0.30328258068016650  0.32460789628737624  0.34270980665636491  0.35740850014783371
  0.37108135612635607  0.38312908635908588  0.39411397883635602  0.40527967490187849
  0.41724915518329647  0.42902407900500339  0.44004011682910532  0.44900015152650924
  0.45769923717680444  0.46639745650515779  0.47545162668469293  0.48355649972463677
  0.49071646857285173  0.49724072591249341  0.50366349816181244  0.51133516646392374
  0.51812168285176174  0.52414743416944709  0.52970596837068862  0.53514300155858774
  0.54123769483147743  0.54725839855108915  0.55267240021468511  0.55774534269738285
  0.56263460957460221  0.56739493601441116  0.57213411038381712  0.57689863841804989
  0.58163656195593239  0.58634059031451324  0.59107980838518770  0.59593865797883117
  0.60089535912917558  0.60536114269980967  0.60989305249284098  0.61425268026334900
  0.61884619775296246  0.62397389662775982  0.62942854166942463  0.63434257901530788
  0.63872199277422803  0.64294738588643563  0.64821728712463977  0.65441822335567557
  0.66092943243134927  0.66744040687225759  0.67366347856477116  0.67932179667928394
  0.68480889838362524  0.69023507203795842  0.69550910396420518  0.70074645436969651
  0.70596957897887158  0.71082748622625680  0.71527563241881564  0.71945448008373303
  0.72362542871245472  0.72789165549114909  0.73240185412477565  0.73735863864344053
  0.74269773981208409  0.74822525170702237  0.75328797765049926  0.75805213427408080
  0.76276172495494388  0.76735908371923278  0.77224731814037462  0.77765178505016630
  0.78334028892350627  0.78900701542101626  0.79489758944952438  0.80117733060258778
  0.80741016151912903  0.81342489958278286  0.82182024521214814  0.83081201513527980
  0.84088850844563856  0.85103717455628058  0.86049548633405804  0.87044233499816803
  0.88413188582230973  0.90240085238317613  0.93158035860263211  1.00000000000000000
   6.5364882257213520E-010  -1.0000000000000000     
 F F F F F F F F F F F F F F F F F F F F F F F F F F F F F F F F F F F F F F F F F F F F F F F F F F F F F F F F F F F F F F F F F F F F F F F F F F F F F F F F F F F F F F F F F F F F F F F F F F F F F F F F F F F F F F F F F F F F F F F F F F F F F F F F
  <DiscreteSampler_grid>
  grouped_processes
  1 # 1 for a reference and 2 for a running grid.
  10 # Attribute 'min_bin_probing_points' of the grid.
  1 # Attribute 'grid_mode' of the grid. 1=='default',2=='initialization'
  0.0000000000000000 # Attribute 'small_contrib_threshold' of the grid.
  0.5000000000000000 # Attribute 'damping_power' of the grid.
 # binID   n_entries weight   weight_sqr   abs_weight
    94   10   4.702907389974247E-004   4.984421299206975E-007   4.702907389974247E-004
    95   10   4.702907389974255E-004   4.984421299206992E-007   4.702907389974255E-004
    121   10   7.150891130195023E-003   1.222124610295779E-004   7.150891130195023E-003
    122   10   7.150891130195024E-003   1.222124610295776E-004   7.150891130195024E-003
    133   10   7.150891130195025E-003   1.222124610295780E-004   7.150891130195025E-003
    134   10   7.150891130195025E-003   1.222124610295776E-004   7.150891130195025E-003
    181   10   4.808761170383183E-003   7.880649813331468E-005   4.808761170383183E-003
    182   10   4.808761170383184E-003   7.880649813331452E-005   4.808761170383184E-003
    208   10   7.038746319355043E-003   1.190264682560842E-004   7.038746319355043E-003
    209   10   7.038746319355044E-003   1.190264682560839E-004   7.038746319355044E-003
    220   10   7.038746319355043E-003   1.190264682560842E-004   7.038746319355043E-003
    221   10   7.038746319355044E-003   1.190264682560839E-004   7.038746319355044E-003
  </DiscreteSampler_grid>
