  0.00457057747814283  0.01258939051391170  0.02313999726587049  0.03397168178675585
  0.04515999501050436  0.05614203316785317  0.06684534591000937  0.07737190054347055
  0.08778569863027789  0.09839114321817725  0.10882978756817814  0.11920573404173862
  0.12944934693766313  0.13960362080169678  0.14989190869405311  0.16008137115265358
  0.17039663100737296  0.18052036592060439  0.19065191191866987  0.20069364747674173
  0.21122795280387541  0.22224503760119479  0.23323198085434471  0.24403809227515208
  0.25477133688504511  0.26523409250204061  0.27536348984576681  0.28539802032173778
  0.29570272949963144  0.30631018579335695  0.31692032561195993  0.32737890935551395
  0.33756934182269166  0.34759884438138999  0.35766239622904938  0.36767614279508670
  0.37758334122652637  0.38735330755278741  0.39738119523870113  0.40778091160127111
  0.41822853156036988  0.42880885915247374  0.43932236349736892  0.44966134417975356
  0.45990876458265700  0.47010809092990735  0.48031135775758316  0.49039820913418297
  0.50050520117044506  0.51068042327766083  0.52088359798912498  0.53125062746141016
  0.54169885389458505  0.55213942616854728  0.56251728896632747  0.57281476798881159
  0.58306041450307644  0.59335282495777675  0.60367819990864158  0.61394957053882260
  0.62419767654358105  0.63448243717816732  0.64482340478561695  0.65488357029091204
  0.66486920283713169  0.67482966235836184  0.68490280686711313  0.69511648529933368
  0.70543764024650202  0.71578647699960796  0.72617195715490246  0.73656991065264976
  0.74727340344522586  0.75812014293526164  0.76906190872073776  0.77985753787905465
  0.79073973900678973  0.80210435132189895  0.81344134325221196  0.82422882958113375
  0.83491830959489344  0.84562065183616442  0.85643960391580976  0.86683448474732283
  0.87717238798470909  0.88753674031791918  0.89802966019486208  0.90907982543359778
  0.92010277360006198  0.93129279035258428  0.94194052997444577  0.95267419883620219
  0.96282157306647653  0.97268152222288207  0.98302904640083655  1.00000000000000000
  0.00231759457029225  0.02066931792111765  0.03597481818417663  0.04896305784227385
  0.06073345868971802  0.07177359134400366  0.08248721184969984  0.09323935001628580
  0.10393812783718809  0.11453161536933647  0.12527746873512322  0.13648090784053907
  0.14745859663189648  0.15810775562670429  0.16856267524605675  0.17888828896577014
  0.18901076406968603  0.19879407209692082  0.20852039782670947  0.21837526891469169
  0.22838048513490541  0.23846712176072182  0.24855407564598991  0.25880336864815534
  0.26908439721458777  0.27917170048658119  0.28927625439896593  0.29941636717773978
  0.30976408813334866  0.32001566865838416  0.33009615718405017  0.34028626526313444
  0.35059594448322384  0.36109450089537154  0.37159091792543808  0.38220262969775326
  0.39285252639757545  0.40317616458725886  0.41305325096716672  0.42274283256178474
  0.43251651966975946  0.44241676433986116  0.45222454649107258  0.46214077635377004
  0.47238563671581180  0.48280218542116060  0.49340005824259370  0.50399961241395108
  0.51463010590159730  0.52503692073013009  0.53531941546912465  0.54551169553535417
  0.55591681307807350  0.56614061681265471  0.57619529319950935  0.58657193212957714
  0.59717676366426120  0.60788172032072363  0.61830313407293713  0.62875563203170526
  0.63909567429400349  0.64917144720013609  0.65889671905050196  0.66907912941893655
  0.67943661229837826  0.68972151959367856  0.69961047007643629  0.70951572306829835
  0.71986686952352519  0.73021454438352318  0.74050142034938804  0.75087526286087181
  0.76097092018837098  0.77118154159239549  0.78158493174824917  0.79203291263345199
  0.80192019547041038  0.81164702035673186  0.82139608050086943  0.83136350408708526
  0.84146577593651350  0.85166236659427463  0.86181873269445597  0.87195469011605742
  0.88229653820989040  0.89297552630994714  0.90368638312963134  0.91451477976264250
  0.92481460594009801  0.93560492573370324  0.94603011301713169  0.95688223226655411
  0.96725770078867368  0.97768698637012119  0.98849703890484419  1.00000000000000000
  0.00008392031330564  0.00025935045560963  0.00035336092106110  0.00044374155585806
  0.00052695588357038  0.00060508918745080  0.00068192160925260  0.00075647894735061
  0.00082807229798019  0.00088888921459648  0.00094755495265892  0.00100925973591680
  0.00107064386570569  0.00113298505623017  0.00119629359450955  0.00126020398922876
  0.00132499991435837  0.00139030412521663  0.00145775753314620  0.00152672249417951
  0.00159713385152997  0.00166737947596048  0.00173843661996020  0.00181074544865950
  0.00188325068449616  0.00195602450502211  0.00203041621058752  0.00210600898870637
  0.00218340955486966  0.00226373044064107  0.00234788401505587  0.00243387470993700
  0.00252012286826141  0.00260732968541548  0.00269637697867521  0.00278763129486241
  0.00288028806416471  0.00297472424834562  0.00307155430467951  0.00317118163349004
  0.00327335335694682  0.00337717789409443  0.00348345285325746  0.00359260793975329
  0.00370722497896620  0.00382746437887528  0.00395288711915923  0.00408289076102221
  0.00421826428869936  0.00435945227493943  0.00450589700861794  0.00465926124300533
  0.00482609828534013  0.00500144668983247  0.00518384997202020  0.00537722186570752
  0.00558271768002173  0.00579963331796733  0.00602692877034100  0.00626380356301706
  0.00651011952196973  0.00676789544526927  0.00703918834660238  0.00732153537387907
  0.00761374796854836  0.00792123794371424  0.00824847663266770  0.00860152452183551
  0.00898201027684002  0.00939557987797201  0.00984096360609433  0.01031062346114314
  0.01081831151764684  0.01137622669523350  0.01197965706959925  0.01262470319772586
  0.01333129904884706  0.01410426924793971  0.01496347957379335  0.01593567431166298
  0.01706671110121879  0.01838939752400043  0.01988452340041721  0.02162773973621538
  0.02371023691535578  0.02627405742027229  0.02944896851463510  0.03339892155183179
  0.03858088862038724  0.04615087326852505  0.05703849517567081  0.07634200056688163
  0.10510845367049433  0.25793554318839151  0.61451850882195358  1.00000000000000000
 -0.00233458023806629  0.00912535967085323  0.01971571017372575  0.03008220716340703
  0.04070485229616336  0.05120546013994246  0.06192282981032191  0.07269513934951949
  0.08334453179924606  0.09407621890355299  0.10454558894920130  0.11502991393688727
  0.12522403163012671  0.13512962990714600  0.14502107597750366  0.15493989380874365
  0.16512244147984015  0.17600130069750580  0.18711479197401235  0.19827049489217730
  0.20906578439780563  0.22012604865797758  0.23086091589757243  0.24162528260549315
  0.25221879072183112  0.26254747430105202  0.27292898941558702  0.28342241326963735
  0.29414149001930051  0.30478006703224758  0.31524067932493310  0.32575524711698289
  0.33633671482163230  0.34692078846784113  0.35753251096067551  0.36791554562629275
  0.37815073071848898  0.38870737872411137  0.39931651150992609  0.41006270948751644
  0.42070405194775451  0.43132260031274799  0.44190922611385819  0.45239839110476371
  0.46286183411011167  0.47353471797539637  0.48386761671774242  0.49418723616230120
  0.50423240150475901  0.51448977486772274  0.52480860771743354  0.53544947225875883
  0.54615167189905156  0.55691110459687854  0.56774057663410837  0.57826121023534105
  0.58855560573914834  0.59900920095815335  0.60977415094317899  0.62071289879419989
  0.63145011243667293  0.64188143097225225  0.65198408993435153  0.66197152867717890
  0.67227264653474350  0.68274267040483061  0.69308502623539692  0.70331834912116031
  0.71368631806117799  0.72428796438565191  0.73473958837017006  0.74535088340428890
  0.75602874941172682  0.76687218278497626  0.77748541347664812  0.78813463519824511
  0.79893151417236263  0.81000531313529189  0.82089849714364393  0.83163343300601278
  0.84251656170529832  0.85332995245951504  0.86422734042839777  0.87494631523921162
  0.88548525909830189  0.89572358323103873  0.90617498249141837  0.91657367204712858
  0.92702913970981837  0.93699740087247785  0.94749424071701838  0.95794232527877388
  0.96845279564265951  0.97906599656149085  0.98944596446955424  1.00000000000000000
 -0.00238099469617477  0.00908716476757792  0.01949865182337865  0.02944172665813308
  0.03954265208636156  0.04926998465896579  0.05904278153482957  0.06899509038107880
  0.07895166593888420  0.08912339912319264  0.09952515034680200  0.11002562811300132
  0.12054169254485690  0.13125525233196120  0.14208876855892913  0.15309200927840402
  0.16395640608797743  0.17446938970759762  0.18473478909758556  0.19533398407013389
  0.20598490846402595  0.21635588716884496  0.22628423266862360  0.23638044102271288
  0.24664642494833153  0.25716077623367795  0.26762038770332169  0.27810836624474272
  0.28848570239483345  0.29888412215368187  0.30924061202242792  0.31954348066278393
  0.32957125248681607  0.33990939921653879  0.35057663344969331  0.36136363739638178
  0.37224349048730332  0.38291690290752245  0.39344535958496646  0.40399029776232914
  0.41417220879291133  0.42448064016791637  0.43471905585261705  0.44520806132616869
  0.45560787261423047  0.46610782900081071  0.47687139988267135  0.48755082445746556
  0.49816487369235207  0.50888839218966353  0.51960380935826778  0.53019433093607615
  0.54059040706214623  0.55097399052471396  0.56112105302176751  0.57123316558726145
  0.58147810595265603  0.59245533092787139  0.60341213021942985  0.61445789925015615
  0.62546023359554281  0.63625241473955119  0.64671359498632686  0.65698124220024856
  0.66717324038724235  0.67757012845557663  0.68792047703205317  0.69882113585538963
  0.70981864557905816  0.72032941327705358  0.73114550071190332  0.74185339643467829
  0.75267939039740472  0.76283004403409216  0.77311910373323589  0.78362567765152991
  0.79413637706269324  0.80457320864394211  0.81508938942785780  0.82669604001670527
  0.83769715946481282  0.84831608956408044  0.85875042201102758  0.86934234511383501
  0.87990170880715135  0.89056870908992913  0.90134671263341970  0.91288586220668033
  0.92460966594121552  0.93609276261433683  0.94706434664429506  0.95787501158385391
  0.96834108870866098  0.97904944950181050  0.98954450571183949  1.00000000000000000
 -0.00241911065538351  0.00946815582471378  0.01937868949833351  0.02991104587188797
  0.04028860002046920  0.05106759761127094  0.06177603302071931  0.07268956186583102
  0.08356201208679272  0.09423817652384037  0.10468647649882856  0.11501862548299439
  0.12559478812874597  0.13646173417891361  0.14734696014613582  0.15816031058729121
  0.16879836786157915  0.17915969357313613  0.18943558730211049  0.19958923017384000
  0.20965978140519642  0.21952463416003615  0.22943332096502558  0.23975184098307589
  0.25047541925568784  0.26127649562459077  0.27211488843818277  0.28248505506984473
  0.29291361531494486  0.30344162900152960  0.31409239664507638  0.32456697337281737
  0.33509110655811691  0.34560593416507873  0.35622592421119975  0.36656029863132406
  0.37679566574207063  0.38687203341330972  0.39690323771895430  0.40708915716792426
  0.41744826950035518  0.42808640758975541  0.43875032924350793  0.44954636585997615
  0.46029945588631871  0.47112972636814082  0.48196439034283584  0.49280320007108186
  0.50355517506658709  0.51426734908277583  0.52512639290071850  0.53598083191203039
  0.54681000522394785  0.55749640896911246  0.56816103039329435  0.57887967025652554
  0.58969947215188834  0.60076582788924238  0.61189249034907700  0.62262635197197835
  0.63284846464275712  0.64299120904442209  0.65355249572456053  0.66441335744925045
  0.67504666312489747  0.68558699188591821  0.69641505192034192  0.70746914627133883
  0.71833176129359921  0.72909043568970999  0.73959882523554132  0.74992710394174322
  0.76010611570381881  0.77025451836480707  0.78065093913125716  0.79070553602061433
  0.80143451516686504  0.81206082132059343  0.82238163433708189  0.83277381120877825
  0.84297527331654631  0.85382492638684304  0.86386933875845895  0.87397239185354114
  0.88371623847279801  0.89361398282859750  0.90350690887270413  0.91344545171181046
  0.92383207092798081  0.93475181004393637  0.94566410042980142  0.95666296552304075
  0.96756939117077834  0.97867306762301942  0.98929439765044891  1.00000000000000000
 -0.00217922713558914  0.00914292359811016  0.01870545519169175  0.02874513098162452
  0.03872886210949900  0.04893518355515958  0.05920966104390290  0.06898968079526603
  0.07893184651779636  0.08920306759101047  0.09969444779741947  0.11014989127336480
  0.12077443013284593  0.13137065802727532  0.14209440173614973  0.15250178574147408
  0.16288754800504002  0.17295077880837650  0.18293086820530069  0.19302308950631938
  0.20329146422226146  0.21361250675815638  0.22410121793271073  0.23466113145324463
  0.24538535546959941  0.25602673218055361  0.26650697587117389  0.27706818391763355
  0.28771285925471535  0.29794697598238845  0.30817214918497421  0.31841791696415866
  0.32894478559353008  0.33904341399523513  0.34907908503123758  0.35927237090534742
  0.36948690808631868  0.37959734028179898  0.38960871128876773  0.39971474988488653
  0.41010481669429427  0.42071968193427239  0.43137640849018433  0.44195197877061299
  0.45238434816610840  0.46278766352507106  0.47327603938186935  0.48377473405939631
  0.49439795803816555  0.50510848601512626  0.51567636400870187  0.52607920069680747
  0.53650886763624983  0.54718230994800166  0.55796068248478170  0.56872530681044531
  0.57933649730139292  0.58990294784299557  0.60049196845049413  0.61095635578514718
  0.62118776088270489  0.63139044500552577  0.64189680746798783  0.65254805978825681
  0.66311069024376712  0.67365440187201664  0.68426632345450811  0.69485114372477697
  0.70551623295044286  0.71627702576492092  0.72715037159911788  0.73790557030619797
  0.74853530719726546  0.75894918393168798  0.76927724353056892  0.77982184995066206
  0.79060461402077631  0.80154049837428931  0.81240938170314370  0.82309991558194229
  0.83362756803639237  0.84401924903997427  0.85438191127520258  0.86489915100848780
  0.87576549202852338  0.88720317764366208  0.89896060537110190  0.91070273277863956
  0.92223517630947915  0.93332964648577887  0.94433943354947869  0.95514827427319060
  0.96668248454335093  0.97792134678042975  0.98921073014840333  1.00000000000000000
 -0.00220140995522269  0.00888488640029564  0.01854691385186014  0.02818652635780112
  0.03806483306393459  0.04780578045442541  0.05757545593975247  0.06733105528420609
  0.07715527724350948  0.08729358719456577  0.09807374993571727  0.10909502767092122
  0.12008883023142347  0.13100413426747892  0.14155076865210622  0.15217334807922830
  0.16280571538044963  0.17345869963341085  0.18400270125616464  0.19438443495373237
  0.20510348646013854  0.21601706325262329  0.22751274927955764  0.23868817423151270
  0.24970113741141076  0.25984661369876910  0.27018896467224751  0.28051430095761437
  0.29079899028028794  0.30078721305471312  0.31062807688633615  0.32046467720770522
  0.33039658516474379  0.34049639416991584  0.35070099733073329  0.36074816478303184
  0.37081268372377968  0.38101262019438537  0.39148631811618378  0.40220283285841807
  0.41311867533686475  0.42430051964477244  0.43549738509170294  0.44650287231325936
  0.45746429797598281  0.46824732188686452  0.47850616515963007  0.48854661021914175
  0.49851146424189563  0.50872319278251110  0.51893564055673758  0.52936637597075153
  0.53997589717420380  0.55061326927629384  0.56109193003956093  0.57162803091057524
  0.58245358361198940  0.59341065807410986  0.60452301603671810  0.61549394361053844
  0.62640188754525739  0.63697262476790673  0.64740573062477402  0.65778095267462622
  0.66840399653132032  0.67934509607659999  0.69013629436909707  0.70054444653666925
  0.71096251687605205  0.72199686810861674  0.73310433804482300  0.74381152471355083
  0.75425663105630580  0.76479498851483085  0.77536882758504477  0.78586755836037847
  0.79630156620100234  0.80675726437050821  0.81740218589544511  0.82819266134643066
  0.83907847739543329  0.84958348441528653  0.85994865413450117  0.87037901028434428
  0.88119210922144631  0.89211538157511228  0.90319321363470073  0.91420581270425738
  0.92512213710660529  0.93588640946909885  0.94617792220640640  0.95665381343956324
  0.96769755663341261  0.97880365154793858  0.98969918478576557  1.00000000000000000
  0.17980469053463832  0.50725863872264376  0.55609453866902159  0.57611509709007336
  0.59062300029925552  0.60251606728847973  0.61256051245952658  0.62143160273877807
  0.62951084762868115  0.63702237483319180  0.64412930146017355  0.65075742067957887
  0.65700582998016133  0.66308348438657461  0.66870832820384185  0.67401803964299101
  0.67918146981385563  0.68426330056270657  0.68912343932581810  0.69372943125762465
  0.69822250625136728  0.70266405971479962  0.70705725570885924  0.71127993287161539
  0.71541841254212868  0.71956088541413243  0.72365573136697536  0.72760256668117240
  0.73140719114816299  0.73514449448851826  0.73883376593988248  0.74252759070125751
  0.74625315652417001  0.74993662686088847  0.75358317888360749  0.75711992915708171
  0.76054601027286395  0.76390801229663485  0.76722372656495041  0.77054526121568812
  0.77387053288050445  0.77715099062425241  0.78039239851197362  0.78360371917319349
  0.78677350690827796  0.78993175153549355  0.79304308113915556  0.79606158585938491
  0.79906939823891865  0.80204908326477709  0.80502256364996494  0.80798884484419264
  0.81099525967701802  0.81398464277430294  0.81696696851057882  0.81996939369888999
  0.82298180143738031  0.82597329618241522  0.82896657713645372  0.83196536082352113
  0.83498046965398021  0.83800512556953033  0.84099724396224718  0.84394935833166129
  0.84687275029909626  0.84976410378130818  0.85268505281871587  0.85558729209354090
  0.85846798759468212  0.86135387347904757  0.86422028342629897  0.86711518995395387
  0.87000640458398193  0.87290583030800128  0.87582584520020168  0.87873158328157819
  0.88164649969323283  0.88465582352340288  0.88771299049961649  0.89082132133232816
  0.89396196740270450  0.89718480604606288  0.90051944684828356  0.90395950113538848
  0.90746627891662257  0.91102666303542124  0.91471843933428454  0.91868254242464031
  0.92293069954092699  0.92739480388110695  0.93210268494528503  0.93738336767294517
  0.94378464029726061  0.95198351438510853  0.96519797610471281  1.00000000000000000
 -0.02076487484188152  0.10655645714980595  0.14795392478745012  0.17410247811822616
  0.19368286544671173  0.20976590231575112  0.22374924576400723  0.23640107755766046
  0.24787747248729669  0.25867934597493114  0.26894918120455991  0.27850184208968359
  0.28735361161763001  0.29587015814134593  0.30413178649013611  0.31195281108387563
  0.31927622825990820  0.32633929373144255  0.33336999027468628  0.34031165344038244
  0.34703216084079891  0.35358393401491706  0.35989269321730993  0.36603951251594635
  0.37215083249155589  0.37814634902199601  0.38413996429160091  0.39014169462490988
  0.39598933358430710  0.40165601321025513  0.40714261593448270  0.41264583112441472
  0.41812393776323997  0.42348388419835070  0.42870121916685477  0.43383627206784525
  0.43895729934410921  0.44415634678456883  0.44944818877206916  0.45472728006891883
  0.45993226895658790  0.46504664378180222  0.47006533995136479  0.47508063221727115
  0.48018763856957553  0.48541140724660786  0.49068266623557422  0.49594297011175642
  0.50129123030925160  0.50643282013609847  0.51164875341875937  0.51684238664068582
  0.52206390130083546  0.52725935543866664  0.53246128164596873  0.53765828336603494
  0.54288203275196578  0.54811269492034043  0.55335972805691169  0.55860827421598391
  0.56391079398280908  0.56928646128579630  0.57470723875751384  0.58011320207881356
  0.58558224639673351  0.59121190351473896  0.59691098691040378  0.60277263216304000
  0.60871102708875724  0.61470974640295661  0.62074698087512747  0.62686058380849308
  0.63311183191130482  0.63943190853539233  0.64582318336455513  0.65236338960772211
  0.65904732162209867  0.66588219255427517  0.67302310750349803  0.68034721521167429
  0.68793689200411900  0.69579231228366811  0.70393390535412870  0.71237384360502043
  0.72117690439814452  0.73028799130617883  0.73997381117337990  0.75034629531684016
  0.76198650064591122  0.77453042694643681  0.78861286221941129  0.80512852564843918
  0.82504791441004577  0.85106413976471262  0.89197463857093318  1.00000000000000000
   1.6939257698616676E-009  -1.0000000000000000     
 F F F F F F F F F F F F F F F F F F F F F F F F F F F F F F F F F F F F F F F F F F F F F F F F F F F F F F F F F F F F F F F F F F F F F F F F F F F F F F F F F F F F F F F F F F F F F F F F F F F F F F F F F F F F F F F F F F F F F F F F F F F F F F F F
  <DiscreteSampler_grid>
  grouped_processes
  1 # 1 for a reference and 2 for a running grid.
  10 # Attribute 'min_bin_probing_points' of the grid.
  1 # Attribute 'grid_mode' of the grid. 1=='default',2=='initialization'
  0.0000000000000000 # Attribute 'small_contrib_threshold' of the grid.
  0.5000000000000000 # Attribute 'damping_power' of the grid.
 # binID   n_entries weight   weight_sqr   abs_weight
    16   10   1.435848267777066E+003   5.526339563432991E+006   1.435848267777066E+003
    17   10   1.435848267777065E+003   5.526339563432994E+006   1.435848267777065E+003
  </DiscreteSampler_grid>
