  0.00324793281854715  0.02001289891233373  0.03542222159055075  0.04838434201443137
  0.05962917087192014  0.07090564988601494  0.08170154933213475  0.09216614072833375
  0.10219908078610036  0.11194979960934170  0.12164879083842643  0.13109200794024664
  0.14057653224640554  0.15021838492506251  0.15989693638614566  0.16951441751326088
  0.17918767588136550  0.18869900646061405  0.19903852780804290  0.20943474977094470
  0.22003230750333647  0.23047458373369362  0.24072228611530710  0.25091589801419217
  0.26106786844523372  0.27122815424578300  0.28150138448227074  0.29180413312409026
  0.30225419052674890  0.31268007463304420  0.32335020716324342  0.33390174242516868
  0.34428132649520238  0.35440901652726148  0.36413410929342310  0.37372585806777098
  0.38335363667466071  0.39318346540617932  0.40323239330225003  0.41327313249009784
  0.42338273784037506  0.43354370057778235  0.44354673557617730  0.45341566675073053
  0.46325095935013666  0.47303289943483279  0.48271263498119804  0.49231383550802649
  0.50196113936281672  0.51156437946827571  0.52119725420489971  0.53098909662117322
  0.54096991902584413  0.55111229239946624  0.56131225537743845  0.57171393575546414
  0.58246955734458861  0.59337003558622337  0.60394958226535933  0.61403655996366535
  0.62393976775530124  0.63386195915105503  0.64385374216085367  0.65403741382385072
  0.66434354024815589  0.67471303066995203  0.68503672534478377  0.69532963846620377
  0.70556339177632132  0.71566536610969511  0.72566721681365620  0.73560589131565557
  0.74552312544512833  0.75550972139103534  0.76562979893393313  0.77598099610491933
  0.78643336758030580  0.79701126114391141  0.80777076408584991  0.81861515262321694
  0.82941825099602240  0.84026048211904580  0.85133928076339349  0.86251911733207520
  0.87350143798421853  0.88405463301108034  0.89449229778256434  0.90480398651551874
  0.91499632895131500  0.92522061515445730  0.93564281397633586  0.94697531803450230
  0.95896455735422415  0.97184606735597545  0.98554924898505902  1.00000000000000000
  0.00000107290256538  0.00000561877435228  0.00001202851353431  0.00002055851271312
  0.00003215018975569  0.00004594514345413  0.00006186884307678  0.00007950942803731
  0.00009759907330992  0.00011655578889030  0.00013794460081780  0.00016141812774438
  0.00018551321504679  0.00021011888490118  0.00023547688098083  0.00026166504283956
  0.00028893301606257  0.00031742912166393  0.00034832929612472  0.00038103954667657
  0.00041518988049846  0.00045047565978796  0.00048618493899572  0.00052306684901932
  0.00056037384441782  0.00060107257587541  0.00064304157982706  0.00068721155649962
  0.00073294311941989  0.00078029569027720  0.00083025841636259  0.00088087717196961
  0.00093205401306635  0.00098472391610750  0.00103807026318081  0.00109367452957426
  0.00115133397865111  0.00121060014043547  0.00127100912330331  0.00133672124429072
  0.00140372630072448  0.00147169882975591  0.00154276917445270  0.00161862929621281
  0.00169458632537336  0.00177643582302788  0.00186478209318363  0.00195733278857798
  0.00205287549707099  0.00215602512582056  0.00227281008555279  0.00238907561653071
  0.00251328868536119  0.00264803639331120  0.00278713419566611  0.00293716109768376
  0.00309619473122513  0.00326200221324491  0.00343562706643353  0.00362245196595387
  0.00382864195483478  0.00402886868555760  0.00425481829868739  0.00449084419340052
  0.00473809317164676  0.00500290516314831  0.00527996861409816  0.00556672717436272
  0.00587099606380375  0.00619643116485787  0.00653843279349526  0.00690637360565868
  0.00732118910191505  0.00771683476083781  0.00821050583171792  0.00873168660135086
  0.00929205476595801  0.00990288400004523  0.01054729192967604  0.01123618815485665
  0.01205783944009580  0.01289247977018582  0.01385890170966913  0.01495796775206318
  0.01619792242417735  0.01756365702197341  0.01904533987734850  0.02064905766714496
  0.02242548960467504  0.02440791994918308  0.02703969725487963  0.03007643205790715
  0.03413175663469314  0.04027819709163678  0.05275858310838555  1.00000000000000000
 -0.00224735686720292  0.00936879435097129  0.01882049232730975  0.02891342448155104
  0.03902640133858945  0.04969335848390957  0.06015948221618232  0.07132306948610556
  0.08237554365404579  0.09370182733377119  0.10520492511666210  0.11681963193698963
  0.12801685764893847  0.13877454262656225  0.14909807192002911  0.15955771124999421
  0.16963931982152358  0.18012958041042956  0.19044087328120110  0.20151576649856004
  0.21241854088599929  0.22345656883383463  0.23454293561548106  0.24563785643939362
  0.25601533797785070  0.26609312626351134  0.27636062971655173  0.28680699836679768
  0.29722279214155756  0.30770285744825371  0.31861035679364980  0.33005003819816786
  0.34104713887390881  0.35207954663016822  0.36241047809182819  0.37242164372941777
  0.38225006969314163  0.39193249077495690  0.40173978013721057  0.41190763499976685
  0.42217584401795766  0.43317522220227916  0.44396155049536840  0.45475786615247571
  0.46547768567169423  0.47598157955497045  0.48654807732767541  0.49708879565379310
  0.50761892236066586  0.51825896331904686  0.52844703329742870  0.53874598722106870
  0.54894824281499510  0.55905738296714103  0.56904617145883896  0.57896369947309967
  0.58896253116307107  0.59858030178429611  0.60812367109276355  0.61778394050675300
  0.62769337867058594  0.63787536165041758  0.64821150629502522  0.65870084736545687
  0.66925407804005488  0.67981353302660397  0.69033062131825895  0.70071170557533213
  0.71101432958762856  0.72126529642352144  0.73155810866882187  0.74201030444285554
  0.75260487428557798  0.76347647748841496  0.77425449459771101  0.78470946857408652
  0.79517272843488940  0.80560625908409067  0.81625420883674671  0.82675954769934845
  0.83737626571455481  0.84838115296512751  0.85934965405822894  0.87021698243384416
  0.88121197823217290  0.89254918411803208  0.90357175476902840  0.91462414765130473
  0.92524400514126703  0.93582397149368801  0.94617381748560569  0.95660720339773697
  0.96709554616222138  0.97774606282708065  0.98873236784954310  1.00000000000000000
 -0.00249024421251474  0.00943968777163541  0.01967122920287271  0.03058338199491261
  0.04149154392476047  0.05249047151621978  0.06341978959063273  0.07444832342809561
  0.08518656217093409  0.09580471542098749  0.10643201178927192  0.11718075082844762
  0.12776199758709650  0.13780144932380026  0.14778501096769953  0.15795838640742160
  0.16863020146176819  0.17933702541810850  0.19003093025787840  0.20058001362542691
  0.21113396743390886  0.22169890484964228  0.23234523557156558  0.24307381773882594
  0.25364684236662366  0.26420493536589101  0.27461011514522632  0.28482683327535041
  0.29503897147341818  0.30544420762028895  0.31589927303410859  0.32646133093038404
  0.33686318316836450  0.34721078282341566  0.35768448306428002  0.36833838817287168
  0.37906753852556441  0.38954103529597839  0.40013738547625877  0.41111612180046941
  0.42192395913165726  0.43258831888982219  0.44328431437793031  0.45437659359525578
  0.46469858798451513  0.47464664061770023  0.48471680005832440  0.49499325214198697
  0.50534203367856723  0.51586149263145820  0.52653460945997899  0.53718699633567724
  0.54764988883931132  0.55804594890842962  0.56796846829096581  0.57778238508402757
  0.58772978984504343  0.59794930141284253  0.60824073454466299  0.61881452517749791
  0.62969936918188296  0.64093216961530275  0.65174344043577936  0.66207436285877919
  0.67209933882754036  0.68267340598528770  0.69320995463095114  0.70368350688643344
  0.71365141950472122  0.72371850105091595  0.73360537414215077  0.74398598521087300
  0.75465478170706035  0.76556219739744469  0.77616931304137227  0.78652725940763490
  0.79690196507736788  0.80720617711866538  0.81740988367697720  0.82751430913950419
  0.83782739568279296  0.84823452479402150  0.85865492036970104  0.86914255006031504
  0.87980480138415496  0.89090341564649134  0.90177218626078670  0.91277780713569134
  0.92362443677931916  0.93480588749465610  0.94607324272274396  0.95730848751537623
  0.96833422293946469  0.97895825545728854  0.98952295847809202  1.00000000000000000
 -0.00272860347990380  0.01023854089767456  0.02100605356944630  0.03143636531391632
  0.04152465427892960  0.05121331074062925  0.06086940783233988  0.07067651097653531
  0.08077817896019254  0.09170693157632540  0.10248405723080380  0.11361428505707684
  0.12457956038143057  0.13544933174185134  0.14603026339669492  0.15690895591528967
  0.16789196974257550  0.17907329197615243  0.19004758711135231  0.20044581291475749
  0.21061542653886012  0.22061753173534024  0.23091431080893868  0.24164149745049981
  0.25286666067740154  0.26416670619840377  0.27501246348649355  0.28584182522876977
  0.29671841040554203  0.30771583656120333  0.31840310925196819  0.32927535620585346
  0.33997728178799930  0.35054538638543037  0.36082207514007769  0.37111589272981677
  0.38195329804144629  0.39294120710674668  0.40368890366811577  0.41435710352539418
  0.42515060331345539  0.43599800181553183  0.44680781862718344  0.45763021254492969
  0.46829867571199718  0.47884107266451881  0.48911662689709667  0.49963462399772285
  0.51013299153112612  0.52024628220107105  0.53018278867485524  0.54016725039862079
  0.54998791905033328  0.56002695466043051  0.57027065713819092  0.58031323174717075
  0.59003512713370476  0.59933416616325996  0.60896188002546114  0.61932796824309444
  0.63004332565053189  0.64073167318582003  0.65110467805901118  0.66164125150704967
  0.67245875185669590  0.68370106857663338  0.69476996464073992  0.70543563507393392
  0.71590962028262484  0.72625141934614590  0.73651485914147730  0.74646102780091894
  0.75641681582744846  0.76640772295604420  0.77652571519150237  0.78681748233619853
  0.79720310435289632  0.80774619473869569  0.81826038099532250  0.82877491610926135
  0.83925012499414220  0.84971113341210436  0.86014427217036660  0.87059948657551200
  0.88117456983821463  0.89182148745652901  0.90248654525252292  0.91351136490277607
  0.92477475228880179  0.93604942423896942  0.94668630739919057  0.95704888243380670
  0.96754577358524985  0.97818820498077763  0.98900322596864132  1.00000000000000000
  0.01730426726880922  0.19937365666237133  0.29376900118700605  0.36063548917489424
  0.41019886948446449  0.44924691899977948  0.47868123383308903  0.49918007204469717
  0.51662052113964840  0.53118448251792283  0.54333738285126976  0.55393310789078631
  0.56336349715469047  0.57170778344391349  0.57961296146986363  0.58693019257159862
  0.59345910936517610  0.59951241556083168  0.60514947650581219  0.61038537867832543
  0.61553560794266549  0.62060852508245778  0.62551334677575920  0.63019416870850398
  0.63480914793677656  0.63946523521243503  0.64401216856761212  0.64844266263583428
  0.65274969419727658  0.65698851784433498  0.66113835205486116  0.66517162593938284
  0.66910169627921012  0.67295931365227890  0.67679555893531473  0.68066947772301056
  0.68450842746168705  0.68822273302933434  0.69186479511918442  0.69545891520572911
  0.69904525707042409  0.70262165859750680  0.70618339312444922  0.70974751098311473
  0.71325900227795391  0.71678253399658964  0.72025353629259137  0.72375660794752417
  0.72727898027228743  0.73081292811468856  0.73435837402441351  0.73790103680225061
  0.74141072792187268  0.74488791852261438  0.74835910222390634  0.75188683369066300
  0.75544864876645745  0.75904276369383461  0.76267179368553706  0.76631038385199113
  0.76997060510995330  0.77355746084179544  0.77717652753371225  0.78082794230376296
  0.78449791005295644  0.78818030387717675  0.79190858879613812  0.79571902839837405
  0.79957640635250848  0.80348592363902160  0.80742744438971981  0.81143603714051649
  0.81541176883232647  0.81938008572147536  0.82335637146601315  0.82739828404034976
  0.83156558068230213  0.83588551295671498  0.84035918314068470  0.84494662394403464
  0.84961832658835268  0.85431184891019296  0.85909951506642201  0.86396859940421433
  0.86909186786453763  0.87435255347367080  0.88017947363129156  0.88619488672682378
  0.89261572581002413  0.89965695954120994  0.90761568042064444  0.91622688276056874
  0.92679248927095670  0.93978037526871783  0.95946598852559273  1.00000000000000000
 -0.02229772735032016  0.12967110131795445  0.16772020477829330  0.18800713465789864
  0.20429047355638363  0.21810514547176227  0.23018861958347689  0.24050005487486259
  0.25014909808221764  0.25897177467523019  0.26765259749867354  0.27581881575122791
  0.28362764166146426  0.29108575610999304  0.29831579064976965  0.30523110427920996
  0.31197116361824428  0.31855580982032689  0.32511199006565872  0.33153378591175003
  0.33772682497473899  0.34356503222207585  0.34939990296481466  0.35519724780159440
  0.36092686062580032  0.36661202883356336  0.37221986155669129  0.37752851839583279
  0.38265292879429497  0.38771984038525309  0.39284062783800539  0.39794323778091090
  0.40292983863184861  0.40781885040182675  0.41269791617401630  0.41758481845663170
  0.42245493599056039  0.42734548767539310  0.43227513801754053  0.43729134404334713
  0.44243513390030664  0.44749166328602624  0.45252625071443325  0.45748060149436987
  0.46248061460230161  0.46741844863400850  0.47226330774076980  0.47714586212191118
  0.48203058003560356  0.48690822147449997  0.49175628530617227  0.49656729771088115
  0.50141492834500012  0.50637603835316014  0.51143306401679289  0.51651752161266351
  0.52168817798490430  0.52698039459262802  0.53236648135944675  0.53779447772430922
  0.54325724813883558  0.54862973271183990  0.55393103039953850  0.55923071449751804
  0.56465672723569116  0.57030293333891091  0.57612404007129592  0.58207856436525851
  0.58804779013877551  0.59420931323163617  0.60025928852673571  0.60666795679125107
  0.61319430702014166  0.61976369610399240  0.62642280307205400  0.63321258280428272
  0.64015010252354831  0.64724639019893238  0.65448083353970476  0.66185354477447489
  0.66942120901328073  0.67703342079591911  0.68478840819244013  0.69279322073894423
  0.70112282152889960  0.70999110912425711  0.71975841923132300  0.73035539029824614
  0.74216042198834864  0.75495052589279443  0.76909664912853093  0.78508696743061945
  0.80407734953360499  0.82826000319051618  0.86991456492132158  1.00000000000000000
   1.6782565714599342E-008  -1.0000000000000000     
 F F F F F F F F F F F F F F F F F F F F F F F F F F F F F F F F F F F F F F F F F F F F F F F F F F F F F F F F F F F F F F F F
  <DiscreteSampler_grid>
  grouped_processes
  1 # 1 for a reference and 2 for a running grid.
  10 # Attribute 'min_bin_probing_points' of the grid.
  1 # Attribute 'grid_mode' of the grid. 1=='default',2=='initialization'
  0.0000000000000000 # Attribute 'small_contrib_threshold' of the grid.
  0.5000000000000000 # Attribute 'damping_power' of the grid.
 # binID   n_entries weight   weight_sqr   abs_weight
    10   10   2.022012379615438E+004   7.647422069582828E+008   2.022012379615438E+004
    11   10   2.022012379615437E+004   7.647422069582824E+008   2.022012379615437E+004
  </DiscreteSampler_grid>
