 -0.00426374209965932  0.01917547670245286  0.03423507395962967  0.04749166885923075
  0.06012457048361451  0.07223369671026422  0.08440271827621643  0.09806710621255690
  0.11223116154932514  0.12620710764391260  0.13850040002021843  0.14894546061554961
  0.15909846370689554  0.16939315389581408  0.18011597608203048  0.19113203219956409
  0.20355495335391635  0.21529710345881284  0.22636320249055494  0.23609706865872601
  0.24514704699361303  0.25388282694970898  0.26184417400924387  0.26975129039596946
  0.27741694927200539  0.28516792700447779  0.29348959434639948  0.30199320110088174
  0.31037463128189685  0.31994035628468781  0.33053508128010756  0.34314834050254517
  0.35864102787302643  0.37446508910994003  0.38850846881979295  0.40093921410555600
  0.41267844012802207  0.42353173416219903  0.43357755119857766  0.44482863793580635
  0.45790786402106892  0.46595865645938256  0.47401510306456751  0.48170733055024167
  0.48924594831573731  0.49660419290837521  0.50380634359876719  0.51108205016169073
  0.51914029030099085  0.52878197878203725  0.53921721458286553  0.54843612436316969
  0.55647727125740321  0.56393308421500365  0.57137118612906090  0.57924074348814014
  0.58693029491936866  0.59432232919198569  0.60162329197937592  0.61066937901303819
  0.62120351044070132  0.63109391899159384  0.64136614996372021  0.65237218841598377
  0.66423020617596940  0.67675579878665826  0.68949188761579427  0.70144891158321876
  0.71312719752423248  0.72427673606188692  0.73533103613875306  0.74662263738792889
  0.75816349211956213  0.77071096069243261  0.78394520899119990  0.79672087693652349
  0.80854270993316568  0.81806585521374398  0.82603610967443286  0.83475188338039896
  0.84350465096833394  0.85196002130936399  0.86019184171789931  0.86869416622151574
  0.87825850935599514  0.88924054989303591  0.90045796024840119  0.91074420311673443
  0.92056357215022910  0.93086536943107556  0.94030278894998776  0.94907372343468233
  0.95843182060571086  0.97102656196523207  0.98562763027264744  1.00000000000000000
 -0.00000088392340324  0.00007062776336843  0.00018088912938612  0.00029820618510712
  0.00040703389610040  0.00051625239298872  0.00063042343150258  0.00075262998932030
  0.00088203266087774  0.00100758525636962  0.00112959758951321  0.00125943490874805
  0.00139149058061513  0.00153155994179032  0.00167623154459902  0.00182297893956523
  0.00197705033852123  0.00213950153994553  0.00231028673582186  0.00247960946638640
  0.00263350725401754  0.00277796029595889  0.00292202507746376  0.00307093101360344
  0.00324810748247632  0.00343755089481178  0.00363434945429944  0.00382853548769631
  0.00402117831152069  0.00422563358976016  0.00444764063129256  0.00467078097481778
  0.00488065092294184  0.00508422289649664  0.00528887668695453  0.00548049357973796
  0.00567686642331560  0.00589090727232669  0.00611033559605559  0.00632455109513585
  0.00651930840664573  0.00672559313153673  0.00692960541450022  0.00713078270476098
  0.00733934532058880  0.00755803522654040  0.00777276277419128  0.00804004417925988
  0.00835301276292977  0.00868251009858020  0.00900132753604847  0.00935408555201694
  0.00971452305465761  0.01008190283030163  0.01048565212172996  0.01088025886991431
  0.01135265170323009  0.01189884713732065  0.01244788300993614  0.01292533679289144
  0.01339569962696086  0.01381772938915525  0.01423719083461739  0.01467594163706731
  0.01513142266178292  0.01566440479210832  0.01627009855289798  0.01689169643812305
  0.01741027185216660  0.01798953230202531  0.01865293441664007  0.01939948560618998
  0.02021127749776549  0.02106287433526786  0.02199727991724123  0.02299300065058459
  0.02403541123509479  0.02502165118714399  0.02602408234738113  0.02722493176914096
  0.02856805980643396  0.02989250678791611  0.03140015806085014  0.03280959257117071
  0.03411282958657232  0.03606995070084450  0.03900195027610150  0.04245124256888891
  0.04649024187143917  0.04990916897387548  0.05479400953730322  0.06152837751256487
  0.06975617997862731  0.08029622111643937  0.20874755749824142  1.00000000000000000
 -0.00001798606152760  0.00038900289947347  0.00077671147923528  0.00110187694223171
  0.00138914755211087  0.00166445161475847  0.00192309644205087  0.00218301308415818
  0.00244624601113255  0.00271430537953878  0.00296453895877050  0.00324315133128989
  0.00352837180229452  0.00381143094292425  0.00408563513527847  0.00434502930113957
  0.00461351458918104  0.00488449476549779  0.00516568982681497  0.00545649997174729
  0.00571983573533883  0.00596035778249685  0.00619613866748634  0.00642405271023603
  0.00665278607666861  0.00689919261291310  0.00718280173672749  0.00748172933727147
  0.00778031089624582  0.00806985246634428  0.00834774919525228  0.00863068452628263
  0.00891134021789569  0.00918297910762131  0.00948555437795278  0.00982604017618307
  0.01017884325057806  0.01052589952755120  0.01087480807221876  0.01123613566910027
  0.01159973452612146  0.01194199062134030  0.01226500235850519  0.01258322306457098
  0.01292865688308966  0.01333278081750459  0.01376188225127439  0.01418504232991378
  0.01460357178377452  0.01504148607936177  0.01550185183165747  0.01599324817684453
  0.01654605892992643  0.01713780569177340  0.01772705206048266  0.01830190022956350
  0.01890193397165330  0.01955383512841619  0.02023468895654036  0.02097089860953104
  0.02177720841732144  0.02267482885619374  0.02362107264870789  0.02457640540502540
  0.02561109685325697  0.02680228399414815  0.02820814270252231  0.02956266489399070
  0.03094440964762972  0.03242957680724205  0.03391818983016917  0.03566345399858811
  0.03771934322599450  0.04010866250188605  0.04277518738246591  0.04579517807166736
  0.04858430629879743  0.05122134661445907  0.05364479781651563  0.05598838681794034
  0.05819307653153753  0.06041930909660258  0.06268713636463522  0.06463871442098988
  0.06650669074490871  0.06823851541205743  0.07040068923131794  0.07346100845010814
  0.07836964736236034  0.08355454396499769  0.08912835981090733  0.09882296564055505
  0.11094150512442268  0.12466286209492659  0.49812962681636680  1.00000000000000000
 -0.00249063313405970  0.01319296976087886  0.02444000096299762  0.03444552738780530
  0.04273168661897099  0.05084587836178549  0.05937451077557826  0.06898997765014599
  0.07724822115170853  0.08565175899643454  0.09469900803119446  0.10395738631282500
  0.11253923803974031  0.12160954423095378  0.13270630888518892  0.14540521919763874
  0.15829367708062270  0.17001977002578481  0.18079353903835094  0.19232826242020271
  0.20428602002095778  0.21568362469226993  0.22674067180366705  0.23912736613262564
  0.25159022945153886  0.26255318308115783  0.27319370210344734  0.28440952642122658
  0.29639539943410087  0.30840188635243582  0.32063412540724440  0.33328057309841252
  0.34476235077965173  0.35685275378239911  0.36837396369644254  0.38036700185726008
  0.39260028503744210  0.40341714639650134  0.41268804723664060  0.42221153612789203
  0.43114713739514704  0.44061788142197073  0.44778420209587561  0.45585544032331676
  0.46330138446173008  0.47064268900539369  0.47806032131040371  0.48599788338198491
  0.49363312504738577  0.50330722981031673  0.51617062947660308  0.53171321029893714
  0.54903100243410941  0.56273783214572648  0.57383955855201929  0.58435050818561052
  0.59479704824345447  0.60541409520607170  0.61689515303514209  0.63014643985271090
  0.64288886367415821  0.65369458506564104  0.66341958406035184  0.67346253346782681
  0.68400525529832235  0.69535113113809155  0.70642759874722838  0.71783801785371215
  0.72968191967434348  0.73942325762293515  0.74987557751575828  0.75966983201655391
  0.76926486805783700  0.77717994747546459  0.78427348429113719  0.79058695191510930
  0.79683061861050963  0.80356153311446255  0.81052633222931880  0.81923717953406561
  0.82754508895796397  0.83807806960340603  0.85120020644066507  0.86396596267652814
  0.87675837626434605  0.88938844890852298  0.90195726577608204  0.91415770673641550
  0.92510840235334879  0.93546852699632388  0.94506812107418281  0.95462829060115761
  0.96451169249474722  0.97486017445433271  0.98695220510093318  1.00000000000000000
 -0.00168009276405231  0.00666873692002181  0.01448527612757942  0.02296512928137313
  0.03320076542227424  0.04298511777634059  0.05518339500790496  0.06871286556182971
  0.08221971549592101  0.09323993908060721  0.10283304397424160  0.11232100508281846
  0.12150346886509843  0.12980326548822160  0.13802404715216382  0.14929039467299274
  0.16252845126663401  0.17393652897394718  0.18352881484039948  0.19262557078530737
  0.20138906030782960  0.21005342706996619  0.21864890266857095  0.22786105898240272
  0.23796203502854202  0.24904204908717964  0.26132604343430221  0.27535250470685874
  0.28951395084882336  0.30092183701433156  0.31039433732892724  0.31930744902641228
  0.32788864935058976  0.33637575163949540  0.34523551969902821  0.35472808948205548
  0.36412369343985357  0.37269363417896961  0.38104413302113277  0.38953973344508269
  0.39905210711936706  0.40912361743507802  0.41894306024089661  0.43042686532655133
  0.44182222015177292  0.45283953723858184  0.46429104518154984  0.47651797672644669
  0.48868564041135265  0.50211487037765612  0.51396479393519978  0.52669093298796255
  0.53980977966279142  0.55288877590708363  0.56502564005340550  0.57658594265112817
  0.58759707682069329  0.59675918062806588  0.60650244747076409  0.61700106930363208
  0.62845444880953483  0.64172790836925275  0.65421479429922436  0.66467506069403126
  0.67495200970719793  0.68491062452724127  0.69480279411722046  0.70366878726631998
  0.71299123604314896  0.72173474367986712  0.72998338636957372  0.73745643216922063
  0.74535211166598547  0.75344121528191432  0.76151641957022609  0.76959927109102166
  0.77786513550289127  0.78637402305999193  0.79564998010735588  0.81027232678495831
  0.82032970475328182  0.83005592924926908  0.83906125446651114  0.84834194790715345
  0.85868840246031863  0.86788729645768414  0.87687294789240333  0.88830003405554459
  0.90105337745866732  0.91530664925027316  0.93033241906123898  0.94464710981326105
  0.95837083076951557  0.97219460082704923  0.98634163610794245  1.00000000000000000
 -0.00228252270247948  0.01035270763160400  0.02087842261553662  0.03108018817388189
  0.04218063323286485  0.05543481048800567  0.06675063094747533  0.07626436391922410
  0.08459370351233973  0.09285222159598792  0.10148565055421056  0.11045214123150636
  0.12003776443038494  0.13102378739305762  0.14383024781638837  0.15791790220708879
  0.17196611679367194  0.18539620668302145  0.19495497187500604  0.20254139048595238
  0.21100224119191349  0.21940971718153698  0.22805020141401117  0.23641753828115158
  0.24415536863895015  0.25317529947469219  0.26504783643878743  0.27733162203303258
  0.29029320322628638  0.30074472245521605  0.31001244174723491  0.31893544578134869
  0.32789003727053340  0.33762286761049298  0.34770234273143075  0.35866680976896159
  0.37103620612341459  0.38286533159130332  0.39432993901632296  0.40645396675552864
  0.41828392968950384  0.42821710644912653  0.43794624396644771  0.44916651848053657
  0.46168585565222436  0.47538452054586217  0.48898175375451586  0.50226099829877668
  0.51401450064824761  0.52529527979723112  0.53583848436296111  0.54705625814571979
  0.55776320406929825  0.56919261172957636  0.58175502159453141  0.59541307296493251
  0.60926044612447527  0.62255293986657800  0.63555071386298101  0.64790262211076599
  0.65734492027725233  0.66603083664900931  0.67278988563164965  0.67936092874201126
  0.68664829606568922  0.69420996839924187  0.70151535160683387  0.70875540904897993
  0.71736773701513157  0.72670369152543224  0.73803651261162684  0.75089666527633370
  0.75814420988365261  0.76598897051656234  0.77310182989246468  0.77971396979924090
  0.78653310574718027  0.79364239951000581  0.80126466456292300  0.80946862056336766
  0.81999349248470488  0.83208102578376286  0.84398058075448168  0.85652630773380534
  0.87010670796678324  0.88429950534141388  0.89723739351163656  0.90839051027367512
  0.91865111904234487  0.92874710476878031  0.93895477080187961  0.94933677886348000
  0.96138968991626494  0.97375086444777725  0.98730852211326992  1.00000000000000000
 -0.00115236291278349  0.00561464443422075  0.00902515016562142  0.01145594454109403
  0.01346513599041581  0.01526202021934503  0.01694643192908157  0.01857895167585105
  0.02019375423689580  0.02160944581244734  0.02289683575327593  0.02414708191621891
  0.02538771794083973  0.02659827970701627  0.02776894104510010  0.02893347210841095
  0.03006268359215122  0.03119751694574991  0.03234356307872548  0.03347550415212269
  0.03460204691479215  0.03575622545484342  0.03692185878993592  0.03809632645705946
  0.03922939762248248  0.04029878043475382  0.04133739140342807  0.04234764948453557
  0.04325826950559575  0.04421795122748266  0.04525349243330035  0.04630910497720179
  0.04746547289322643  0.04864403440906497  0.04989199584518793  0.05117286706375249
  0.05241914690901859  0.05359355971662670  0.05466116320144456  0.05560626033120187
  0.05647416394261623  0.05729460199135553  0.05807793642917519  0.05884805783900148
  0.05965637201266170  0.06061988443926768  0.06173824736032697  0.06280185156373719
  0.06373807379312894  0.06472283810331873  0.06587728981169337  0.06693477025303987
  0.06810209354455347  0.06946028444284960  0.07077241438194218  0.07200799598210524
  0.07319364509255712  0.07457409054001342  0.07573618610124347  0.07665243491666443
  0.07787787051321743  0.07909208523496281  0.08135380565154900  0.08374657053977135
  0.08521931273138084  0.08648778293348040  0.08763450205529452  0.08872380356929652
  0.08989657371300039  0.09154514144704864  0.09307155968499692  0.09438772035606716
  0.09544710915087057  0.09662050569102622  0.09795110469640045  0.09935100069848071
  0.10073814161277095  0.10211748043939423  0.10363718519585648  0.10777701133782898
  0.11289447559556259  0.11678248148371494  0.12047729054009035  0.12462626140695560
  0.12992047990838812  0.13494614338111421  0.13979993737303673  0.14544793675920298
  0.15285403560308616  0.17254516602941422  0.18612410816461591  0.20168756819363795
  0.21887029278016623  0.25007934934005266  0.50131208890193857  1.00000000000000000
 -0.00639597323417770  0.04255445793625823  0.07603774525361311  0.10228538077885477
  0.12753121577671678  0.15185968448911186  0.17367872259022224  0.19444128013931844
  0.21295727632500683  0.22908347229086790  0.24376510453977235  0.25753694233345087
  0.27017309762435382  0.28083585588562227  0.28988688539309360  0.29930506545401392
  0.30869975840442687  0.31922508195663957  0.32911646178412179  0.33920772064428067
  0.34949874869282549  0.35829807902781602  0.36621887594433211  0.37368361507234571
  0.38103547458302778  0.38876707784524328  0.39627158463014556  0.40134405147202268
  0.40702067451375834  0.41246251368126735  0.41823624789969671  0.42398662812462967
  0.42886617874243949  0.43370933348601182  0.43854093778912240  0.44325281541770861
  0.44781137327666332  0.45250717825322795  0.45687548196992045  0.46272477809339513
  0.46895857742540942  0.47485035114057261  0.48018663695013658  0.48486865790590655
  0.48883946768587910  0.49300974515934071  0.49712938009545649  0.50175501116739574
  0.50701752866687311  0.51279782457623879  0.51863965747401297  0.52385912964407477
  0.52869744748111269  0.53332381365493586  0.53825113147807035  0.54294524216412121
  0.54750205242665451  0.55205553150964237  0.55689408202711321  0.56260876372320490
  0.56856781945120671  0.57383208918383888  0.57885724950860939  0.58418667731475749
  0.59003546818615271  0.59624215174550121  0.60284658783803990  0.60991807685342359
  0.61640304807245894  0.62235899343823353  0.62783033008427913  0.63362690412922062
  0.63996209694076778  0.64797826337418496  0.65823878769468824  0.66837173931289440
  0.67728172272087728  0.68579064154636316  0.69449409593379829  0.70336488480874026
  0.71289330506539805  0.72361604560203929  0.73530771340501322  0.74803541535435314
  0.76166198973814481  0.77535709519953788  0.78901371735806636  0.80340795259055908
  0.82221326346143564  0.84372070805669275  0.86569383701356617  0.88901223756660497
  0.91254071177768847  0.93746882025230371  0.96748375220997918  1.00000000000000000
 -0.02067797790562267  0.15336485652744974  0.23692474333710756  0.33153258102964078
  0.38657248805299510  0.43213007010859700  0.47033543077678047  0.49799227836501747
  0.52051692215365220  0.53996840854149786  0.55756660118770118  0.57465129588467234
  0.59034684754124056  0.60443323495807522  0.61835640217164789  0.63294365786737872
  0.64625180089090717  0.65803763803954762  0.66925622486070746  0.67985109049732129
  0.68931479225177461  0.69830176583927461  0.70685916158466211  0.71525849351380999
  0.72383512968364572  0.73212237440514016  0.74034920932066139  0.74773457725941705
  0.75423618316374874  0.76058723304865150  0.76729197152932271  0.77388259151908534
  0.77959676636165642  0.78498335722299195  0.78998772716279719  0.79472156334121391
  0.79953341479657447  0.80456447538630949  0.80992418555463641  0.81523582016325669
  0.82005354813606324  0.82444761581642023  0.82855856742401501  0.83247766130140144
  0.83650535659923808  0.84068883032033037  0.84473971890215049  0.84866889395879352
  0.85245745058407107  0.85592136737031699  0.85929297329212884  0.86249087111525413
  0.86561001812408767  0.86896498513132814  0.87247769494050642  0.87609467723210022
  0.87971494670384653  0.88320497450439550  0.88653765886227676  0.88973385492687262
  0.89288332018410765  0.89619823385959163  0.89950644574600669  0.90280805621689542
  0.90576289309112801  0.90850666350097831  0.91113557487644625  0.91376765653538872
  0.91621613189331774  0.91865494668888059  0.92112406739714514  0.92359147781995032
  0.92609872399145521  0.92873359174471914  0.93140589610429514  0.93424257940978395
  0.93688096979242952  0.93949473971167274  0.94215272640333714  0.94484666170579457
  0.94751330865134731  0.95006111481454203  0.95245524212317034  0.95486797029892512
  0.95712653526112634  0.95943210888994301  0.96172650149223604  0.96389383522668026
  0.96618646906743766  0.96847406604893060  0.97090000257166320  0.97387329263342515
  0.97729731537274733  0.98183047081335395  0.98800201999943815  1.00000000000000000
 -0.01236153996069077  0.07885215022283631  0.11131605626137872  0.13508511420914432
  0.15388343759256085  0.16955275605152251  0.18348533242867185  0.19521318944828833
  0.20523223452435119  0.21394951049485383  0.22243285104277352  0.23004799851954488
  0.23693458883057442  0.24349884337044342  0.24984522685844490  0.25638249382739609
  0.26344829589866470  0.27051956758486984  0.27711692898025592  0.28344485202468223
  0.28977153750756296  0.29683132698228332  0.30445810155777070  0.31152496933263962
  0.31772843902730080  0.32367757413319442  0.32975865105954988  0.33572702899773121
  0.34156782025537519  0.34784701508909888  0.35484188783954057  0.36179365850937978
  0.36834257773345702  0.37447247905526332  0.38039364476219556  0.38600896525120282
  0.39148299021658872  0.39733960879784186  0.40353279313666368  0.41003201882301421
  0.41681643600242824  0.42420887445659045  0.43145748905287390  0.43843521250834772
  0.44501027876957150  0.45078380339712981  0.45749844942829521  0.46412703696852320
  0.47096687669998494  0.47831981196957651  0.48460892529143973  0.48993383386221612
  0.49500243826521362  0.50009925039579572  0.50539628832669681  0.51121519591382236
  0.51702599299255669  0.52310063099016624  0.52921594781244707  0.53547483971991428
  0.54318230275302670  0.55250364352673598  0.56256850532995106  0.57214936758870327
  0.58151999596967130  0.59030410459922877  0.59796838155010867  0.60482946688409478
  0.61152245159403174  0.61823071743036362  0.62554328036720730  0.63158534532806154
  0.63775974809976754  0.64425287606821902  0.65200163387773169  0.66004152692433793
  0.66778688788444185  0.67518593122414028  0.68254343197973377  0.69063944589151272
  0.70023692452425368  0.71111648563150087  0.72184023456022051  0.73284243347312350
  0.74346249973931078  0.75301665671527518  0.76255991180742533  0.77305656199668071
  0.78494203238648819  0.79817316948737493  0.81222442286628871  0.83008299264114549
  0.85131492475190862  0.87761693638175320  0.91612838486008208  1.00000000000000000
   3.0567592824829351E-012  -1.0000000000000000     
 F F F F F F F F F F F F F F F F F F F F F F F F F F F F F F F F F F F F F F F F F F F F F F F F F F F F F F F F F F F F F F F F F F F F F F F F F F F F F F F F F F F F F F F F F F F F F F F F F F F F F F F F F F F F F F F F F F F F F F F F F F F F F F F F
  <DiscreteSampler_grid>
  grouped_processes
  1 # 1 for a reference and 2 for a running grid.
  10 # Attribute 'min_bin_probing_points' of the grid.
  1 # Attribute 'grid_mode' of the grid. 1=='default',2=='initialization'
  0.0000000000000000 # Attribute 'small_contrib_threshold' of the grid.
  0.5000000000000000 # Attribute 'damping_power' of the grid.
 # binID   n_entries weight   weight_sqr   abs_weight
    91   10   1.375613911860661E-004   7.956786413535558E-008   1.375613911860661E-004
    178   10   1.375613911860660E-004   7.956786413535557E-008   1.375613911860660E-004
    277   10   1.445674896928647E-004   7.933362706267608E-008   1.445674896928647E-004
  </DiscreteSampler_grid>
