 -0.00333111689687490  0.01314345839423270  0.02577555282102131  0.03719825506694993
  0.04844115134954978  0.05944383674009192  0.07030379935377706  0.08119134569717547
  0.09230463863398687  0.10345969016133055  0.11453738799846232  0.12548863048705147
  0.13635674821311752  0.14696748815216923  0.15694462055255701  0.16620331036955580
  0.17502146578220970  0.18393332731415701  0.19331743830133985  0.20282965759719948
  0.21228144107408367  0.22215532750603650  0.23277947976534979  0.24468187990213805
  0.25572058263096198  0.26596789521349290  0.27603567992347072  0.28617605296244780
  0.29652786598161435  0.30713836225866648  0.31825969230822365  0.32945662523220737
  0.33994410325985658  0.34983047672787165  0.35933639226216674  0.36848799341275290
  0.37761239710347516  0.38703506386972619  0.39710889688721679  0.40738350258069517
  0.41731586069321658  0.42674866887713320  0.43619504352119004  0.44560442926463606
  0.45487319413247462  0.46389825743565782  0.47336019420998049  0.48306030794499416
  0.49294433273267318  0.50285642256483942  0.51281197872086037  0.52254826661535003
  0.53187256145254014  0.54109732009680012  0.55105572686279325  0.56110387596583566
  0.57109299287853221  0.58107221090728067  0.59158036933579050  0.60192483744265546
  0.61175585414852540  0.62185770867571255  0.63182569261704391  0.64179436203112883
  0.65170624142226430  0.66174085281580430  0.67216627591875455  0.68274254381642108
  0.69376107851163382  0.70531763427522498  0.71723280248146848  0.72841328329224908
  0.73921189964819978  0.74962211801776091  0.75969034327649276  0.76998524492384901
  0.78017007513310666  0.79057795937538267  0.80095948138516593  0.81152419136520237
  0.82199345599985618  0.83257419569807201  0.84318804162091310  0.85361934507150805
  0.86358777886981841  0.87348523797562494  0.88353066168776917  0.89364361671949977
  0.90414070800980628  0.91507005154951337  0.92631060510008123  0.93800042223749558
  0.95085668806777690  0.96442455306872232  0.98065601385566137  1.00000000000000000
 -0.00509574318656291  0.02450755998617396  0.04190393458489256  0.05553839970757055
  0.06781587901709218  0.07904892273211539  0.08932061742919777  0.09929218767723956
  0.10943035272177096  0.11912235218412223  0.12849685190434471  0.13828222619409647
  0.14840711049689551  0.15826545975428807  0.16778268773657345  0.17700659989205275
  0.18624859484072989  0.19516804628616000  0.20418039840303356  0.21388742029651669
  0.22402661256970258  0.23363098270412921  0.24341618846442020  0.25382455957991112
  0.26481771284290739  0.27561308121587597  0.28603536689415943  0.29643037816322748
  0.30684965487951732  0.31744236516225316  0.32835395480407281  0.33894139597790945
  0.34900858147125197  0.35889875546034689  0.36827124272999567  0.37785376856171821
  0.38737161575880408  0.39661176768582945  0.40576287372210867  0.41495221468505383
  0.42546629628241539  0.43589857686961986  0.44518476999004825  0.45409059049559708
  0.46339507164140709  0.47251182386347190  0.48193388604849757  0.49101363294788947
  0.50033991944899925  0.51014938459859172  0.52017857401857748  0.53076789505456479
  0.54148011928401263  0.55176602126340535  0.56226875745001392  0.57309432903817048
  0.58388052776155697  0.59413982648748331  0.60414579387897704  0.61484697415343448
  0.62545182498194030  0.63549233833909380  0.64530580918121405  0.65559512347782078
  0.66571254473733910  0.67574138524351290  0.68574338698023329  0.69626566050195215
  0.70670508524728470  0.71663645100881868  0.72633457645303523  0.73589515069693723
  0.74545806443970275  0.75498757252487736  0.76503642742752920  0.77492264760108942
  0.78551343198884149  0.79610311810760881  0.80740062994047412  0.81842425028781463
  0.82948826459123159  0.83976461638675204  0.84997672530470814  0.86037980760767285
  0.87104645311252116  0.88198030067369759  0.89315281867433505  0.90437175529457980
  0.91545059107959714  0.92622731640869282  0.93674465739195589  0.94720973778766704
  0.95812388997548681  0.97009934938855658  0.98394100605277190  1.00000000000000000
 -0.00007952351905906  0.00118728389082389  0.00175247572851264  0.00212772498567174
  0.00245393491140069  0.00273875864535603  0.00299905101317041  0.00324273038522415
  0.00347545746293760  0.00369994077220440  0.00391534272846149  0.00412658210321998
  0.00433091454242684  0.00452169401512404  0.00470060328988029  0.00487668227500768
  0.00504935001067460  0.00522325508351819  0.00539027310485270  0.00555092529535565
  0.00570863556463889  0.00586597703589311  0.00602231907825310  0.00617330073240702
  0.00632770895921360  0.00647569914621100  0.00662254700603728  0.00676671682091623
  0.00691107757283196  0.00705863588193907  0.00721033501491986  0.00736564440739535
  0.00752238502036273  0.00767712693823369  0.00783080737994038  0.00798655473167743
  0.00814606527459726  0.00830873791589692  0.00847379287040813  0.00864112519138698
  0.00881081708493783  0.00898725520983651  0.00916067830309371  0.00934166709554326
  0.00953750140821553  0.00974210763908115  0.00995010780778095  0.01015648463652884
  0.01036509838672997  0.01057923039975576  0.01079231346042233  0.01101336558382344
  0.01126770106882382  0.01152128334282531  0.01178492803655919  0.01205595878974441
  0.01232342706558649  0.01259725837164038  0.01289507457611497  0.01321539970607018
  0.01354524160294553  0.01388117265988910  0.01422449258861309  0.01458085233483869
  0.01495935522133257  0.01536379337723418  0.01578480935749699  0.01620620673348375
  0.01665026373409794  0.01713860987701735  0.01767207766715958  0.01825601643620962
  0.01885374926188696  0.01944142143895871  0.02008498461277577  0.02078877852056304
  0.02154041089127645  0.02233093004263966  0.02318133543468245  0.02412513307036862
  0.02512701143080667  0.02617439502982221  0.02737858613386435  0.02882115061048779
  0.03041706058113103  0.03218026237742210  0.03416607569758617  0.03651733903214404
  0.03946231085408714  0.04296151404066383  0.04707436406392548  0.05211476627381423
  0.05909844609743534  0.07096965750809162  0.27789162719517690  1.00000000000000000
 -0.00215693239258491  0.00933912461595873  0.01915109553555495  0.02942326588713009
  0.03924136346663273  0.04958348385566146  0.06014642594656052  0.07072607618728020
  0.08120372044195226  0.09158928269828824  0.10226171184372500  0.11290535763782480
  0.12371035278110167  0.13415716708508033  0.14461208164635569  0.15520634328183827
  0.16580814284196030  0.17579135459774523  0.18555292939347906  0.19556809017282489
  0.20561727103305502  0.21557860233678000  0.22554514136775369  0.23586215597458957
  0.24720506227338035  0.25812725476226939  0.26915215578923968  0.27988291494709416
  0.29013344026366483  0.30001462998731743  0.30971286687106669  0.31946608570461232
  0.32895253198082730  0.33851333256110289  0.34843926872714914  0.35923247818262333
  0.37106849930862429  0.38270621127650351  0.39413901811323027  0.40539504000893078
  0.41659954421128176  0.42762587766417348  0.43861726886499569  0.44932117332567273
  0.45985117983379492  0.47024136883467321  0.48012166922921612  0.49039249828354287
  0.50026332131770468  0.51041922409897544  0.51974411993989433  0.52955329112163008
  0.53955140721386519  0.54971299365594617  0.56039069862069291  0.57165816904128797
  0.58330679170374811  0.59441797209126701  0.60495719618185972  0.61499755474156415
  0.62507934205383819  0.63531207381829691  0.64584993155278381  0.65540295928120962
  0.66515113392417113  0.67479686992224774  0.68471283201151689  0.69449507055501836
  0.70453087587171559  0.71574135591288091  0.72799605009470958  0.73979508317170362
  0.75111814368378393  0.76216457902095969  0.77312824843828221  0.78452670218856424
  0.79566686604120984  0.80666500996713442  0.81812226170106528  0.83004450619892289
  0.84110196137759796  0.85141598387588813  0.86184815699070694  0.87218458462887005
  0.88240442226229143  0.89233892528434189  0.90254003208888856  0.91293437778233788
  0.92408110138935073  0.93578921797839842  0.94682347817186197  0.95736395583369027
  0.96813001425927014  0.97899181834070592  0.98959857057222356  1.00000000000000000
 -0.00215320613548301  0.00905794526611857  0.01918242950533594  0.03003823550912546
  0.04064718893131078  0.05058580904088309  0.06006233310008297  0.06942994574015131
  0.07896343790578737  0.08942827946059012  0.10025992968064354  0.11105600487180120
  0.12096719088959280  0.13032756071734608  0.13977031582980409  0.14970453233303929
  0.16030056367280790  0.17092938264702381  0.18161587854417019  0.19166227035614869
  0.20242002878119769  0.21279300085627062  0.22419959132253450  0.23484997590463522
  0.24478721571474196  0.25438962368697382  0.26421389201261047  0.27424762015838750
  0.28442113306403161  0.29465870849355386  0.30536846637136628  0.31638045149126859
  0.32788849748330801  0.33933538419329479  0.35006135044414333  0.36037559882330783
  0.37106747328362144  0.38223156585843382  0.39420942966721495  0.40545179133875475
  0.41705739465800262  0.42766491696214215  0.43810742761783944  0.44839200973179061
  0.45851097103433897  0.46839043010200787  0.47878303718023502  0.48983934553599429
  0.50134254622156293  0.51220046396152796  0.52329756096957514  0.53489302300791564
  0.54666010345576344  0.55815620918344777  0.56927571287982404  0.57989180080941249
  0.59158741241033597  0.60346756326589279  0.61456544800522828  0.62492221734308129
  0.63489457580165187  0.64467960706476002  0.65419285531656823  0.66350804139543074
  0.67326932932064754  0.68310819573106119  0.69305138208459949  0.70290841059378262
  0.71329756484378326  0.72384814002535836  0.73519498168495112  0.74630970208914837
  0.75754777103374615  0.76850154442036100  0.77978732709115561  0.79053833109439853
  0.80075781974013782  0.81107900685289414  0.82197828302178377  0.83343562832538676
  0.84425809117161843  0.85499721955128483  0.86571697972960793  0.87654066656148233
  0.88777576538353531  0.89900281525039827  0.90974305990951354  0.91979896076838041
  0.92972856634405687  0.94006114773381888  0.95054014795793795  0.96087537846920335
  0.97051141168214294  0.97996755616509645  0.98981870224878499  1.00000000000000000
 -0.00300667146189016  0.01111544054131961  0.02267945312004948  0.03457093200193725
  0.04583996704594627  0.05706553227074310  0.06827334646031880  0.07940321420011558
  0.08975141737871861  0.10017684631982447  0.11018643674872985  0.12034796365677317
  0.12985214397982905  0.13969898992863719  0.14965923680484736  0.15963763125584060
  0.16964081704267281  0.17942798507549576  0.18889886274606602  0.19926191602921903
  0.20981297091126833  0.22100262096313353  0.23186977469698061  0.24362755087914842
  0.25435278095813890  0.26477698888894252  0.27528954214638413  0.28643847781237358
  0.29795891330450958  0.30903245819505154  0.32021111577502170  0.33113476612013704
  0.34124727107592240  0.35136901043561258  0.36194180537465542  0.37299174504397997
  0.38390577203015602  0.39443517025011554  0.40582577573936340  0.41780589449720557
  0.42982771058371516  0.44128034127571514  0.45260812921784299  0.46375399325880201
  0.47531438306921753  0.48729636740580201  0.49986598702498747  0.51220091412864610
  0.52335660712406473  0.53342542445364038  0.54307912233171207  0.55291481395094244
  0.56302877519923467  0.57355508655554543  0.58434010997705310  0.59508871747189662
  0.60534697078597466  0.61476890872608703  0.62392078395214867  0.63310010428112562
  0.64248134679528224  0.65201738418219224  0.66174722629135063  0.67197925427688676
  0.68271698674766235  0.69339386880505993  0.70405638698614936  0.71414014720895225
  0.72446720892533223  0.73468673758023229  0.74497748609978431  0.75531498418030640
  0.76559198529678230  0.77555808081665889  0.78537009026901361  0.79513366470187974
  0.80537835199255270  0.81608275438503941  0.82680768164603358  0.83749232592930356
  0.84769726485280739  0.85758828213786276  0.86708370416594904  0.87671589302483421
  0.88668052006791920  0.89681714551886449  0.90716671237212132  0.91768693018306080
  0.92879116741153855  0.93926170118547470  0.94948616724664758  0.95935101175634852
  0.97006461650917108  0.98026832222830274  0.99053678562310532  1.00000000000000000
 -0.00258293595185068  0.00949073529843361  0.02008816617408186  0.03080141512494388
  0.04208116265677884  0.05396460196587953  0.06509282061944940  0.07560467150696856
  0.08605713467588397  0.09609972156346051  0.10588657384121551  0.11530235728133555
  0.12520375486448879  0.13560104667623438  0.14623245836213491  0.15653679646233060
  0.16670743773267560  0.17716731557326904  0.18856664342511281  0.20000232686790112
  0.21132664937448767  0.22287686526423903  0.23338350633767743  0.24365447174125801
  0.25377280012120784  0.26445931954187712  0.27537644495890146  0.28623395528591217
  0.29655480986549482  0.30633958991450538  0.31601952507402675  0.32576448553931764
  0.33574168313610547  0.34580602378913788  0.35567960603313520  0.36582722222467312
  0.37599086731613945  0.38686711016200570  0.39793400618471825  0.40978300986031208
  0.42097228275489534  0.43139026065894776  0.44181407709938236  0.45266052400831480
  0.46361765667663829  0.47481729801871747  0.48617552175768103  0.49750022442178937
  0.50846489749225987  0.51944970609472818  0.53082814133136802  0.54256619105370674
  0.55447601744333574  0.56600145887815401  0.57679974584804172  0.58677820269457204
  0.59614498046143538  0.60566243513530849  0.61536923503741137  0.62540323556164779
  0.63573714266584747  0.64639030625153504  0.65726163325073750  0.66819739497264796
  0.67913283555670889  0.68996759502798899  0.70060786194484170  0.71112988439467295
  0.72190588386730969  0.73277181834261984  0.74410902982374871  0.75575264388267382
  0.76669228498013275  0.77698938490993263  0.78693165953349153  0.79713785326532682
  0.80778422638355796  0.81866629945281488  0.82965433897591667  0.84015651248792511
  0.85043803019420694  0.86101463982950499  0.87150409838489851  0.88137712350396868
  0.89088486335920680  0.90057637854538464  0.91037095171345417  0.92011565114728100
  0.92976798951401773  0.93944228769797145  0.94935272707929452  0.95954996839906626
  0.96958188828488379  0.97952131598284053  0.98963185589105240  1.00000000000000000
 -0.00229786127821859  0.00999767643455452  0.02018339017938137  0.03071312851753591
  0.04085708680067507  0.05220160410012314  0.06335199702135980  0.07430332033294132
  0.08505323167167819  0.09583371036173682  0.10626616919914814  0.11620086177636496
  0.12598280480207524  0.13549714857501746  0.14500823717477737  0.15468928559976308
  0.16417825042217726  0.17317081307259388  0.18193305183212838  0.19155092252425440
  0.20235218386809703  0.21291704897740249  0.22372170363682437  0.23480827162739082
  0.24673797626583333  0.25754037678089114  0.26862899978537924  0.28062643083197586
  0.29300587989193611  0.30456435742568022  0.31582837617296183  0.32693603957566247
  0.33798119309433300  0.34812707059563275  0.35869874813617453  0.36872745547395158
  0.37868868864683336  0.38853570678449040  0.39896974710294553  0.40902911698333067
  0.41875536194131668  0.42845555510114425  0.43872082426079273  0.44969898850254658
  0.46034298777095012  0.47082714321212543  0.48176215530433653  0.49399358006024091
  0.50584291370440160  0.51676957626192177  0.52921526864761359  0.54167358948297106
  0.55354334540356087  0.56481097314952200  0.57570462597894201  0.58635097901942035
  0.59705063152163318  0.60814169276039431  0.61918097634716596  0.62971009555980084
  0.64037854883678036  0.65199545509131118  0.66415407437682361  0.67594439135155471
  0.68726306776047741  0.69844640301563898  0.70920466052840214  0.71894575932680094
  0.72811225914410482  0.73718021871479333  0.74631304686855238  0.75535858676820244
  0.76433925313942741  0.77355420188688173  0.78307616115275835  0.79254501109241415
  0.80199929603126641  0.81158461587632913  0.82146346696286288  0.83105223707874043
  0.84111331157548375  0.85161531365621190  0.86215653242454537  0.87295820295549442
  0.88355686709223324  0.89447511598554852  0.90513828659678264  0.91563860486654935
  0.92585803763172225  0.93594369929278043  0.94607910150685326  0.95619864030779589
  0.96632590407338315  0.97698541282330587  0.98831110226389018  1.00000000000000000
 -0.01304122918591103  0.11716058428215265  0.17573398792265299  0.20623981492717142
  0.22469062448145555  0.23673720613198654  0.24607543166826384  0.25417227729076586
  0.26118203597362588  0.26767561605105139  0.27363818214575408  0.27927451058902558
  0.28474209227346137  0.29000877396032293  0.29496630761329667  0.29939082927714372
  0.30397408694223410  0.30872488052102337  0.31344064383873982  0.31809661729744149
  0.32274242775291551  0.32725412121366609  0.33163058086225716  0.33593205276880789
  0.34016635161474335  0.34433544325782206  0.34850883602454746  0.35259939588340972
  0.35684988704396381  0.36112936061020429  0.36547264296791598  0.36979027804144554
  0.37402499992744104  0.37819893228963991  0.38235457393814198  0.38652877715135792
  0.39090110399701528  0.39520505661861771  0.39960291802993020  0.40401839790503130
  0.40842521232033197  0.41292574350644362  0.41747812069390944  0.42206878634133371
  0.42666331304492605  0.43105528173380780  0.43544160432046380  0.43988934815871533
  0.44442418389768257  0.44912639012621580  0.45384329341576762  0.45861613607477347
  0.46332962982310411  0.46807640233908732  0.47287431095713939  0.47781090621233363
  0.48285817251157331  0.48791451164743488  0.49301120702942913  0.49818866079561541
  0.50367071673737940  0.50936139390625246  0.51503281096412046  0.52068296882808007
  0.52642386896591031  0.53241991815557965  0.53850484941546661  0.54472461023050300
  0.55121214369994675  0.55742720917451472  0.56371824507968660  0.56986706951968824
  0.57631749585873293  0.58310463679149871  0.59018413098545153  0.59732788167799322
  0.60454421260570601  0.61181917110909201  0.61923508009730566  0.62700149050842768
  0.63516626259512843  0.64355560940529144  0.65234233919737716  0.66171798323901476
  0.67197410942070313  0.68297899996204792  0.69477461532688989  0.70706821475381354
  0.72020840724744195  0.73527596640439341  0.75263007056223197  0.77156299997937028
  0.79354515740244702  0.82252388174046431  0.86537673316256403  1.00000000000000000
 -0.01748056749004485  0.13294273102044099  0.17697859699977833  0.20317810028262320
  0.22421119100849293  0.24091469153607137  0.25500772840822578  0.26707927061563191
  0.27806996965655451  0.28825840361781496  0.29764264923804840  0.30612458806569304
  0.31405750204901223  0.32138106976134928  0.32841872360348440  0.33531327220172108
  0.34201947317547027  0.34858972691828261  0.35514780857435840  0.36148373225820890
  0.36769393503911313  0.37385306478111285  0.37978970962458819  0.38555095529019617
  0.39107803539256170  0.39657007725790938  0.40207219994375126  0.40755828065633570
  0.41303781980788279  0.41839337347049571  0.42357000225116237  0.42873361882953459
  0.43389186129426144  0.43883834932840360  0.44374050677207566  0.44849911811721882
  0.45313841260459270  0.45766359706593190  0.46203633516558246  0.46634561978490219
  0.47079835719566349  0.47530027759352539  0.47971360246162065  0.48412465170397317
  0.48865686400918290  0.49324733605408955  0.49786532056213889  0.50231769287191419
  0.50656101878774562  0.51071375263522090  0.51480056606274716  0.51895044501681065
  0.52311413176868715  0.52755921087555391  0.53191684507341919  0.53628746141323169
  0.54072340923712869  0.54504159821077336  0.54940132496255623  0.55387344309923114
  0.55840267991244807  0.56286553610490375  0.56722589346145846  0.57153586268181367
  0.57588476708809500  0.58045689497235520  0.58508588090606628  0.58978457624136349
  0.59453176005858854  0.59952339559639878  0.60462915569079112  0.60982153629919400
  0.61487129196062740  0.61994733385061385  0.62530121347261580  0.63102350333677559
  0.63706815134210326  0.64332404135354859  0.64982021937289702  0.65635925581039001
  0.66298491938636483  0.67001938475331546  0.67762752382023073  0.68572663492869967
  0.69405785842557299  0.70280915415682033  0.71263674454720449  0.72358897613977968
  0.73525048271149840  0.74776308513246104  0.76172219847752820  0.77784867211171438
  0.79754112613568995  0.82325075790905566  0.86830942509602638  1.00000000000000000
   1.9412031733415573E-008  -1.0000000000000000     
 F F F F F F F F F F F F F F F F F F F F F F F F F F F F F F F F F F F F F F F F F F F F F F F F F F F F F F F F F F F F F F F F F F F F F F F F F F F F F F F F F F F F F F F F F F F F F F F F F F F F F F F F F F F F F F F F F F F F F F F F F F F F F F F F
  <DiscreteSampler_grid>
  grouped_processes
  1 # 1 for a reference and 2 for a running grid.
  10 # Attribute 'min_bin_probing_points' of the grid.
  1 # Attribute 'grid_mode' of the grid. 1=='default',2=='initialization'
  0.0000000000000000 # Attribute 'small_contrib_threshold' of the grid.
  0.5000000000000000 # Attribute 'damping_power' of the grid.
 # binID   n_entries weight   weight_sqr   abs_weight
    13   10   9.031048731163875E+000   2.557233483821685E+002   9.031048731163875E+000
    22   10   8.965258329094445E+000   2.536876775218659E+002   8.965258329094445E+000
  </DiscreteSampler_grid>
