 -0.00174593850777145  0.00274113720241757  0.00748184605518277  0.01293552994182913
  0.02061421267339301  0.03027452393387260  0.03972961750694115  0.04960626409522300
  0.05961392134328366  0.06958684046591258  0.07960479617006817  0.09010832743592911
  0.10128937366663233  0.11229946360161475  0.12276678585689309  0.13291846902575630
  0.14353967049322663  0.15399258748072389  0.16379738643845038  0.17294287286432494
  0.18204056436891333  0.19154345483480975  0.20110700452289088  0.21087873906309970
  0.22202468483085830  0.23369178547105576  0.24610623623528735  0.25823460696327361
  0.26891384109122973  0.28005175814791072  0.29009426662418480  0.30106289547932125
  0.31235639053069575  0.32485858426493242  0.33709706720345822  0.34879031383733428
  0.35999565755382990  0.37085102242430401  0.38171422476425554  0.39266319943369538
  0.40378772660172818  0.41477942752505242  0.42597861690077082  0.43672355449683242
  0.44742459913098881  0.45843912887227356  0.46945513504732950  0.48026960053520801
  0.49063508524342231  0.50124919006240987  0.51274699922069134  0.52476385316578356
  0.53731502246503604  0.54692824063404577  0.55532294792948345  0.56388655136305621
  0.57236646639834587  0.58335507731205127  0.59591347559695818  0.60775711840538438
  0.61873192195540649  0.62944797127444863  0.64010728485743862  0.65052440028846714
  0.66168694811537287  0.67351505049641103  0.68625509450788080  0.69715855547640726
  0.70756450821016059  0.71733200586416679  0.72723152781992106  0.73702671022563027
  0.74653248494255475  0.75651288038612907  0.76593447507426182  0.77559175073517372
  0.78547358856261440  0.79549015189537131  0.80678598049676076  0.81730752247121030
  0.82878453217372705  0.83969234067269749  0.85053757451307022  0.86168271795846130
  0.87268111005617854  0.88308605324969280  0.89339789147050319  0.90361223275241420
  0.91326001484194208  0.92326111278933320  0.93368927056954987  0.94541650001657440
  0.95749929017366120  0.96999896369805505  0.98430700805602134  1.00000000000000000
  0.00094398542223376  0.00097674561356425  0.00100064840763357  0.00102455120170289
  0.00104845399577221  0.00107235678984153  0.00109625958391085  0.00113198630007501
  0.00117063767971712  0.00120928905935923  0.00124794043900134  0.00128659181864345
  0.00132511975857498  0.00136349245666699  0.00140186515475901  0.00144023785285102
  0.00147861055094304  0.00151831158739046  0.00157148988021487  0.00162466817303927
  0.00186922268128353  0.00191879442880556  0.00194589519999311  0.00197224126330801
  0.00199223038619099  0.00201391999918993  0.00203630042424846  0.00206311364170528
  0.00209565899121501  0.00213055848862663  0.00219784170050651  0.00254809883339818
  0.00289090364708238  0.00308660528762181  0.00322209204131700  0.00336297827555096
  0.00356241961307602  0.00394038839053263  0.00469840402775520  0.00533897185572762
  0.00604054883489994  0.00687618090114552  0.00765418311406386  0.00830642466000324
  0.00890043309890785  0.00946607383738633  0.01001740794312598  0.01054271518450870
  0.01105083846322714  0.01156427746132866  0.01210449384232737  0.01265497874931090
  0.01321909667743648  0.01379254757165357  0.01437766019449260  0.01497937727183803
  0.01559649467850676  0.01629117335549391  0.01696546350677640  0.01764876291270520
  0.01836724574138640  0.01918896988144496  0.02008351707321014  0.02100567316371997
  0.02195871351805856  0.02299317462215493  0.02408972458926903  0.02522826940343366
  0.02649352753841914  0.02794059084203651  0.02935422510823989  0.03070042529129509
  0.03208213504718063  0.03355732989952475  0.03519858295491288  0.03690239820485127
  0.03845202995312822  0.03970762820473295  0.04103686769874448  0.04252556638471194
  0.04439850435333132  0.04661702675185842  0.04933133113316750  0.05228194548595185
  0.05518077959304943  0.05855124208637731  0.06362103046352531  0.06863627893721887
  0.07401785714621499  0.07998249787820819  0.09012030188066178  0.10491150315295235
  0.11847528089644908  0.14023032198922603  0.18252580100735663  1.00000000000000000
  0.00000088202872556  0.00000092322840181  0.00000094605741764  0.00000097639659686
  0.00000100293318293  0.00000102795859019  0.00000105614218011  0.00000107926902972
  0.00000111380570847  0.00000115603885382  0.00000120408394588  0.00000126145444525
  0.00000132721166991  0.00000140980803033  0.00000146652460699  0.00000150796725734
  0.00000155071314747  0.00000159629496185  0.00000164187677622  0.00000169445688708
  0.00000174793898719  0.00000183492529703  0.00000196779028195  0.00000210969387144
  0.00000224280063404  0.00000238476326243  0.00000254210677740  0.00000272593235328
  0.00000299260971794  0.00000331664694857  0.00000374879078276  0.00000422804614725
  0.00000476730601855  0.00000539739202591  0.00000611823945357  0.00000698005933346
  0.00000810766678105  0.00000957218451032  0.00001127601021991  0.00001317169926785
  0.00001530667781907  0.00001779451860579  0.00002090127151223  0.00002460190600947
  0.00002853867075699  0.00003296950388620  0.00003829261501454  0.00004482116268608
  0.00005275830335102  0.00006248615898773  0.00007501604737491  0.00008941001181664
  0.00010535545457660  0.00012377497054427  0.00014740733159941  0.00017370657320422
  0.00020258158643734  0.00023323014781270  0.00027221856078772  0.00032038665034274
  0.00038161869766310  0.00044987996007582  0.00052723854800323  0.00062706698722627
  0.00074957066148423  0.00090178865902453  0.00101597907770477  0.00113302872506950
  0.00126966821050660  0.00142437604580364  0.00160943020414276  0.00185286124155572
  0.00212241477240112  0.00245197431748751  0.00283012417969500  0.00327476600741284
  0.00378118380495556  0.00437372966016254  0.00509302987914125  0.00590496307423292
  0.00686313820952929  0.00800178462532440  0.00943475776156053  0.01120060371939131
  0.01327588401062367  0.01538161672438123  0.01785216277395809  0.02106178503248777
  0.02453408012511345  0.02750766371296201  0.03150868830294757  0.03668500330760709
  0.04942185343847254  0.06774516431304019  0.21932177766214261  1.00000000000000000
 -0.00305871154581828  0.01094023486385168  0.02382219141979102  0.03728303631448313
  0.05085351061760370  0.06397440259929355  0.07673525371055587  0.08949890990802298
  0.10173192836744838  0.11367629802021055  0.12511369155560126  0.13577589297326936
  0.14627525169612002  0.15694916374293874  0.16796828379840617  0.17802532589443229
  0.18766968040923143  0.19798425413260073  0.20736815009877826  0.22002597757702436
  0.23270350809388587  0.24529349897351707  0.25767542984132863  0.27060968058851220
  0.28411815961373860  0.29790950700302854  0.31116097401845483  0.32324854369014916
  0.33443212832338376  0.34487836785123338  0.35460549011607373  0.36419725372828021
  0.37421851534643236  0.38507236991160049  0.39688857901957320  0.40834050270757694
  0.41894358972069967  0.42804555484840612  0.43709783594128199  0.44670783782196699
  0.45749942181166864  0.46947213530380294  0.48229987032245936  0.49568914374103090
  0.50894609390019430  0.52179348724900831  0.53329701180854627  0.54232501741775674
  0.55054105954376309  0.55950815734213233  0.57055002100467334  0.58301826465840501
  0.59401984086882631  0.60436597009864945  0.61571059176144516  0.62724029846526574
  0.63761196775041240  0.64784670583842330  0.65878038338108291  0.67028264399044990
  0.67994542434180927  0.68899641428658553  0.69854665121819115  0.70873035091273429
  0.71876727299656085  0.72862193306300904  0.73843723062990219  0.74835654841640209
  0.75828529934622557  0.76858592092525801  0.77892827132228049  0.78919151086076833
  0.80077034737395203  0.81218700333959326  0.82297750046973017  0.83296361645598893
  0.84357381698570644  0.85432053547012132  0.86519084193615448  0.87574825039484039
  0.88300651503926342  0.89044187827540089  0.89740621834900525  0.90442990547529734
  0.91432963595818284  0.92309137541075914  0.93080519931386951  0.93858582262747559
  0.94780521869206735  0.95536437382722783  0.96244491244019825  0.96943534317253399
  0.97596172932242220  0.98217372546250226  0.99109782509617650  1.00000000000000000
 -0.00187186649225338  0.00797658291892768  0.01736371215202688  0.02784533450748947
  0.03888876714510989  0.04970855125538352  0.06066062454201399  0.07146481137233723
  0.08261365042551613  0.09358812204511185  0.10468710957565273  0.11575344658464015
  0.12677619207641197  0.13782322329208913  0.14935199628179630  0.16031422344299961
  0.17009544668234383  0.17877187702077274  0.18759653672858695  0.19766528862161067
  0.20891061378724660  0.21857481133034223  0.22823033882639765  0.23827525936709168
  0.24886147123108529  0.25944178217261626  0.27059408962531378  0.28249220544486114
  0.29394476595024699  0.30505116513231495  0.31654591991630965  0.32642550885126509
  0.33496010006724863  0.34408501076117970  0.35311899715579098  0.36304208779893654
  0.37492749025909566  0.38600024940182159  0.39714397539610397  0.40803437593578334
  0.41966285659382979  0.43040911627119821  0.44066922962148608  0.45061910734667010
  0.46060970632624232  0.46995641620961626  0.47916379439817730  0.48813648975541840
  0.49750069707760519  0.50738042744981060  0.51735900686512282  0.52914217866926760
  0.54193863781035068  0.55364660101533603  0.56378815019370765  0.57390504283958532
  0.58407809028122504  0.59329545902578451  0.60451337916651016  0.61606803283196987
  0.62846195627768764  0.64061925454448687  0.65279314206436501  0.66496916603906953
  0.67675039799626124  0.68753669681986906  0.69740676576999550  0.70711980562458110
  0.71680211026338647  0.72873770191304976  0.74089965708269379  0.75285886960996817
  0.76440405753031171  0.77601109565938742  0.78665764908863423  0.79466098263187535
  0.80205785312136302  0.80939697370409203  0.81664332371374848  0.82459503947531254
  0.83582841948042841  0.84602051384489596  0.85565268893663848  0.86506632987550924
  0.87471817584649714  0.88494317242872444  0.89549265145277079  0.90614482257438156
  0.91684586531432821  0.92853672522462172  0.94034517060038258  0.95200237931168863
  0.96334248727839422  0.97491852632184361  0.98689792572947455  1.00000000000000000
  0.00026292380496166  0.00722167038341362  0.01343189793192916  0.01926135145879031
  0.02502530704386851  0.03075326811768193  0.03673874672785792  0.04278718489895359
  0.04886730732469199  0.05491891044775438  0.06083875998173261  0.06698848786061337
  0.07361719680051633  0.08023890131296516  0.08716932658709514  0.09405581321428257
  0.10149481699272407  0.10931966571779667  0.11718099007121008  0.12466270048817532
  0.13207032758633677  0.13946913008858086  0.14688474048158237  0.15449807851105593
  0.16188271816812833  0.16942967109667320  0.17622557165306946  0.18407417285206842
  0.19158603818661279  0.19943811548532428  0.20680749729081160  0.21443201771034198
  0.22255292153224049  0.23088053788007962  0.23910538157494088  0.24732824939600898
  0.25568270505336926  0.26396358750174892  0.27190627250121047  0.27969746435902260
  0.28784609912540049  0.29707089179594337  0.30781305658898189  0.31914657075434955
  0.33056091139566374  0.34188601435209609  0.35330230586675065  0.36451887109927383
  0.37570440820556672  0.38629479696152913  0.39646636982357319  0.40676469304923418
  0.41780325764217158  0.42935567422006993  0.43954271085671670  0.44989047644698082
  0.46040404894296333  0.47251013630487243  0.48490415387201974  0.49779690858186193
  0.51194640063963104  0.52619685418335205  0.53998023596403522  0.55207004938775184
  0.56057933796126858  0.56865673265027972  0.57644811128029250  0.58567224194614020
  0.59567644697176259  0.60667193851301404  0.61931870617239493  0.63363812024522925
  0.64834949109022100  0.66304487876878915  0.67758285714463418  0.69262742946274658
  0.70867854176273493  0.72606813068825438  0.74481143427435270  0.76224644793170870
  0.77745462859059411  0.79195513359581871  0.80406862204550489  0.81576312925052286
  0.83094314133365854  0.84665079926467879  0.86388353481357372  0.87940934250587621
  0.88822641702385130  0.89634843154501032  0.90519191901583662  0.91676455975568538
  0.93818711663667609  0.95812351556128905  0.97766789434978640  1.00000000000000000
 -0.00349229357314544  0.01321949925588660  0.02623586460976431  0.03917583904515329
  0.05277993146110792  0.06490956509434025  0.07421091843810773  0.08325341304699659
  0.09273634779756978  0.10305858861094400  0.11356004954460140  0.12455471727614360
  0.13661785240716554  0.14882640850205486  0.16056822069410653  0.17278320068859321
  0.18534317684617160  0.19721588104461688  0.20661895173962674  0.21463417973843607
  0.22235000572484667  0.22863157961296598  0.23736677999996722  0.24716480170289473
  0.25819910931132195  0.26963036351210817  0.28042403529155990  0.29143395216525303
  0.30174548536518719  0.31142925908005725  0.32194573087539274  0.33262553219666197
  0.34247936586931815  0.35275092100429256  0.36345032298432062  0.37341633500469762
  0.38266659471440817  0.39164771507209173  0.40090532427549697  0.41117247636055398
  0.42160083427709100  0.43207667174193459  0.44295554363914813  0.45519187975203662
  0.46717677892702875  0.47896603298024176  0.49090865065582773  0.50407116833849708
  0.51821416691318756  0.53398451954984216  0.54823153894824572  0.55921433169041523
  0.56889857789728193  0.57885932883907032  0.58908036351851700  0.59996366054554784
  0.61170840855352293  0.62344816625907007  0.63419417351755414  0.64207337262113517
  0.64789085764680032  0.65363463513469189  0.65956348902983664  0.66575817675760640
  0.67690570946650142  0.68833103051477784  0.69986225845064398  0.71099212563486680
  0.72172101435097102  0.73236607408837329  0.74346901264680609  0.75545665708586662
  0.76599000520485394  0.77562716589778880  0.78507350435601697  0.79395585913233047
  0.80396751109578457  0.81460574793066942  0.82526930129152698  0.83590865163640993
  0.84658283029206161  0.85748243410546465  0.86869038938337861  0.87985757781862128
  0.89070184399705910  0.90138183150955309  0.91232710829849661  0.92331938675307024
  0.93481337078764970  0.94519237753474561  0.95506978362546113  0.96502288384954071
  0.97442062900857207  0.98332768810003002  0.99168854091939784  1.00000000000000000
 -0.00186751674833068  0.00809555653596709  0.01716572713441151  0.02699486613863376
  0.03725184847228986  0.04840000078708027  0.06052845998089998  0.07370757334572217
  0.08767793098965501  0.10146084633900321  0.11432072748871305  0.12680226660776975
  0.13953549187933131  0.15221121626969811  0.16438550964229412  0.17552440821797247
  0.18607135309713604  0.19633109535173324  0.20702279026767811  0.21818963233374247
  0.22945116999633330  0.24115014911657179  0.25396809252359298  0.26791650383874555
  0.28001295039850493  0.29004531688210189  0.29874056828653467  0.30590028634617988
  0.31239021632754793  0.31891804185903916  0.32606159796821904  0.33588703030182981
  0.34698464667861589  0.35821113014349254  0.36934913075427028  0.38051082531885355
  0.39207286059763924  0.40477829690204037  0.41793544473444133  0.43050750269264471
  0.44208286711140643  0.45343251839388243  0.46520132471694442  0.47669787138371017
  0.48811144771215248  0.49913537607711572  0.51165665037587660  0.52473602222948512
  0.53734040988858101  0.54870708483528907  0.55915972975427930  0.56930770287909471
  0.57768346644808377  0.58403554847242567  0.59080199707888204  0.59753262892446379
  0.60381728635284326  0.61178577322384764  0.62078080739716912  0.63035933101779040
  0.64053216648272826  0.65017786965583069  0.65955644625615950  0.66925306924579064
  0.67939985057514951  0.68946865471894803  0.69926379161150598  0.70856373677791640
  0.71704033808141920  0.72488689556910191  0.73310452464589970  0.74046978327569879
  0.74733975623638704  0.75568598960885314  0.76515381960671658  0.77602136113302522
  0.78812727602249977  0.80016041713156350  0.81220777425118318  0.82486345328378730
  0.83662561018943760  0.84694222202436509  0.85749197243523523  0.86840309561380313
  0.87956172287160095  0.88974424023751475  0.89916248917834662  0.90973718153973238
  0.92122684787606601  0.93358140182392124  0.94563087403739288  0.95681911242809570
  0.96756910248632533  0.97806240178177539  0.98901975351034510  1.00000000000000000
 -0.00393708067840267  0.01241443434003579  0.02816853367525259  0.04439781910327632
  0.05761399543862456  0.06788575219054065  0.07725125387853897  0.08598319965866254
  0.09312691616825908  0.09948287810768307  0.14506166054913244  0.19329212126880979
  0.20760251624738807  0.22700538319786814  0.28657804341084220  0.32909804631007622
  0.35995524060237077  0.38067353108098811  0.39869247377156097  0.41779523394793361
  0.44646512385977305  0.47014817222479111  0.48954153167416331  0.50694024434237506
  0.52158911948750641  0.53590864908544877  0.54915580729925817  0.56593397485244279
  0.58098450909318111  0.59466494097889722  0.60734456122013247  0.61985833489799935
  0.63221535157048792  0.64388372316253040  0.65425477009840560  0.66348436609106431
  0.67246119596970977  0.68149468771660437  0.69068301728260251  0.69968412992226103
  0.70833325518532420  0.71678655364777644  0.72510488238533577  0.73268196914129013
  0.73974135304064659  0.74656373457125080  0.75334736498653521  0.76022230221850418
  0.76688505675511964  0.77362262377730917  0.78026461393860458  0.78728583756337656
  0.79342005245239411  0.79903144453287145  0.80432910855286499  0.80946504370260597
  0.81459128501999734  0.81985560144641945  0.82526992305188929  0.83046748033348672
  0.83541870948420560  0.83976521649825975  0.84425130392465775  0.84858713142838482
  0.85284104269126593  0.85721662729424530  0.86155790531611820  0.86551541404052745
  0.86978785160563599  0.87423698890484769  0.87834400660475564  0.88234316079161423
  0.88655724724564511  0.89075225839471950  0.89511143575900198  0.89954743456453412
  0.90389807450431292  0.90820591543169982  0.91231248334599357  0.91623750302405027
  0.92005208469120725  0.92378379963271273  0.92749507379677187  0.93128480981306927
  0.93511479541265130  0.93911706753626945  0.94324229592657638  0.94736654422019362
  0.95150529275878359  0.95570814272905358  0.96062426734270734  0.96574188425317831
  0.97123925241475617  0.97742420688493381  0.98619358382670630  1.00000000000000000
 -0.01591786042690653  0.09137375233462611  0.13094712210079160  0.15595792847938228
  0.17606081797631767  0.19370110468566429  0.20867548927069934  0.22144205073448858
  0.23225766332778164  0.24187627120410354  0.25130467322712458  0.26119218171607794
  0.27107005071874180  0.27997988795499296  0.28790586153886355  0.29491141645875923
  0.30137743586017718  0.30848422695878902  0.31610205418408066  0.32394695544903351
  0.33169544235572385  0.33915941493719637  0.34645670056986061  0.35372249250210908
  0.36113295550113916  0.36902371159486064  0.37581919110234785  0.38175074612578241
  0.38717779466770630  0.39257344624420409  0.39815988362585109  0.40403660402710073
  0.41022343885371293  0.41643440098668316  0.42232390708527612  0.42808209894180266
  0.43414309786405392  0.44023315460528228  0.44680668551641428  0.45314240334513994
  0.45917486004057517  0.46540220663743964  0.47154940842328791  0.47837119978062459
  0.48439423391022901  0.48978329897445594  0.49485576306554296  0.49989094225034253
  0.50592054272492781  0.51284416478307648  0.51974317203706610  0.52580569383736120
  0.53140158179703523  0.53709445032441061  0.54087869233120289  0.54477260343484890
  0.54882672207687988  0.55413111812250415  0.56034444429957375  0.56772472209221791
  0.57505209640833144  0.58202773791612505  0.58832667384270299  0.59385110420467446
  0.59930600551573032  0.60500749349007910  0.61137116607464548  0.61840711176826679
  0.62565268810407371  0.63297441575990565  0.64022858364291990  0.64757784922630812
  0.65507538218054406  0.66275915452187617  0.67107450740542207  0.68001494744162871
  0.68926754973876214  0.69737844203154009  0.70421973729178255  0.71122175049812575
  0.71833443389523677  0.72713008595652051  0.73644191619430555  0.74603398309398772
  0.75625931931618617  0.76697664114686293  0.77784924919637199  0.78952259016111892
  0.80111174709637634  0.81329767644730111  0.82639191909547838  0.84174825563319167
  0.86127679981336414  0.88746893911498459  0.92698206746578804  1.00000000000000000
   2.8994866372936758E-008  -1.0000000000000000     
 F F F F F F F F F F F F F F F F F F F F F F F F F F F F F F F F F F F F F F F F F F F F F F F F F F F F F F F F F F F F F F F F F F F F F F F F F F F F F F F F F F F F F F F F F F F F F F F F F F F F F F F F F F F F F F F F F F F F F F F F F F F F F F F F
  <DiscreteSampler_grid>
  grouped_processes
  1 # 1 for a reference and 2 for a running grid.
  10 # Attribute 'min_bin_probing_points' of the grid.
  1 # Attribute 'grid_mode' of the grid. 1=='default',2=='initialization'
  0.0000000000000000 # Attribute 'small_contrib_threshold' of the grid.
  0.5000000000000000 # Attribute 'damping_power' of the grid.
 # binID   n_entries weight   weight_sqr   abs_weight
    91   10   4.685545662771732E+001   2.057736506098200E+004   4.685545662771732E+001
    127   10   9.428567450395641E+001   8.343457831037445E+004   9.428567450395641E+001
    128   10   9.428567450394904E+001   8.343457831036094E+004   9.428567450394904E+001
    178   10   4.685545662771732E+001   2.057736506098201E+004   4.685545662771732E+001
    268   10   2.184197817483405E+001   3.909558015078879E+003   2.184197817483405E+001
    269   10   2.184197817483192E+001   3.909558015078033E+003   2.184197817483192E+001
    277   10   1.083162154583763E+001   9.637203723279151E+002   1.083162154583763E+001
    292   10   2.172205320367484E+001   3.904896647476124E+003   2.172205320367484E+001
    293   10   2.172205320367303E+001   3.904896647475402E+003   2.172205320367303E+001
    313   10   2.172205320367508E+001   3.904896647476221E+003   2.172205320367508E+001
    314   10   2.172205320367297E+001   3.904896647475380E+003   2.172205320367297E+001
    337   10   2.172205320367508E+001   3.904896647476223E+003   2.172205320367508E+001
    338   10   2.172205320367296E+001   3.904896647475377E+003   2.172205320367296E+001
  </DiscreteSampler_grid>
