 -0.00554994299251225  0.01703362440276159  0.03465331312815165  0.04842828263645831
  0.05965342658660743  0.07077872883911797  0.08205195820431113  0.09107322728013242
  0.09914893379303637  0.10732970004405339  0.11499390886433175  0.12250185207766022
  0.12925358040570578  0.13648739272555674  0.14491403659457844  0.15695724554158391
  0.16816194882452007  0.17965915647255445  0.18824262230294631  0.19552947849863581
  0.20321703459713017  0.21121173694192064  0.22045135315345532  0.23101026112770764
  0.24026564424253663  0.24841290709812014  0.25713310554354041  0.26665679271008635
  0.27570462365772180  0.28331830267753616  0.29069804676111405  0.29887383112761384
  0.30779310057224163  0.31545835738495687  0.32055405313166369  0.32616003668212801
  0.33202767629651653  0.33953049160118409  0.34820416427938161  0.35611815060128693
  0.36426881254492327  0.37463973976162712  0.38956359165403498  0.40589579077165600
  0.42037846317824351  0.43304791548239868  0.44455426372750612  0.45514192735974457
  0.46525338109437531  0.47446265759639650  0.48340974838639139  0.49249713543732615
  0.50199444855804953  0.51199880255555641  0.52418926371615404  0.54017432177092295
  0.55522631027784897  0.56801295691043985  0.57912193403438073  0.58827991852603867
  0.59529730553816562  0.60281570522950745  0.61108254132340034  0.62040609357164789
  0.63060033680806338  0.63792601061183196  0.64567289267307382  0.65395813018446580
  0.66417795946587443  0.67617694092139868  0.68777847695930239  0.69899401330424860
  0.70998627180686591  0.72170859268053167  0.73537980775514566  0.75004499996198482
  0.76502960230384132  0.77558797288026138  0.78480761634115281  0.79402757085725040
  0.80440514720337741  0.81700074004539736  0.82992564568834182  0.84137240472643904
  0.85161527107666268  0.85979814753743522  0.86791320289402396  0.87594231134663836
  0.88507440775462154  0.89599664609322593  0.90898596126530051  0.92339697343380078
  0.93853477885876480  0.95455526614440889  0.97477743520191984  1.00000000000000000
  0.00018315344747362  0.00251021893695439  0.00273996956884608  0.00299088849279469
  0.00330827517492236  0.00355706064382228  0.00377364694257334  0.00397889781598921
  0.00439453665400204  0.00495053283539497  0.00571436663442217  0.00647417254635709
  0.00705962384812801  0.00735295330935292  0.00760273861204324  0.00782486855090609
  0.00802810594068171  0.00821236672622268  0.00838269202283640  0.00854948604420418
  0.00871811086832800  0.00890536844300230  0.00909182062507059  0.00927183997809420
  0.00945258348542630  0.00961812332368359  0.00977587746214443  0.00991641755959757
  0.01003418197941072  0.01015480694402314  0.01026990289532130  0.01038679127859272
  0.01051193063378189  0.01065053984596105  0.01078962272428524  0.01091777572360370
  0.01104489294263800  0.01118290779767283  0.01131875249801205  0.01145872218523820
  0.01158165912285130  0.01167679485249151  0.01176078081922613  0.01184109150007553
  0.01192068146807113  0.01201354416896941  0.01211860090189999  0.01225269844385982
  0.01240577288908187  0.01252871763362306  0.01266326131571810  0.01281474165526220
  0.01296495846462597  0.01312930781445070  0.01329849569766997  0.01346529286059439
  0.01365679521297898  0.01386465763295469  0.01408832297921907  0.01429166770939750
  0.01447165712597263  0.01464486775501196  0.01482103071723625  0.01501884846921528
  0.01523602153915333  0.01549431407840719  0.01579170672043743  0.01612456818558225
  0.01644902545150211  0.01676460285991657  0.01708802934035269  0.01741144392485405
  0.01778087848716564  0.01818767691643025  0.01862297349663207  0.01912253122456924
  0.01970120181830909  0.02036385656805388  0.02107656900265032  0.02166866580433082
  0.02213864300709560  0.02277238662970422  0.02352037875429434  0.02426400301886566
  0.02522891827389287  0.02645248353602974  0.02836950408371766  0.03109487893779834
  0.03485564189332362  0.03961115897444281  0.04581478325665075  0.05475937985665030
  0.06653228549585855  0.08748652426301720  0.55206386075363645  1.00000000000000000
 -0.00000026510619031  0.00008006557812784  0.00059553470046844  0.00183813667417119
  0.00345380394145185  0.00586407127250745  0.00905869930299660  0.01246340741369455
  0.01612614677632528  0.01976523411807452  0.02411793717124466  0.02859749207940248
  0.03306315019943568  0.03860507599207159  0.04557449803962747  0.05233857956199567
  0.05916660317439679  0.06562831872515441  0.07181783944132002  0.07754768698728536
  0.08361900650726668  0.09028893796728438  0.09699429833043069  0.10223434652948145
  0.10989783244478726  0.11736255986918523  0.12476423475127148  0.13581305212415970
  0.14730655757207115  0.15775773258335174  0.16843925079770444  0.17871051802509391
  0.18827037041706227  0.19766932659159087  0.20771999776536304  0.21896966698500780
  0.23023211830234144  0.24142831569370843  0.25210235437066275  0.26222275831869590
  0.27589345587604203  0.28806222741700610  0.29894483212824274  0.30932982637249096
  0.31950663776612964  0.33071662256962070  0.34322741626335518  0.35785202666603388
  0.37300139118611136  0.38587184660251911  0.39689109259996330  0.40746663308340886
  0.41795830495670189  0.42871831549112749  0.43879297144310603  0.44904764964914357
  0.45909602375532782  0.46844227321506759  0.47742678930500143  0.48659588138883869
  0.49612656449622944  0.50587293521215704  0.51602929175741619  0.52790259214083157
  0.54129699030390077  0.55472853277458956  0.56756736079688108  0.58224428338660439
  0.59679320948964676  0.61368742161840839  0.62768960246253802  0.64065546937469287
  0.65359291077853110  0.66614345396459629  0.68053440831650525  0.69492083342742006
  0.71042083817532997  0.72678021402296511  0.74234255182784614  0.75740543869134569
  0.77265646770016549  0.78748160455612670  0.80093191378905693  0.81268361510612863
  0.82477607179152668  0.83796270711201493  0.85241931193042364  0.86814701711649134
  0.88343190560786011  0.89866898061979283  0.91440504296235880  0.93129982890301166
  0.94844733184288266  0.96559129121184217  0.98270892216830918  1.00000000000000000
 -0.00330570162781752  0.01108217552673790  0.02146371004169953  0.03055481062595933
  0.03966928791626492  0.05006910826672003  0.06148479565644308  0.07326222231077016
  0.08363881673215702  0.09301503995105806  0.10265530122139960  0.11179529882244463
  0.12092230290034703  0.12990111415075467  0.13864651451299817  0.14807262922624381
  0.15829488898085786  0.16935413082544909  0.18009964609319110  0.19138943298437028
  0.20442359243813668  0.21557802554106276  0.22566136177827692  0.23351592783425348
  0.24168365587561597  0.25023603074759676  0.25805018962014631  0.26584393792472449
  0.27452787867484774  0.28258576004271668  0.28989961853204516  0.29860450388258097
  0.30883027232327054  0.31930354562629376  0.33080561916531809  0.34227384551150730
  0.35368565732656720  0.36208949840057431  0.37037620260395865  0.37928661929603358
  0.38848255253321751  0.39725665073231786  0.40470044745720285  0.41199418571073315
  0.42160814099036320  0.43455880672203595  0.44377737378587029  0.45297789611944800
  0.46275581893433088  0.47475627158282308  0.48856130632986383  0.50241484274058368
  0.51344799632417171  0.52417787549708805  0.53577353394344762  0.54928432564989116
  0.56064512921006515  0.57011922610936128  0.57928366680546728  0.58905044061964607
  0.59927498324191020  0.60863416799271142  0.61718958487356190  0.62549231985700526
  0.63449668166306283  0.64427140576714692  0.65717901344184737  0.66781982964759357
  0.67962157990446481  0.69163274977869893  0.70351169835922367  0.71526923769310047
  0.72608427662133646  0.73620611301428485  0.74683875711513603  0.75867024343034983
  0.76884475161852750  0.77815399971981236  0.78746013968954198  0.79774339688001927
  0.80932095908614232  0.82129008710507423  0.83280033647253970  0.84377246762511515
  0.85584719578878388  0.86687863461857362  0.87884210935100593  0.89117529356592451
  0.90322041600564085  0.91714101818704707  0.93192425929788558  0.94721862683792635
  0.96508657988438351  0.97794115765961143  0.98941003973352826  1.00000000000000000
 -0.00168342981011738  0.00391360759328166  0.00950632394822145  0.01491736594603715
  0.02032129043976021  0.02569160634802165  0.03151502086238884  0.03809289521007053
  0.04611008607727354  0.05441642559445652  0.06371538295743041  0.07326454042719914
  0.08204125197594180  0.09026073412982806  0.09813654928852672  0.10640093576134915
  0.11483095054590550  0.12356567274688844  0.13161972535727079  0.13979088513790863
  0.14797428361604026  0.15694167460329334  0.16683956462792518  0.17738632920490707
  0.18635805990720947  0.19491563431358067  0.20335077365554344  0.21165994393879295
  0.22270760414124602  0.23249711006855611  0.24284071338887026  0.25235823972371768
  0.26235023741190266  0.27226841792868151  0.28379752905886230  0.29750256304916389
  0.31098463504023660  0.32476109285120791  0.34065288145759698  0.35715289295812297
  0.37295705895854270  0.38980798704360131  0.40572067170030784  0.42187383564544023
  0.43802269259821364  0.45376467777112611  0.46989983099492061  0.48700105625509532
  0.50430887120358625  0.52409240671786395  0.54169095937446676  0.55770939534757402
  0.57114597005242551  0.58382335842526989  0.59799762145428659  0.61556073517658128
  0.63522365094133659  0.65420108333554006  0.67208503938713404  0.68877107923875247
  0.70372332726702469  0.71829580397430381  0.73103084076103342  0.74352484614982017
  0.75464649610121926  0.76446140192112533  0.77482985418547745  0.78593850323219094
  0.79646458340893145  0.80571965466322149  0.81441729889985548  0.82300518680234847
  0.83106182646001747  0.83808602118959585  0.84529907189533848  0.85319257288325956
  0.86116615012968645  0.86887875055295616  0.87688469024957993  0.88698468740310898
  0.89683184838144925  0.90637795321973935  0.91589555699318825  0.92533466189628311
  0.93405402629331880  0.94180584331676054  0.94960712713139916  0.95805535922428198
  0.96617141398061235  0.97098304658001855  0.97551856154808703  0.97984951257969100
  0.98426229218834071  0.98925479927002724  0.99486185996640197  1.00000000000000000
 -0.00270663631904291  0.01164807595023554  0.02299850790551666  0.03247702044866459
  0.04215499044622374  0.05245923682943757  0.06370972871426536  0.07571944497149677
  0.08736189684933701  0.09989398131516271  0.11211850108964920  0.12433977383164908
  0.13583038910380982  0.14759125030848244  0.15975119235725882  0.17185524928617313
  0.18540152253874453  0.19532574285393089  0.20536318677813334  0.21603590682742821
  0.22671351131479575  0.23660228538988209  0.24718788783948914  0.25505539284747464
  0.26242576883752672  0.27007288325561879  0.27834066661195617  0.28730333833063731
  0.29761802466117671  0.30639179565414582  0.31403557481483196  0.32106356646660500
  0.32803878540544212  0.33687797598283453  0.34930525885901953  0.36244291860723693
  0.37544803588451386  0.38712517827428972  0.39836325591788463  0.41025431975181820
  0.42311580747957356  0.43764256290329068  0.45246466592019624  0.46601259813544094
  0.47816708471864511  0.48922819568706799  0.50024706523162554  0.50945654851370648
  0.51793111644744072  0.52643906920098504  0.53607609600174466  0.54735581550008838
  0.55462878619993794  0.56010922012995579  0.56516563513885909  0.57065389278155210
  0.57822646586158777  0.58745289481700802  0.59673811377069286  0.60486188754447756
  0.61209441771443707  0.61988818886897379  0.62701697563578485  0.63375777749610029
  0.64135032276464787  0.64854384553256916  0.65542829068399922  0.66294073161147837
  0.67252874833195264  0.68350410407991935  0.69413246406553486  0.70464091035540888
  0.71563779585086251  0.72804454283795883  0.74357239507507433  0.75766909016274286
  0.76906661226883899  0.77999643507054772  0.79059258711146974  0.80113550513886966
  0.81311463453197008  0.82615001295739965  0.83896930302532435  0.84982017641606700
  0.86206929725459647  0.87368911026085261  0.88476101381167715  0.89720104959558578
  0.91023014981866712  0.92425770545408159  0.94029060457597113  0.95586234464301822
  0.96971021063108476  0.98030970813448692  0.99034785584544505  1.00000000000000000
 -0.00173033132275750  0.00986778097702326  0.02008137515097728  0.03027652571493066
  0.04024039776195414  0.05001442538999719  0.05934682271572528  0.06908794974923498
  0.07926282999878298  0.08831023935932528  0.09606707678579930  0.10375482565736951
  0.11178580652854006  0.11967325910321490  0.12869203494245240  0.13870191900170104
  0.14896431228220056  0.15885010300724445  0.17265399944583806  0.18812171093963612
  0.20450550410289769  0.21990982122249969  0.23345707814159453  0.24563827636735239
  0.25623009680806264  0.26631438817305519  0.27699216126252646  0.28697453893062541
  0.29858379701823456  0.31024166299403022  0.32266274404336842  0.33548330386740838
  0.34782093657472701  0.35883862761289792  0.36782735207206896  0.37706861491746507
  0.38563635164459548  0.39414923756142728  0.40249261206824061  0.41196190067040694
  0.42254729311759209  0.43388188763276742  0.44529129269547080  0.45594879893496504
  0.46422076953159785  0.47174876948236577  0.47948706289369286  0.48612857466921572
  0.49279263162554465  0.49976502936306255  0.50800522149546246  0.51603115236407959
  0.52509169087888441  0.53588108311299743  0.54753800835974997  0.55944645407825178
  0.57144038170830835  0.58439576897155898  0.59901406669035384  0.61181080516242448
  0.62175113480757016  0.63225191369607514  0.64457599890484429  0.65697782870130117
  0.66893713945040534  0.68251075880773315  0.69576821332685690  0.70944950672836027
  0.72385055883799687  0.73826456525464701  0.75077934566806637  0.76382254880719525
  0.77618475936789311  0.78815571448082500  0.79962057937682818  0.80827427839315447
  0.81652927638488038  0.82426277624190525  0.83152342802410750  0.83836837835599243
  0.84485927856006426  0.85202151181665964  0.86027335462713794  0.86879861873671416
  0.87861565459598656  0.88929822292627569  0.90179903807955719  0.91161618579772741
  0.91992472262908931  0.92784785314805185  0.93514970719239210  0.94707699765361442
  0.95918658478768937  0.97203395993477271  0.98582514213426875  1.00000000000000000
 -0.00236751531785480  0.00893035185153485  0.01961012990077769  0.03089343917316677
  0.04377868113456036  0.05430229128500404  0.06385488896174744  0.07239331659206930
  0.07910278169521136  0.08756770782068450  0.09513520227978393  0.10277600573456808
  0.11067716102624274  0.11805133987363643  0.12556029707899308  0.13386677256365295
  0.14321628388703495  0.15118107610976628  0.15839295492216951  0.16700724470920608
  0.17925017695980897  0.19340587805286963  0.20757747164905296  0.22116356979435939
  0.23565892410194469  0.25090184669786558  0.26580879457290979  0.28083851980707042
  0.29560125307641988  0.30988213173373413  0.32182848455629121  0.33462114878901034
  0.34644357186619207  0.35871083355259509  0.36882276703489436  0.38071569025139856
  0.39172257950005374  0.40242645105357205  0.41373780067433730  0.42518645953934231
  0.43870437539962093  0.45044997003143866  0.46193683412378561  0.47355328535211844
  0.48519108006892187  0.49637186588625759  0.50778323793611280  0.52113797389919059
  0.53486739094738278  0.54673532846535078  0.55625820529399228  0.56469686088109705
  0.57249967606479890  0.57996345490126955  0.58679542010227126  0.59294318194594231
  0.59923169309504210  0.60671630188448500  0.61844557701466285  0.63293960911183844
  0.64695656806369883  0.65965432023984427  0.67147681849274787  0.68322499837082296
  0.69498464054280784  0.70646050552259165  0.72109109664319226  0.73451553589891350
  0.74505951075633059  0.75457452771886391  0.76334655163444076  0.77293019559878928
  0.78455719090126230  0.79465873926940467  0.80362273477892032  0.81261557424025599
  0.82226699858848207  0.83157534519582510  0.83832641123434559  0.84412517600252712
  0.85118625656400981  0.86002693756849313  0.86975596908194441  0.87854420115564202
  0.88701811395601038  0.89630405813512204  0.90519451535769202  0.91362546758673313
  0.92163830168490990  0.93159410601160875  0.94077082709568050  0.95131173418518034
  0.96178883163329787  0.97354991517918832  0.98608172601882260  1.00000000000000000
 -0.00515885219605421  0.04739591501115219  0.09013273193476601  0.13493501872685579
  0.15046903435198020  0.16600304997710463  0.18153706560222904  0.19483600676328078
  0.20357337875792209  0.21231075075256339  0.22104812274720467  0.22992306540978116
  0.23891726624122889  0.24791146707267661  0.25690566790412434  0.33996308344571002
  0.38386786201409040  0.41316755742785605  0.44475560438464279  0.47871998207504934
  0.50898637154794157  0.53316036722526194  0.55148275034162442  0.56930898579054834
  0.58473208267932242  0.59798140933290544  0.60964049854359170  0.61998578827055373
  0.63009282951551293  0.64056272623121757  0.65196327151967404  0.66380776864134516
  0.67424162739594018  0.68413233452533417  0.69405044506040736  0.70368040276910593
  0.71309248360447897  0.72086939815384032  0.72768783283163085  0.73349340520389161
  0.73841805653875214  0.74306800411897433  0.74760969377024467  0.75181261643833175
  0.75573588195382213  0.75976533329866913  0.76368398174537822  0.76748175317226375
  0.77106956881804789  0.77438501582029939  0.77765980616023567  0.78110756596524533
  0.78452731018859112  0.78776064332362461  0.79092574173845387  0.79429518526581067
  0.79783106105261681  0.80026119814965102  0.80243153032840275  0.80434968348226321
  0.80609541626857439  0.80769928922100598  0.80936162315765614  0.81126337220763689
  0.81316675338638122  0.81465229355060842  0.81617211382205856  0.81772524504064670
  0.81937615222117044  0.82131224366048039  0.82339334366985883  0.82545026596206050
  0.82761321136885613  0.82995685474346581  0.83248338735799188  0.83500924525396902
  0.83749010384605138  0.84015148848353050  0.84288703354190808  0.84560493050653562
  0.84834315068448685  0.85146352289393690  0.85457509151584654  0.85785506981818871
  0.86117619558884895  0.86457004424950157  0.86805842848870507  0.87181461257963144
  0.87685863409845055  0.88394689332835119  0.89146059871918681  0.90035679422543002
  0.91218005208606834  0.92880026941492133  0.95480589870932064  1.00000000000000000
 -0.02122358599016227  0.13663830872864940  0.17559862622743799  0.20338036072632423
  0.22407660689627917  0.24262346822902636  0.25740521462343691  0.27021317712745557
  0.28575081565342519  0.30165106260723618  0.31614698239847272  0.32855266668117006
  0.33905531487014179  0.34757690971239169  0.35413675242361697  0.35909516109659789
  0.36360895466439536  0.36803623092202287  0.37232821849828884  0.37720585504313286
  0.38215647997594193  0.38775487863462188  0.39345811810726850  0.39830310910073630
  0.40275795646869950  0.40719003036474638  0.41172026238206560  0.41659918082072844
  0.42202584144991206  0.42763095934721090  0.43307784900782537  0.43824548910076672
  0.44333925992206286  0.44833895378141636  0.45335619520260623  0.45866120500243424
  0.46405600201069797  0.46904053223988867  0.47396161575799317  0.47905953897295711
  0.48441324687404330  0.49013221692077558  0.49691203116817262  0.50246085395783635
  0.50738295415014989  0.51192194715919626  0.51612297801522522  0.51977624245567844
  0.52317797622240081  0.52643873957595710  0.53009372838679958  0.53449221560847671
  0.53845592947240939  0.54286990704110571  0.54717133333897883  0.55166308427431432
  0.55645466807481769  0.56144016936224317  0.56681301280776331  0.57215370261891563
  0.57688983907374802  0.58113350484231230  0.58553877838592849  0.59014364202740677
  0.59517040186894055  0.60120242249069200  0.60815221072237335  0.61353897906772659
  0.61897025123958960  0.62435839714870811  0.62961023248961989  0.63483173921925540
  0.64023845728942175  0.64580804929605429  0.65297489955967924  0.66115604110078285
  0.67028015844389233  0.67941744753839672  0.68850760333372685  0.69556867313262716
  0.70200184991208403  0.70807561719446444  0.71382776514367940  0.71989279355036717
  0.72683725758312379  0.73430377453728357  0.74259503447078212  0.75176953415181358
  0.76072738561163766  0.76973127230375982  0.78291735185301681  0.79937100279560791
  0.82025542703888243  0.84325751882163180  0.87940459201630417  1.00000000000000000
   1.6206568976713488E-010  -1.0000000000000000     
 F F F F F F F F F F F F F F F F F F F F F F F F F F F F F F F F F F F F F F F F F F F F F F F F F F F F F F F F F F F F F F F F F F F F F F F F F F F F F F F F F F F F F F F F F F F F F F F F F F F F F F F F F F F F F F F F F F F F F F F F F F F F F F F F
  <DiscreteSampler_grid>
  grouped_processes
  1 # 1 for a reference and 2 for a running grid.
  10 # Attribute 'min_bin_probing_points' of the grid.
  1 # Attribute 'grid_mode' of the grid. 1=='default',2=='initialization'
  0.0000000000000000 # Attribute 'small_contrib_threshold' of the grid.
  0.5000000000000000 # Attribute 'damping_power' of the grid.
 # binID   n_entries weight   weight_sqr   abs_weight
    13   10   4.480058487954570E-004   8.341581832234292E-007   4.480058487954570E-004
    22   10   4.473830636518723E-004   8.271252009320520E-007   4.473830636518723E-004
  </DiscreteSampler_grid>
