 -0.00261376339453876  0.00909461162800844  0.01919640527017478  0.02915957651356433
  0.03877446186518457  0.04815634905266483  0.05783455835096395  0.06843782054063449
  0.07936753593811931  0.08941795070274693  0.09893874446188429  0.10870484955245575
  0.11945689617431725  0.13123946947074797  0.14287434314590300  0.15379002132813879
  0.16345147827933929  0.17246692777633030  0.18199683146903167  0.19116252069773568
  0.20146413415343969  0.21270422220798610  0.22325348321367136  0.23405433508015963
  0.24496608094031300  0.25647754376536785  0.26802391748345489  0.27930842635504816
  0.28940252461202193  0.29968043943616901  0.31002936249268720  0.32040075980427724
  0.32975720436898204  0.33922029809015197  0.34874579773119652  0.35810060379053321
  0.36747903239129043  0.37789351283761752  0.39045046342308182  0.40246094122152104
  0.41288239794681059  0.42388960349424792  0.43547550358590897  0.44594539637515523
  0.45534762175431653  0.46495071244157021  0.47515814900663733  0.48525710620591361
  0.49467297803236149  0.50572497645119174  0.51841227282357061  0.53095691456715599
  0.54273539701668072  0.55387338921348761  0.56467649133187803  0.57338329349257000
  0.58226501772862638  0.59132204312560421  0.60103300673442306  0.61063005489196542
  0.61970120888856417  0.62893082158810598  0.63841124334174515  0.64710776477395349
  0.65483448927368448  0.66197644325128935  0.67001352121585089  0.67825821442242884
  0.68704688020561133  0.69604450317185773  0.70570364973620070  0.71847380332656641
  0.73116672768188951  0.74279030842746252  0.75381421659535053  0.76557311254570115
  0.77787876026279490  0.78938462622840799  0.79917405049849366  0.80931276901005078
  0.81956663619191861  0.82978444684362862  0.83892188994035566  0.84823154555027569
  0.85842785258135346  0.87011624060405146  0.88151477021653857  0.89276760385717557
  0.90501754846866478  0.91828159426947331  0.93173117221487256  0.94615251000170775
  0.96066284076335740  0.97415289820658946  0.98697734751375910  1.00000000000000000
  0.00000086304713902  0.00000127801129170  0.00000165822801206  0.00000196046181493
  0.00000222688871018  0.00000252690649221  0.00000282279610898  0.00000309828783944
  0.00000347737967707  0.00000412724584613  0.00000494004555124  0.00000577020190778
  0.00000662385056368  0.00000756662710680  0.00000871621079044  0.00001002029456045
  0.00001140065015387  0.00001287140268329  0.00001463101727244  0.00001681864918056
  0.00001927765556892  0.00002192486346392  0.00002452852172235  0.00002730043159527
  0.00003037921617263  0.00003370897871930  0.00003763680217941  0.00004236333094554
  0.00004729126531992  0.00005246937246027  0.00005777566660590  0.00006432646077851
  0.00007302335948199  0.00008256547375758  0.00009346889878471  0.00010593532248096
  0.00011844879051519  0.00013359518100383  0.00015021432301024  0.00016818796117918
  0.00018844786782614  0.00021157827005767  0.00023429337616202  0.00026096492836293
  0.00029091731283571  0.00032377755526767  0.00035793786474513  0.00039435762243347
  0.00043507369712646  0.00048136685283594  0.00053294441282582  0.00058741707644652
  0.00064311387689345  0.00070125550863163  0.00076633649136477  0.00084246109401642
  0.00092010017649370  0.00100013113277718  0.00107934774515454  0.00115891386765229
  0.00123743308911957  0.00132070344643014  0.00140649834951455  0.00150013777988378
  0.00160887448966761  0.00173287868112727  0.00187591943352247  0.00203276562733550
  0.00218196663239107  0.00235828435183739  0.00255060642816673  0.00277113465716597
  0.00298760780601957  0.00320803200250861  0.00344361597847656  0.00369670488032095
  0.00397550854525436  0.00428580937328385  0.00462844321250651  0.00501687254150854
  0.00547990651489292  0.00597553743895436  0.00645423485783218  0.00698304616420767
  0.00752233330570809  0.00811029790878266  0.00882024931016931  0.00971106742075484
  0.01080097537560279  0.01223348853771783  0.01404150205797519  0.01644212682068104
  0.01977620922317109  0.02602331765351378  0.15695143224904470  1.00000000000000000
 -0.00000327516251493  0.00022414841626231  0.00047091460853580  0.00070721941618863
  0.00092573276872620  0.00113270656676176  0.00132166709076913  0.00149478582481970
  0.00166445213811180  0.00184338389371130  0.00202767347078875  0.00220417392130246
  0.00237282191214766  0.00254388497657732  0.00271436343379437  0.00287615098064593
  0.00302997724231758  0.00318014540956141  0.00332953348562719  0.00348201025707139
  0.00364063956831975  0.00379698335497449  0.00395315138193625  0.00411499567335520
  0.00428182535503046  0.00444719625259860  0.00460534232201875  0.00474640660034779
  0.00490751980153664  0.00506751918917315  0.00522752372657790  0.00540329883600218
  0.00558226525676181  0.00575305141785566  0.00593524827512953  0.00612852065533138
  0.00633519975431408  0.00656869163582013  0.00680628714530877  0.00703272198393333
  0.00723952337357850  0.00743456127890904  0.00762428398489979  0.00782347200602814
  0.00804351605192329  0.00828806340580281  0.00856336893188557  0.00885403594462429
  0.00913866370735195  0.00939924157858011  0.00963673734325185  0.00987692594038833
  0.01011525706265832  0.01036337816184470  0.01062234887167347  0.01091167360436436
  0.01121875026870254  0.01155287522584534  0.01190831882112458  0.01225899130981974
  0.01261537890251992  0.01296585178099920  0.01330747135808610  0.01365394607859450
  0.01399609982708258  0.01438841814186991  0.01479489622531270  0.01520808167704070
  0.01565108776607876  0.01606732505928226  0.01647279572235920  0.01687576673992906
  0.01725828676270606  0.01765894140683408  0.01811752681416623  0.01865094130934078
  0.01926086304094844  0.01991035763555087  0.02050400412685571  0.02112685610083030
  0.02186099684220916  0.02264076239242768  0.02342836295455081  0.02416968063811739
  0.02509998521387097  0.02617955389369698  0.02741117487517074  0.02872107650611470
  0.02985645859700575  0.03101317910563531  0.03219508096443478  0.03352111215108430
  0.03495561531703097  0.04006980575457941  0.25304362531239522  1.00000000000000000
 -0.00303858371720369  0.01549443952033982  0.02772422398956794  0.03822724237118397
  0.04828086694068653  0.05709148565698740  0.06614528740888967  0.07538796330440567
  0.08666941584421622  0.09901069710062374  0.11109479570334661  0.12216868517300444
  0.13275607791079325  0.14366769041700386  0.15449289700688318  0.16491468473418397
  0.17427823126735273  0.18372752863376110  0.19390895367236724  0.20492283233986774
  0.21611546386106198  0.22726542791618923  0.23947686788944869  0.25165285403275983
  0.26232780462345667  0.27206668222423314  0.28160448783134168  0.29112418499292009
  0.30100238994969969  0.31159377929797805  0.32393827415925730  0.33672792556393316
  0.34896416229872274  0.36186685809961444  0.37399247488445880  0.38498297410950649
  0.39597938219820739  0.40961715443053098  0.42363474528962519  0.43606319706175994
  0.44724103898557444  0.45838872443762141  0.46965211992605416  0.48078565819619512
  0.49077968745177702  0.50079132725909703  0.51140985993272614  0.52284118052565021
  0.53418191591746356  0.54459805871155409  0.55436268495705765  0.56416132561022536
  0.57451306468542596  0.58459170103498626  0.59353338061585559  0.60210592321674039
  0.61026305427598349  0.61901000311144683  0.62825900476642860  0.63768080805142668
  0.64664641846377291  0.65497751378233382  0.66337267556126978  0.67184452020924912
  0.68166004679139147  0.69149082406935358  0.70109054251995595  0.71149929280685398
  0.72217252217815309  0.73243218067983373  0.74237202987936246  0.75296787320408098
  0.76442751222580496  0.77529013626704901  0.78461007497073332  0.79345657052556218
  0.80349126755940325  0.81320903783780718  0.82282572464156944  0.83236122718141980
  0.84227561700350728  0.85236040797407486  0.86354829337692074  0.87482020470017108
  0.88681074748312250  0.89885311272398649  0.90943058647988884  0.91950588262688138
  0.93002020639706140  0.94105845777900865  0.95187216436500888  0.96227268219053930
  0.97204402286280378  0.98244591880749088  0.99172701961413101  1.00000000000000000
 -0.00245710786543692  0.01055877810408235  0.02141167893722423  0.03215425655427499
  0.04322367239084270  0.05565611754915741  0.06826247038688092  0.08075153451404031
  0.09384640852916125  0.10726019381407442  0.11914557350259872  0.13043796284701106
  0.14026780264899560  0.14971813793941097  0.15903680029590869  0.16933409939179675
  0.18015039824099591  0.19042425867475168  0.20045705286458329  0.21081825130798496
  0.22166340827655354  0.23234891768457400  0.24237560020651086  0.25242499841968341
  0.26226992726182946  0.27191016823107977  0.28163887413660388  0.29087985304161451
  0.30056735706569920  0.31113438134711602  0.32357085250863693  0.33638615112546544
  0.34687360464099248  0.35753919363670383  0.36888397313648780  0.38089057047201247
  0.39309330247575652  0.40505766732233617  0.41624383753563482  0.42585636569341295
  0.43471309100476652  0.44347397445746534  0.45262328450063599  0.46227413725012662
  0.47178714172483893  0.48150562231737004  0.49279350213729789  0.50427432218777279
  0.51613374649219113  0.52880399622512231  0.54144617915906701  0.55392397007861693
  0.56547905143908206  0.57583445418140222  0.58548827314879015  0.59493752094791341
  0.60494439691948432  0.61437056431938442  0.62389953172199863  0.63344623285511437
  0.64327794783996750  0.65343866381556071  0.66273973218550752  0.67176906512994849
  0.68083995008967169  0.68994082402127010  0.69911909564259445  0.70875488314135660
  0.71891128283120642  0.72928768802240995  0.73751763224062339  0.74557736576667466
  0.75365411414247274  0.76235399032315709  0.77229770489542904  0.78191218105737570
  0.79122735687710155  0.80111093366389807  0.81235240457300051  0.82391789764492229
  0.83488079979821450  0.84549188089846228  0.85639665061272285  0.86750894282026070
  0.87781719346970477  0.88720847448449780  0.89724798851124055  0.90813408770142112
  0.91939486484423294  0.93027364294950987  0.94090142823970213  0.95284598516158225
  0.96390945419226060  0.97538685697020988  0.98694970111120583  1.00000000000000000
 -0.00210412997404922  0.01022405263643119  0.02010134549756244  0.02906099838130387
  0.03843143238966550  0.04870324732346780  0.05919819760480917  0.06872422810900140
  0.07809332358743608  0.08933908911245689  0.10105272687630544  0.11225760468035434
  0.12288619169552732  0.13352999721511238  0.14508044270295095  0.15755047165139383
  0.17035737239371299  0.18216292849560592  0.19249562165508838  0.20224245464739221
  0.21225939139912259  0.22198382412804801  0.23115392777574326  0.24013888572179820
  0.24953821211929042  0.25926806578459172  0.26845852308323065  0.27831141172178214
  0.28793869131701139  0.29917449198623541  0.31078403174031621  0.32189463659019091
  0.33188586602028058  0.34128054532240770  0.35055168580759521  0.36063743221544053
  0.37122322634481064  0.38160237693648957  0.39149812874388779  0.40145600332560616
  0.41243261431210743  0.42358613214830537  0.43565139356741694  0.44805627412922755
  0.46058946664636602  0.47260026552565670  0.48361712062982781  0.49344342331013968
  0.50295159032181647  0.51485347271082738  0.52677462120878904  0.53860499259167605
  0.54974161549442857  0.56106289597314274  0.57019716368812901  0.57870946727601036
  0.58710089804714394  0.59609331667500620  0.60663985191348901  0.61798655820601411
  0.62944268535055892  0.64235453706192713  0.65444266698311371  0.66618660711593758
  0.67778341792324981  0.68934039501077993  0.70064935407562412  0.71166886279489794
  0.72190128319019264  0.73110262097351209  0.74009591531162822  0.74898313992962995
  0.75818459227815449  0.76670909739168025  0.77569270756106257  0.78474763192159469
  0.79414231630117371  0.80341663209172376  0.81302077282892915  0.82256738172499499
  0.83331154247122541  0.84344670270370037  0.85446908706801505  0.86485714581726836
  0.87548167190796289  0.88690680511580899  0.89782232589262567  0.90756601170271922
  0.91692767874517700  0.92688104215334688  0.93920499524300094  0.95208831053222021
  0.96438007655788582  0.97554802560013032  0.98764532203826416  1.00000000000000000
 -0.00053888760551034  0.00144144563771765  0.00276662453342755  0.00377119536601847
  0.00498548326673855  0.00625491801014113  0.00751457998137539  0.00845486902433849
  0.00917792158574157  0.00980095583091808  0.01036708420114199  0.01089573398478140
  0.01139686185350102  0.01186507972237615  0.01229280367842489  0.01271101218119609
  0.01310879765181028  0.01350057299356354  0.01389403052939883  0.01426057672888681
  0.01462782540189377  0.01499635712746986  0.01536719186238667  0.01578704064031137
  0.01619354806385932  0.01659210978119912  0.01698458434092346  0.01737012324389504
  0.01776962795267452  0.01817982551105479  0.01859971067200895  0.01902624214578351
  0.01945151758809107  0.01988792835099911  0.02034495627105107  0.02082614083060174
  0.02133203586099593  0.02186651631792946  0.02237325954600805  0.02289046545993408
  0.02339573185709068  0.02386511927214360  0.02433022170038323  0.02483323615619492
  0.02534790562645717  0.02588849167062209  0.02641598835466801  0.02693836497286051
  0.02745765140538765  0.02794848577521578  0.02840249955304969  0.02886163656496095
  0.02931935369489744  0.02980498962297371  0.03029875336900632  0.03081035212797612
  0.03135608088812225  0.03189911521521333  0.03240670798429564  0.03287636070945831
  0.03339221716387004  0.03396223385101534  0.03456541139881607  0.03518397918693499
  0.03581264222147622  0.03646196920510256  0.03711458694811098  0.03782228944988594
  0.03856841801825872  0.03936074974665539  0.04028450155048473  0.04132360276896178
  0.04226143520941059  0.04322899923980075  0.04410804859767415  0.04500646993859166
  0.04593231165572294  0.04689634893509718  0.04791939097275271  0.04898686977951486
  0.05013115511723593  0.05125139935880273  0.05228425786089231  0.05329281716144513
  0.05459323150967692  0.05572960046279906  0.05691587071145230  0.05821579576334319
  0.06018078679543573  0.06197803038423503  0.06333940984111948  0.06581420010168247
  0.07060784737887785  0.07950628620926146  0.09618931283825594  1.00000000000000000
 -0.00450755467450680  0.01283837246257424  0.02763924973791196  0.04155867237466848
  0.05559100719623230  0.06869982241862227  0.08007856561855352  0.09071604331428408
  0.10083746263709094  0.11024730749616722  0.11931262114192617  0.12725331366644904
  0.13572959394975029  0.14335391627829636  0.15125163417480875  0.15834333987156540
  0.16423674762910220  0.17165160261152998  0.18008305596128452  0.18988357413627094
  0.19949169651337842  0.21014339144173613  0.22115563194387208  0.23198595683993661
  0.24247021035479030  0.25319956373375374  0.26410352792340069  0.27503186402958307
  0.28547547937811213  0.29436162652111508  0.30277803228694827  0.31212498277771528
  0.32338043119005133  0.33500735813339094  0.34637962951430895  0.35832319393577067
  0.37022742035071582  0.38248674800761090  0.39529011714634371  0.40532962127998545
  0.41413412368166058  0.42272460096406689  0.43247621134630165  0.44306244572596387
  0.45350259681035709  0.46716231513842915  0.48051238499757887  0.49268083103069077
  0.50508472723061071  0.51835103684017059  0.53177870216079237  0.54441962857067605
  0.55745916569830156  0.57012131741788585  0.58267256512177878  0.59554820135112452
  0.60854884850869095  0.62111565432113447  0.63329605704210867  0.64555795451864595
  0.65689480192322192  0.66762090959900999  0.67872163472499902  0.68976814041199885
  0.70097364427420494  0.71195096405931479  0.72266918896868360  0.73306001807793530
  0.74323801224993402  0.75309049254482052  0.76267264154901082  0.77376256945253485
  0.78615825194659317  0.79750476278630844  0.80776791854919328  0.81779380698353676
  0.82779501130172428  0.83709370410084460  0.84605911889322361  0.85549873162411805
  0.86583551930038427  0.87670283699563289  0.88530667741189606  0.89450813979866639
  0.90312515314078523  0.91264179667111212  0.92244743990796607  0.93216968216897023
  0.94099551036555962  0.94914194558494092  0.95813779276898348  0.96721516672046004
  0.97599786016392753  0.98397251248256346  0.99170914870608040  1.00000000000000000
 -0.01022953892664710  0.05452714719013689  0.11153628524074273  0.19716136918270633
  0.25903166723290533  0.29689711652709128  0.37110925841486758  0.41699674247349422
  0.45029191839753169  0.47599399064882880  0.49660824941662152  0.51381851137220247
  0.52944326023664201  0.54410089371600423  0.55872739906452784  0.57276215688032772
  0.58532003130571497  0.59674192757262057  0.60676964429040758  0.61582941550515213
  0.62422335118475614  0.63199026754700216  0.63976024001923792  0.64732612348599172
  0.65438091074553995  0.66075342148671423  0.66680945852922902  0.67306209042394682
  0.67961743397328889  0.68601358790599587  0.69180813575759903  0.69719334363339525
  0.70245099184830018  0.70782312986098228  0.71286671283014014  0.71788129530520073
  0.72278314347459316  0.72738228176826325  0.73189405289400744  0.73629371539879973
  0.74085509622707835  0.74555755803509083  0.75027773320516811  0.75503776843427228
  0.75939761838625208  0.76370084691032258  0.76779844551112608  0.77177090609014942
  0.77576158811980422  0.77979319972331673  0.78381465652140436  0.78780153656175800
  0.79160082525169462  0.79516942928237488  0.79879674138165768  0.80249208611121303
  0.80611557203993300  0.80941731743312650  0.81205242479912176  0.81445757649711126
  0.81668873583539470  0.81862267736506711  0.82074177061441989  0.82301694347845833
  0.82536495603534710  0.82762536576919532  0.82997101193351053  0.83244602004912738
  0.83503069794285745  0.83756646081109265  0.84057971052847291  0.84343257151859241
  0.84614755592497526  0.84883271929154780  0.85132056469030482  0.85383324650997783
  0.85653370273241325  0.85942217775232421  0.86253209841810008  0.86582635553881737
  0.86911453380928383  0.87235716850530798  0.87551882261127512  0.87939670553623617
  0.88340464821204223  0.88753187332688732  0.89190772478817837  0.89680605219005138
  0.90222886261358504  0.90799375446848152  0.91418774310134587  0.92130840565086669
  0.92935401407841711  0.93999449729806561  0.95681293430628045  1.00000000000000000
 -0.01941865191212743  0.12537318541287282  0.17388052607183546  0.20200541815205453
  0.22441176876333180  0.24136565966722295  0.25508787326429472  0.26645331228312447
  0.27715749257590910  0.28722564629132596  0.29693555813559863  0.30592726382940144
  0.31426107444542695  0.32192806322536499  0.32940794374295357  0.33679705835075197
  0.34385133767115261  0.35066324290278966  0.35692135853619350  0.36270800620721666
  0.36844152886042608  0.37408405626688057  0.37972144794014634  0.38554840375083504
  0.39106212812274449  0.39607831661203557  0.40067062890788963  0.40491253847244202
  0.40891456952928407  0.41307519761263223  0.41721507999035584  0.42163171241302044
  0.42639236168203348  0.43053766065004206  0.43444384718569218  0.43854702388686156
  0.44297399962698525  0.44778028720633312  0.45260886613808704  0.45725600811111466
  0.46209237575402506  0.46729849835958115  0.47241952040547619  0.47719209722189149
  0.48149538930350516  0.48546454013492890  0.48936648042304870  0.49318809192675694
  0.49768820950978127  0.50229518293354802  0.50679228399602394  0.51125121449973399
  0.51552895887354877  0.51965524790050310  0.52367854323543761  0.52749038023637684
  0.53151865872050430  0.53561017042909109  0.53950874939392846  0.54365117527211504
  0.54847278998306281  0.55327502115302596  0.55868049356052607  0.56400716141764928
  0.56927988610925895  0.57473617646944364  0.58028096385113814  0.58586083335035866
  0.59185147566437446  0.59786200123206079  0.60391714328378776  0.60977432003117227
  0.61533411130325510  0.62086155707392665  0.62704278907102018  0.63383750837236774
  0.64065660471145580  0.64721569462595419  0.65371466362778774  0.66047477216773265
  0.66771954474187822  0.67422706133003796  0.68083311604904251  0.68747185481286877
  0.69565435182352720  0.70468046198202483  0.71487110432978451  0.72627298344849844
  0.73851461744235880  0.75238887844454638  0.76816156197747532  0.78576622759554726
  0.80706287858840553  0.83554787812505338  0.87906808040715279  1.00000000000000000
   9.7969882036506681E-010  -1.0000000000000000     
 F F F F F F F F F F F F F F F F F F F F F F F F F F F F F F F F F F F F F F F F F F F F F F F F F F F F F F F F F F F F F F F F F F F F F F F F F F F F F F F F F F F F F F F F F F F F F F F F F F F F F F F F F F F F F F F F F F F F F F F F F F F F F F F F
  <DiscreteSampler_grid>
  grouped_processes
  1 # 1 for a reference and 2 for a running grid.
  10 # Attribute 'min_bin_probing_points' of the grid.
  1 # Attribute 'grid_mode' of the grid. 1=='default',2=='initialization'
  0.0000000000000000 # Attribute 'small_contrib_threshold' of the grid.
  0.5000000000000000 # Attribute 'damping_power' of the grid.
 # binID   n_entries weight   weight_sqr   abs_weight
    13   10   5.211825204032262E-002   1.687195042158537E-002   5.211825204032262E-002
    22   10   5.024479222571761E-002   1.498281709808085E-002   5.024479222571761E-002
  </DiscreteSampler_grid>
