  0.00511544261271621  0.01025789217139601  0.01845193674424314  0.02681366142211331
  0.03580417278936009  0.04428498369823310  0.05241174870848769  0.06070145427800708
  0.06967150739305625  0.07897112290558179  0.08822781588384973  0.09778686754082722
  0.10711101255161465  0.11721410618660272  0.12697867919701189  0.13747556923623552
  0.14784107031822061  0.15845154874988210  0.16927811696101042  0.17926449047139240
  0.18946929274952348  0.19872950200243858  0.20800306043502687  0.21769210140536507
  0.22788466180400357  0.23876981665465202  0.24963733270013183  0.26128177313333911
  0.27289573613552459  0.28523801599960463  0.29713499367481960  0.30852740761289055
  0.31969981449185375  0.33074086110314660  0.34133328831848708  0.35190220474907469
  0.36231323267908039  0.37260459401857882  0.38226490682447573  0.39183206124444986
  0.40173003202473495  0.41212218367784220  0.42255666696523309  0.43288338743218063
  0.44239131436508716  0.45166428770737749  0.46101048283542290  0.47110938182201073
  0.48167852284762136  0.49259134952666439  0.50360956835682180  0.51457115739941472
  0.52553725317479882  0.53619862648916461  0.54797635984849224  0.56014409177022795
  0.57179605790091326  0.58310797511796775  0.59429857040645828  0.60543184091170632
  0.61651973519625214  0.62698322022811015  0.63670358973777252  0.64633447366901808
  0.65666115607918951  0.66713141626511618  0.67734210680618900  0.68810983159823813
  0.69983768732219265  0.71159203129113435  0.72278541225686166  0.73453348758775994
  0.74678463818708218  0.75826268479954662  0.76904171889353767  0.77945021036762252
  0.78972506591563196  0.79990518410197375  0.81013407782278091  0.82076845236953189
  0.83191701991011702  0.84315360462271149  0.85397733535822462  0.86408409793253371
  0.87407831529668512  0.88398132109165828  0.89398472806440110  0.90463119996872432
  0.91549249155852563  0.92694420348687623  0.93895261964875765  0.95125772259959041
  0.96322091905389096  0.97506526936183757  0.98705533004970170  1.00000000000000000
  0.00347964479099997  0.02090475444980601  0.03792294691476721  0.05164049058202206
  0.06369984296127867  0.07568514365315322  0.08750223142771456  0.09841569241081853
  0.10888101787197781  0.11946394299152772  0.13065157161098326  0.14186797054621667
  0.15258109083009613  0.16310990013588228  0.17394389074172192  0.18503055556421943
  0.19603599219540979  0.20724890376944127  0.21857356133652739  0.22944145873329966
  0.23975965988444622  0.25010735394145917  0.26068693493145484  0.27115438007674730
  0.28145475631377781  0.29182963194657613  0.30237188290159012  0.31289021095795594
  0.32321706396047911  0.33342639115070344  0.34341448676367242  0.35299789601425174
  0.36225414266636707  0.37152295936335206  0.38102765567235425  0.39059117603964372
  0.39988564193734377  0.40887058614454647  0.41820668070604644  0.42816466507918055
  0.43850421786183424  0.44843027189019141  0.45822113858672320  0.46775312577916173
  0.47734170474951360  0.48623735147543573  0.49490493610582836  0.50394099114941249
  0.51297125195476245  0.52248268055868363  0.53254809324246799  0.54270692480479910
  0.55278304465888672  0.56262431918035538  0.57263547183577268  0.58271662775340971
  0.59282922558226936  0.60286255999455274  0.61304922179107046  0.62337046640195193
  0.63362572905998427  0.64370965444664519  0.65398102519164003  0.66372757952225492
  0.67389117281508104  0.68390481912936052  0.69436219960327750  0.70466867190035165
  0.71524709003831299  0.72534672224734142  0.73634023992246767  0.74697031458092156
  0.75755198247409983  0.76782410446310501  0.77830114904685799  0.78883959777451373
  0.79962601500300357  0.81078518131662403  0.82185694098883588  0.83280558282629702
  0.84360594538849742  0.85387622353264669  0.86328085211096284  0.87256978566040944
  0.88236049611432710  0.89211312203334314  0.90156121057421379  0.91062477939726616
  0.92020420213570964  0.93042163125423605  0.94097999574968516  0.95172741913250436
  0.96289096390318274  0.97466031311697832  0.98678916731492283  1.00000000000000000
 -0.00137651723771528  0.00681482304052294  0.00962538718464816  0.01261874426265206
  0.01582507925408803  0.01935186850350278  0.02330741585947956  0.02747431094796109
  0.03175245063911909  0.03637969959951112  0.04143444654942163  0.04653467500353689
  0.05189669979519339  0.05765159084569687  0.06382131817914000  0.07000981187636107
  0.07663294237153197  0.08340048053576536  0.09018698697262682  0.09736263916995298
  0.10525566960533411  0.11372038394226880  0.12150856583894457  0.12956572107733039
  0.13817439595618675  0.14692376721071174  0.15565443672299289  0.16463010973365713
  0.17364514149902624  0.18221542135168678  0.19054164634596474  0.19923216784945713
  0.20871944796557279  0.21849192528527944  0.22811539691859201  0.23802092652625795
  0.24845563146869276  0.25886076865938018  0.26919438581606153  0.27940737227163598
  0.28958793719428355  0.29967841268363560  0.31008730938662571  0.32090060796787973
  0.33200321302373298  0.34315326943139746  0.35413161553509592  0.36486747944720221
  0.37533076484118821  0.38562857930090277  0.39586832563659330  0.40672647514607813
  0.41790759417942169  0.42928196863517665  0.44126866550392169  0.45418347586391555
  0.46701444725958785  0.47945856908658946  0.49186245850803345  0.50386609475482169
  0.51511232056394118  0.52581265790201914  0.53638982193688167  0.54754061560176814
  0.55894755805497298  0.57120465636648643  0.58376638350475618  0.59667265780149970
  0.61035247988585917  0.62400326314477517  0.63734852485554749  0.65077614442442366
  0.66412616259469104  0.67667856255719461  0.68950071370273047  0.70301345381412472
  0.71685436615278164  0.73086550978438103  0.74448144657166537  0.75730245307683530
  0.77020492078423275  0.78321408196079223  0.79682966576376757  0.81053678411529728
  0.82415200151966095  0.83771008810971148  0.85142401569051451  0.86665088933550505
  0.88236744942666157  0.89832998216658799  0.91449319864870349  0.93093341956327558
  0.94745136622602832  0.96453980947761897  0.98209132168796731  1.00000000000000000
 -0.00282939316102888  0.01112578647263892  0.02222623291870679  0.03386637213174493
  0.04528128215942651  0.05755878941902705  0.06912765053647578  0.08036914169249844
  0.09182801374553010  0.10355582822330922  0.11529322510026739  0.12731539991161270
  0.13940526950770676  0.15108723565050541  0.16205543559275340  0.17207313479581510
  0.18120913436147978  0.19010179953683468  0.19929039663304879  0.20892886372578576
  0.21872286381039924  0.22851795297828073  0.23890003959748976  0.24973261963420509
  0.26060790957020397  0.27145211686012627  0.28221474462760154  0.29308795265279247
  0.30413702997700748  0.31502268170438336  0.32571379173826931  0.33661474931607516
  0.34745380675172144  0.35784997800121698  0.36781826173720528  0.37793092168772413
  0.38843213400977106  0.39897434463856263  0.40962940408413373  0.42071178272212895
  0.43202470559193629  0.44256899790817761  0.45238765639232542  0.46217953256719452
  0.47206345536901212  0.48212090728068557  0.49182240862666049  0.50159400525747677
  0.51221087549765254  0.52315489713270169  0.53405434715801681  0.54504036464795735
  0.55613555508015033  0.56673479730199983  0.57662008156526168  0.58624434995029184
  0.59629509258484048  0.60672348404058563  0.61712558466446810  0.62740574560019702
  0.63753428135490919  0.64745182084831165  0.65685572987127405  0.66624436555994404
  0.67566546976259823  0.68527187311494298  0.69554757260460187  0.70639709656770677
  0.71782756832451966  0.72928946522379834  0.73863295461613643  0.74844704241658888
  0.75845682148969018  0.76829678695550085  0.77827395567596591  0.78839073333159460
  0.79927333431960046  0.81107055101926562  0.82273299722420334  0.83444229920318813
  0.84582487224540137  0.85694574754073938  0.86781556117046887  0.87839225964108658
  0.88830714833835100  0.89823460628809348  0.90814814926918686  0.91824546719204558
  0.92850684656103277  0.93867725799079205  0.94942770893539563  0.96013961422204031
  0.97066576011451766  0.98078680347258396  0.99036494713738410  1.00000000000000000
 -0.00349332032637671  0.01246486129865972  0.02548693418178507  0.03763567476966473
  0.04984292579751666  0.06160454057657250  0.07268936904146678  0.08363043085545013
  0.09489426565167212  0.10636904395919357  0.11763261020589462  0.12848148123079092
  0.13907487151286152  0.14968753544578411  0.16035794041728924  0.17121252931217434
  0.18243847093178406  0.19372009792417294  0.20474421053275460  0.21542745141516881
  0.22608722764680239  0.23656223935478315  0.24707198986965284  0.25719563111986549
  0.26694067488837808  0.27692183978799101  0.28707501402340868  0.29723751315353730
  0.30694992473294497  0.31714316990246277  0.32765609760993963  0.33826965005082665
  0.34849776754952866  0.35915190990413870  0.37013907734651169  0.38104823560044920
  0.39155530668071548  0.40206088069713730  0.41279169046358594  0.42372352904822363
  0.43438847060312130  0.44438909149089562  0.45414879475374054  0.46404745335105557
  0.47407838209200287  0.48389765713372407  0.49360601800894960  0.50358060167633789
  0.51377431070396373  0.52364962229340883  0.53331264252893973  0.54296454065377708
  0.55272547959813334  0.56213678808619905  0.57102398112685959  0.57994090185113867
  0.58934357633595258  0.59912993284310312  0.60894974236338506  0.61850100683277864
  0.62893911295472715  0.64008487903122102  0.65160100354938189  0.66293743305097885
  0.67410024123318524  0.68529451852288581  0.69663317120463564  0.70758851799009836
  0.71778091954092038  0.72811256821785619  0.73935122094049999  0.75077983259224346
  0.76157937658777075  0.77200316628785759  0.78239230683598449  0.79290568571950693
  0.80355423351841859  0.81378518743140782  0.82330954035257431  0.83277314494937227
  0.84265640071997872  0.85280143369191064  0.86295764283367971  0.87289585467726072
  0.88399197889792980  0.89517254383174083  0.90557327836469892  0.91594818918820498
  0.92686366465808090  0.93769212064375607  0.94791558454650637  0.95784517788932821
  0.96814254168009894  0.97875019849984157  0.98929426378781227  1.00000000000000000
 -0.00192103957784731  0.00837780591224816  0.01715492073072380  0.02657628481530037
  0.03627614941993244  0.04602944726007134  0.05659774543662355  0.06801131845955095
  0.08026473644515998  0.09160636873426921  0.10190439654781711  0.11197547730608572
  0.12166082536255057  0.13103458585086419  0.14027802513702473  0.14991992939686954
  0.15987446513827330  0.16990108323035436  0.18026671361268429  0.19162620218716567
  0.20328526690604104  0.21485485869253310  0.22610597893503592  0.23705832332748197
  0.24799106903311147  0.25892651842816916  0.26975639230446929  0.27998298812149375
  0.28980685863361694  0.29988546373389868  0.30991336544636866  0.31961076058768223
  0.32915781092560426  0.33896865842303925  0.34899961725226758  0.35891211606507778
  0.36864006544750394  0.37861464911213333  0.38899228279070197  0.39999651882944970
  0.41166327892379018  0.42296076717956288  0.43378975276344833  0.44445160113037346
  0.45495014932678879  0.46554876346245916  0.47649087946938085  0.48782156810792121
  0.49927034315786750  0.51051250148473570  0.52166392954367558  0.53334323526140248
  0.54487704988226493  0.55584575217954690  0.56704261871395467  0.57887746483229197
  0.59074936022951841  0.60251023062333342  0.61394316982267982  0.62493663534461874
  0.63617017936697928  0.64738601908881088  0.65839921952456282  0.66910137881063925
  0.67969652209475606  0.69030969728960612  0.70094518091535829  0.71146741590860718
  0.72211375142113465  0.73279547732472694  0.74362696105787207  0.75571845090506085
  0.76781709061707337  0.77863251910433218  0.78839198302055780  0.79788233243910989
  0.80743837354856207  0.81719282892835032  0.82673384284724916  0.83646988247769249
  0.84656515709202063  0.85686085924883182  0.86778231496906422  0.87877468498036349
  0.88951559096150745  0.89991101208644186  0.91009412738368700  0.92015962244786020
  0.93002146750904013  0.93991489382181348  0.94981404388074830  0.95981090832127047
  0.96976858027415735  0.97976754339994676  0.99003814133063905  1.00000000000000000
 -0.00094572507976000  0.00260297492364307  0.00632614438115540  0.00985403107637764
  0.01358511836996551  0.01748381210925203  0.02141850854748551  0.02552494768857576
  0.02972570320890819  0.03400214062863018  0.03831059107302495  0.04281497318587706
  0.04773996673122021  0.05279257168259273  0.05796203853913351  0.06330274107413600
  0.06878903744795214  0.07432530224366672  0.07989751829746504  0.08610034257729353
  0.09265182327474591  0.09951956937629063  0.10640162739126177  0.11326530224470482
  0.12027120037840124  0.12713269759867513  0.13379686614267494  0.14068346879406177
  0.14794461532645570  0.15557462839915590  0.16342228101944653  0.17158087252469909
  0.17996144635281305  0.18890317104035440  0.19877603680057326  0.20929089038801743
  0.22072749016081183  0.23286930017246416  0.24575340497755374  0.25977979232466203
  0.27479625338320152  0.29047880059875641  0.30661655680447908  0.32381809902285019
  0.34418343673118423  0.36828411754668305  0.39725825334485021  0.43901952214861140
  0.52497182546190035  0.58186120053313084  0.61692999880484511  0.64467242635361821
  0.66627813566795113  0.68562892661707575  0.70277208764335020  0.71877459349704054
  0.73460466413317893  0.74957853954097120  0.76296563635921388  0.77503779847650012
  0.78541309546838778  0.79513147050138189  0.80399933838792503  0.81281043342552861
  0.82097686807469217  0.82894280819180366  0.83699016418021832  0.84500197025360535
  0.85256981200116944  0.85979692607500546  0.86688652129664778  0.87413574797396143
  0.88153711880939711  0.88878074479057045  0.89584186217722517  0.90279897766657136
  0.90957918059947995  0.91612558316362658  0.92233954419112707  0.92857442657799238
  0.93465198498575586  0.94033679080734345  0.94558377126776738  0.95074654845595341
  0.95584500896948121  0.96059193811249344  0.96491637465716396  0.96901848735318308
  0.97296887247823671  0.97696300770008138  0.98089800562981788  0.98480392058085964
  0.98869468097083624  0.99254997562957548  0.99633006676424707  1.00000000000000000
 -0.00221708712620765  0.00854442696444980  0.01774426579737379  0.02771808832331030
  0.03817973956460897  0.04787209806540389  0.05740367847650927  0.06686385734630591
  0.07655372147298924  0.08620452278189457  0.09582256352164044  0.10557262626391889
  0.11596710196918415  0.12640147232265495  0.13739696860317138  0.14848849395855382
  0.15982897818594227  0.17052060515834014  0.18037560633462660  0.19061307142585060
  0.20076771500783944  0.21054895256159026  0.22041829841213711  0.22987119749940280
  0.24092667750573543  0.25134016943581727  0.26160315220109193  0.27203876828007101
  0.28289556474661293  0.29417255319215069  0.30499194055089851  0.31597364387366089
  0.32731658457910179  0.33787945797956609  0.34815762701540459  0.35880358227462905
  0.36968653769544846  0.38010001106925650  0.38997509760760302  0.40038962071318834
  0.41075111367746575  0.42076752954605101  0.43038862903158975  0.44032044677839022
  0.45090064866321089  0.46121800208942382  0.47094295606057685  0.48091421984190652
  0.49155058291556075  0.50265078029436994  0.51342751735423597  0.52395513952191031
  0.53490858408663178  0.54550418402844647  0.55578888734373988  0.56637191530379416
  0.57663561147551201  0.58632068372219870  0.59554918096955234  0.60503656502981351
  0.61491126788206651  0.62511716399930073  0.63559485561114804  0.64629129924141537
  0.65744469290165020  0.66869202604374745  0.67972388771762360  0.69070225139331320
  0.70154642879565521  0.71226158084065050  0.72260325367950606  0.73311656378888757
  0.74404650459614508  0.75547957108741282  0.76663244995854507  0.77799175750887462
  0.78907571392402132  0.80084901506424366  0.81270293707084074  0.82430355944358336
  0.83540500799419726  0.84622078180242921  0.85725371383500215  0.86863126760969067
  0.88016465792855714  0.89145967633350631  0.90248004642116686  0.91319872119517864
  0.92436386817779415  0.93563523777152180  0.94803233779227447  0.95952244184513902
  0.97002767203026974  0.98005961990472568  0.99000688493979760  1.00000000000000000
  0.20159717963685650  0.29709317114873962  0.33841412870148052  0.38278529640666370
  0.42087271424614608  0.45197315091910290  0.47384082485916562  0.48939938582586368
  0.50169743425710400  0.50886683726499116  0.51484169191028661  0.51982738853175980
  0.52389985652882343  0.52729534673844436  0.53054019236731320  0.53359067007536098
  0.53657802677660382  0.53954715480973203  0.54241025857409386  0.54497501021035122
  0.54743829762228868  0.54983503300862802  0.55218977547103965  0.55452093388089063
  0.55687420873774007  0.55930251967008193  0.56173188253963013  0.56419017002124305
  0.56673980891521425  0.56914906166410806  0.57162401204090085  0.57408755916557086
  0.57653704221499380  0.57897640995282429  0.58138507319240429  0.58375041205674372
  0.58611582005704455  0.58849686873514673  0.59084327465743958  0.59318098480848014
  0.59554904870328518  0.59796789971289477  0.60042471675615261  0.60289327266079296
  0.60536437953643907  0.60786956602728437  0.61045402713749874  0.61305846126837926
  0.61577321094027559  0.61844959810566680  0.62111097374230728  0.62377683225709635
  0.62651908784108157  0.62933109858280611  0.63220600436025065  0.63511767943180863
  0.63802024063695983  0.64094006150556715  0.64383031677299118  0.64673064573093630
  0.64983933111166314  0.65298994937617894  0.65617953398892581  0.65949383923560601
  0.66282723083360462  0.66621888563879095  0.66982780438208578  0.67349017045306492
  0.67703640550058453  0.68059654733025188  0.68423426529412334  0.68810631602304528
  0.69231224345046016  0.69669637472759471  0.70115550728575837  0.70559761678229438
  0.71024271920968096  0.71513401938549392  0.72030494862160799  0.72556921335389790
  0.73107121882493820  0.73679295525373667  0.74252492322023367  0.74847255243409627
  0.75506248643916873  0.76215559861773663  0.76950379719826001  0.77773173673470097
  0.78674723833206561  0.79682725540873300  0.80794801716921938  0.82078248929763320
  0.83649954806771243  0.85782368886160554  0.89341276891349541  1.00000000000000000
 -0.02063250394947590  0.13318780356392632  0.17371659152040017  0.19990498626701109
  0.22029005344194347  0.23690627089630664  0.25094188797131545  0.26371662734537521
  0.27544983080202623  0.28605999162197171  0.29585770251274118  0.30527500305059957
  0.31392002371070749  0.32184763941031858  0.32951817605619083  0.33681207529799717
  0.34375046957923727  0.35049115706333051  0.35688475789866719  0.36304359640086908
  0.36927517134709326  0.37530719336829715  0.38109139999281588  0.38652525146369471
  0.39183798179556867  0.39713971450453250  0.40247734175966304  0.40785225504365857
  0.41320504685530257  0.41829191988294318  0.42314478088329471  0.42793718848457185
  0.43267384378976698  0.43733818982075479  0.44192201120584329  0.44638463180520155
  0.45072975846440466  0.45496194170003462  0.45931426439321937  0.46357268802651780
  0.46790258379425692  0.47228874576632474  0.47677542687799979  0.48135976797848323
  0.48597073335362567  0.49045748757346319  0.49463891525238102  0.49893421264408794
  0.50323797324116359  0.50771345865543638  0.51232651871811552  0.51690068135569178
  0.52137188417506075  0.52587605213804267  0.53039606537416839  0.53497147264262634
  0.53959593897535352  0.54431871010556043  0.54913306695010011  0.55402064882583579
  0.55890735686788529  0.56359820945940464  0.56831051564664892  0.57312530095430014
  0.57807174676125994  0.58307157383530572  0.58781123940590774  0.59255845517523242
  0.59734008724244991  0.60213593160594259  0.60699026559331393  0.61192640324892300
  0.61693750667819192  0.62195584919654623  0.62714514446075109  0.63253217412582230
  0.63809625928274316  0.64369666132142345  0.64967269373864978  0.65647499827714084
  0.66365738204042379  0.67157018175889427  0.68008159792976586  0.68859030057554560
  0.69703014229694160  0.70562044991212447  0.71493994548112183  0.72529955882840902
  0.73654844963433808  0.74876901698737952  0.76236815626356536  0.77791718811667421
  0.79660178602848630  0.82469820261453608  0.86912119464925730  1.00000000000000000
   4.5170383619909415E-009  -1.0000000000000000     
 F F F F F F F F F F F F F F F F F F F F F F F F F F F F F F F F F F F F F F F F F F F F F F F F F F F F F F F F F F F F F F F F F F F F F F F F F F F F F F F F F F F F F F F F F F F F F F F F F F F F F F F F F F F F F F F F F F F F F F F F F F F F F F F F
  <DiscreteSampler_grid>
  grouped_processes
  1 # 1 for a reference and 2 for a running grid.
  10 # Attribute 'min_bin_probing_points' of the grid.
  1 # Attribute 'grid_mode' of the grid. 1=='default',2=='initialization'
  0.0000000000000000 # Attribute 'small_contrib_threshold' of the grid.
  0.5000000000000000 # Attribute 'damping_power' of the grid.
 # binID   n_entries weight   weight_sqr   abs_weight
    10   10   2.045244462766742E+001   2.151006004305477E+003   2.045244462766742E+001
  </DiscreteSampler_grid>
