  0.00282881574150513  0.01946878587933190  0.03348399527215325  0.04487825660105419
  0.05490686419304572  0.06480666226319758  0.07409196502532320  0.08332086827954761
  0.09277557117714570  0.10233796594666029  0.11202892200655543  0.12165413507730122
  0.13135672147564678  0.14113474825509481  0.15086901009840598  0.16067197282189172
  0.17044136451336261  0.18018153989685498  0.18999560149265080  0.20001022120167539
  0.21003535775395676  0.21995863924905054  0.22986601157977471  0.24005141556486320
  0.25039693000398727  0.26078902099055540  0.27105110325229409  0.28114060665187218
  0.29126002449475108  0.30143667213057063  0.31152853125386520  0.32149636986312563
  0.33134755192038073  0.34118470953615060  0.35093067286911872  0.36075498802251293
  0.37074272412695342  0.38102451256720182  0.39143693487427100  0.40160519796141958
  0.41154505405236341  0.42149388678174815  0.43155026172912148  0.44157832163622585
  0.45164346929180205  0.46179584055824507  0.47197432980150222  0.48208896501119369
  0.49197080655202152  0.50197977357601120  0.51203425100512079  0.52243376496368255
  0.53322077052470029  0.54408533978830265  0.55498424705670735  0.56574788822189082
  0.57632838675119735  0.58678222218109621  0.59707100812578950  0.60735265749490230
  0.61755984005191034  0.62754516384781667  0.63745852845918183  0.64755368111189493
  0.65788307797825596  0.66827154096216090  0.67851553220563077  0.68874818581243213
  0.69903841383777532  0.70929868241368987  0.71964646245851682  0.73016943004939483
  0.74078548826794144  0.75124231246090067  0.76145105373036837  0.77175967985903315
  0.78213260928797390  0.79248130346523449  0.80280557168967526  0.81325647438052096
  0.82392788286382246  0.83460702158560074  0.84531569412642471  0.85630019687922598
  0.86738114092180574  0.87838297647155084  0.88943731891069011  0.90055368639510358
  0.91180814147200184  0.92304105537870307  0.93428575774899425  0.94567826400890209
  0.95721279298553064  0.96966773646766835  0.98365886500483790  1.00000000000000000
  0.00000011681785715  0.00000952134676783  0.00002020541417878  0.00003415304511563
  0.00005065124904050  0.00006885300209228  0.00008817165910023  0.00010837532431298
  0.00012999404844589  0.00015224638147105  0.00017499826859668  0.00019974522036926
  0.00022476757190682  0.00025068656378788  0.00027761727022949  0.00030586006981234
  0.00033514960647681  0.00036587042484764  0.00039804756060737  0.00043181211409279
  0.00046692979317383  0.00050310724180692  0.00054030778957246  0.00057873887196996
  0.00061885439967659  0.00066040946783391  0.00070310404655079  0.00074657431667783
  0.00079119274266666  0.00083726569805243  0.00088459543968116  0.00093372028026899
  0.00098477853649553  0.00103694550592224  0.00109093696474595  0.00114823178594866
  0.00120729050049824  0.00126854043433814  0.00133392404910821  0.00140088620744596
  0.00146986132665540  0.00154224880380294  0.00162039577360990  0.00170073576737862
  0.00178471607013125  0.00187228441215501  0.00196108973439509  0.00205165521950751
  0.00215107766339534  0.00225531589389734  0.00236325262362315  0.00247591270732408
  0.00260575826609375  0.00273637823583451  0.00286954457497636  0.00301125598655713
  0.00315847448895167  0.00331143517902336  0.00347313553140699  0.00364320208817651
  0.00382060393758351  0.00400668471393282  0.00420428020276042  0.00440954024807420
  0.00461880257018082  0.00483875899930645  0.00507988973133219  0.00534181635679522
  0.00561741105640778  0.00592177651177909  0.00624256821806310  0.00657831110724025
  0.00694247362398263  0.00733269913570096  0.00773358449850227  0.00817014984468989
  0.00863332757888105  0.00911998103429039  0.00964843665816675  0.01021395735641555
  0.01080542848149765  0.01144633312503345  0.01214873394983997  0.01288056874541635
  0.01365337172514796  0.01450201848387251  0.01545332528392040  0.01657772669723737
  0.01788656906722344  0.01940447427309586  0.02118623707085508  0.02339699353500050
  0.02629000947705529  0.02975764217230841  0.03414046630176044  1.00000000000000000
 -0.00243564857415233  0.00955443824574739  0.01935931952485894  0.02927672426903075
  0.03939904361761757  0.04962673043319452  0.05983265855445180  0.07008592191626065
  0.08032108025388453  0.09040311060645637  0.10064368702038996  0.11139418796864302
  0.12239154981397410  0.13318028457969985  0.14344833834359424  0.15431784358586950
  0.16535263634065117  0.17693197456391321  0.18826192869110120  0.19942938100855476
  0.21054271255181339  0.22127681859900913  0.23215707326336305  0.24271805467420718
  0.25330156532109688  0.26391736380603925  0.27435339027674788  0.28477968325397041
  0.29493707938844965  0.30534893194951168  0.31581101145744805  0.32596007075492517
  0.33602800643400471  0.34563467611520204  0.35544508075963593  0.36550189046760007
  0.37574132085261103  0.38639908620482821  0.39704951814524753  0.40768771624858496
  0.41823964463773372  0.42882875998199893  0.43936948843333901  0.44955969248178429
  0.45962319253537054  0.46980112380952949  0.48026428107638891  0.49082237596243478
  0.50153154023153468  0.51238093002700091  0.52334474341398929  0.53416234581647581
  0.54491634579216996  0.55530017848881763  0.56570199949695921  0.57610459770625855
  0.58654701039134360  0.59682567992163993  0.60722200149122751  0.61738178259130483
  0.62727269156113319  0.63723289559706897  0.64779337632055367  0.65898920298771835
  0.67023987215188152  0.68139900313851476  0.69242792261655506  0.70362944457155119
  0.71455319508242010  0.72547651061548768  0.73601235902200346  0.74640671111176826
  0.75670467251011264  0.76690885514725671  0.77727211137952246  0.78771559041781292
  0.79838991000020676  0.80884171137146343  0.81925534503101649  0.82975314898141894
  0.84029732916585353  0.85076711906167868  0.86115754092024788  0.87167256215650790
  0.88228020695854292  0.89312254020991255  0.90379926330483240  0.91448837231343905
  0.92480548986758560  0.93538106731281501  0.94645559962593506  0.95738101355199656
  0.96794804405624568  0.97837377335038223  0.98915825485681930  1.00000000000000000
 -0.00264922574250804  0.00974106526278532  0.02064611091614636  0.03159549165349593
  0.04242797178752352  0.05290234629734687  0.06326843116205230  0.07355322713864286
  0.08385470951529032  0.09453988989083909  0.10538000140648095  0.11625755810552650
  0.12687918194465977  0.13746300630418695  0.14802849204346666  0.15850607416420187
  0.16920854778751748  0.17974229854438573  0.19065646264927119  0.20188104744500021
  0.21299509936262626  0.22365094995847515  0.23406502580569122  0.24457082381587750
  0.25527208117604000  0.26596797316953724  0.27678989449600566  0.28748385045787272
  0.29801096225124646  0.30838179411020072  0.31880253249019802  0.32919611392818926
  0.33956985430576198  0.34980156754165487  0.36015553326283573  0.37065472029367441
  0.38133474898622327  0.39209316424837759  0.40252043683093336  0.41275449419987292
  0.42281041320692153  0.43294780995096432  0.44322647769151824  0.45370512670507829
  0.46434114340518357  0.47516710637122223  0.48617952518992386  0.49723276272721256
  0.50802446969298742  0.51879075665737773  0.52968745406031059  0.54068216373880107
  0.55154029132528237  0.56224598284065308  0.57273688090056396  0.58318330905420812
  0.59354963842647734  0.60395258157777132  0.61459814162605086  0.62536305018684968
  0.63609978812758960  0.64667794366546627  0.65728479259985273  0.66785837023823358
  0.67820223017953385  0.68858240541965643  0.69899438959690474  0.70945901672826805
  0.71982744040018853  0.73017788288472885  0.74035380982141796  0.75048996471465601
  0.76058001650021267  0.77058087414598930  0.78086864684931179  0.79142458768334512
  0.80208688749705415  0.81265758604477289  0.82305820804906549  0.83354454868932037
  0.84388239543435650  0.85435849003426667  0.86493393001003993  0.87553142705565157
  0.88586632553150946  0.89635645334725167  0.90689584870196427  0.91751284641385478
  0.92784811096151765  0.93793609751145191  0.94826865753934475  0.95842146995355937
  0.96904850938292708  0.97918598057947692  0.98970355095702789  1.00000000000000000
 -0.00243810051783233  0.00935391097300112  0.01994903034100048  0.03051830293890971
  0.04113600554198468  0.05164356565490176  0.06194588011159609  0.07205776224208849
  0.08226334155711407  0.09264998789709245  0.10286235236041799  0.11322790138315365
  0.12366797081061776  0.13377643551090942  0.14376512105510483  0.15406536423747041
  0.16479211961299645  0.17542287737555173  0.18562421616188524  0.19622139229887922
  0.20673223098670396  0.21736733857455598  0.22779613888837352  0.23856502769831922
  0.24901798604833156  0.25955186773649991  0.27004636930494286  0.28093627692542988
  0.29172322973884002  0.30266356185989030  0.31343246051913248  0.32392580605019838
  0.33413396905842169  0.34475806358174943  0.35517874509712760  0.36564709788198907
  0.37609967965908037  0.38719601749947408  0.39841558744906125  0.40929246056375607
  0.42003080351012817  0.43067133959976917  0.44146367375413825  0.45184243844981198
  0.46210027697747896  0.47246549423364126  0.48297691898852357  0.49383665774205426
  0.50460470382200295  0.51520857671135933  0.52578784163537473  0.53627841838500290
  0.54692566010944765  0.55784059806464603  0.56874794640118365  0.57963197831238877
  0.59051930989972545  0.60163606048333618  0.61276982918346712  0.62370798423104334
  0.63416807974434597  0.64457166694195533  0.65481192620027462  0.66489625236321559
  0.67487141430788733  0.68485111520659236  0.69538854680394524  0.70603738429933027
  0.71697875800208655  0.72786387118715767  0.73866448954427888  0.74928155693162335
  0.75992133576700127  0.77040398577292302  0.78088816655785609  0.79131573998412397
  0.80169988867997866  0.81196723703968177  0.82210633559054624  0.83244571438346371
  0.84299592215618957  0.85335318807305593  0.86370611151345167  0.87396757073639975
  0.88433045221789697  0.89462440013777611  0.90494450770970236  0.91520508442308057
  0.92579041423915243  0.93608257770443992  0.94728454637450854  0.95801573180124433
  0.96873298558369869  0.97920851649993679  0.98971226239994581  1.00000000000000000
 -0.01722561034519214  0.25410962153262684  0.36499065146974191  0.43360131030231530
  0.47709426139722411  0.50466315421479335  0.52439888740423168  0.54000923479933638
  0.55240612363988417  0.56264397627509954  0.57140163290890833  0.57918721478715562
  0.58632891124738917  0.59300326864424302  0.59939238223525881  0.60523429505378368
  0.61062633457405802  0.61572970756613021  0.62071356547443279  0.62550109542955146
  0.63005748594072430  0.63448815032939831  0.63882759415906709  0.64308858956715564
  0.64723860679729861  0.65123567372954128  0.65510820949954818  0.65893049507158052
  0.66271214956252256  0.66643012386341216  0.67011072012715811  0.67376310399448291
  0.67737077675931334  0.68094671735145029  0.68448265301424105  0.68799716529155330
  0.69148848942908103  0.69500773379223357  0.69850979598011864  0.70198922922403739
  0.70541952130215180  0.70877874142600239  0.71207937545149680  0.71535210107690850
  0.71860047409824657  0.72185225244396001  0.72512219917285536  0.72839524257088961
  0.73166966562177149  0.73494686426272382  0.73820541358644831  0.74142089706722025
  0.74464045203387352  0.74792417179476123  0.75117005750759802  0.75440247486107104
  0.75762494947706105  0.76087399744761752  0.76413802295487088  0.76743860885318271
  0.77077978815899095  0.77417673126952413  0.77762131665867773  0.78107257634835026
  0.78451119330507146  0.78795215018265163  0.79142022337786488  0.79492750266871215
  0.79848722952135154  0.80205759422206879  0.80571879215587339  0.80941421975231231
  0.81322456408238308  0.81711404395065734  0.82098916563691104  0.82490476657239842
  0.82888969972319637  0.83299192544522949  0.83722059369646362  0.84154726413779857
  0.84591630714656574  0.85032391918594019  0.85494271505155073  0.85985956756672066
  0.86494577226623626  0.87013585931975401  0.87553076655936291  0.88137733126823592
  0.88764261790768517  0.89412848235806819  0.90127973980325771  0.90932740917179433
  0.91925292545779169  0.93256820197934920  0.95343166827227188  1.00000000000000000
 -0.02955062583873512  0.14474163482983984  0.18158711292911059  0.20314340672436051
  0.21866934088965009  0.23144909623095086  0.24228455030697305  0.25226169730165460
  0.26122112178811041  0.26972134814594850  0.27755146359564065  0.28497311581673851
  0.29220575139900840  0.29918700735860293  0.30587068270436396  0.31223481792246083
  0.31838316661011662  0.32439334990841029  0.33033432607888269  0.33620871941321645
  0.34199423664233236  0.34763823769658819  0.35310875722709206  0.35840092662842038
  0.36367489616749976  0.36893606381206207  0.37423695474896268  0.37962960878964475
  0.38505668919575470  0.39047028245863802  0.39580249165310949  0.40103090045459849
  0.40617015993349309  0.41123261098067354  0.41627301953988161  0.42127103313493858
  0.42626688286766878  0.43133973887950283  0.43639718588825510  0.44140732928491805
  0.44634164391155817  0.45123703747319288  0.45604125761997782  0.46092516722677945
  0.46581269310297696  0.47069319156729367  0.47561882602562633  0.48055103340678851
  0.48548523998387877  0.49047887802496365  0.49551773378279856  0.50056912488412797
  0.50552994212365066  0.51057347734838310  0.51561649125955478  0.52064868360026684
  0.52555717509365085  0.53040817916755123  0.53531914121618251  0.54032089697642594
  0.54532238321981685  0.55035278889328831  0.55536879024836527  0.56048672346146167
  0.56574049488477940  0.57114198052018850  0.57660156453058808  0.58209283015958935
  0.58771445801155575  0.59337285356515701  0.59896127017475498  0.60459687348654856
  0.61038180923428698  0.61634732281160198  0.62246526979506245  0.62866349373594921
  0.63484873438975897  0.64111395664649273  0.64751930552104175  0.65426802661587746
  0.66138075900682858  0.66860162238909093  0.67639327233128521  0.68432302109159904
  0.69259699081261072  0.70117918804483537  0.71011527548888176  0.71995867256815793
  0.73066745260498012  0.74225744261634741  0.75501615554365609  0.76955861946213355
  0.78718289431465915  0.81075105112477130  0.85270346120910367  1.00000000000000000
   9.2472771830240724E-009  -1.0000000000000000     
 F F F F F F F F F F F F F F F F F F F F F F F F F F F F F F F F F F F F F F F F F F F F F F F F F F F F F F F F F F F F F F F F
  <DiscreteSampler_grid>
  grouped_processes
  1 # 1 for a reference and 2 for a running grid.
  10 # Attribute 'min_bin_probing_points' of the grid.
  1 # Attribute 'grid_mode' of the grid. 1=='default',2=='initialization'
  0.0000000000000000 # Attribute 'small_contrib_threshold' of the grid.
  0.5000000000000000 # Attribute 'damping_power' of the grid.
 # binID   n_entries weight   weight_sqr   abs_weight
    10   10   8.706770982821075E+003   4.493307977311332E+008   8.706770982821075E+003
    11   10   8.706770982821075E+003   4.493307977311341E+008   8.706770982821075E+003
  </DiscreteSampler_grid>
