 -0.00270742892377266  0.01331777586819332  0.02643767876808440  0.03913043984618764
  0.05078866218974016  0.06177609434041269  0.07247463825366474  0.08375693212730126
  0.09605048671932276  0.10968664871869419  0.12297164660697195  0.13409681622564629
  0.14307851094424265  0.15160107824796279  0.16127251064159312  0.17078921363812141
  0.18114750127144533  0.19162180062988643  0.20325908463784093  0.21439276080384781
  0.22612653450992032  0.23824697396281558  0.25022433106729991  0.26167980987379746
  0.27333260085007804  0.28581124258025814  0.29778132818841568  0.30908992066938668
  0.32050528844670156  0.33160197525377888  0.34183530726694544  0.35252492808553409
  0.36429796377772500  0.37716632134561290  0.39017489086055041  0.40193328741446144
  0.41334456957893712  0.42369907053525324  0.43351435742116617  0.44343356756133301
  0.45344262092945858  0.46327435497383046  0.47329513763255360  0.48369897969486286
  0.49352365649621183  0.50225497241073036  0.51010575613440501  0.51771370592029153
  0.52719192144422844  0.54001554243039251  0.55136765647939601  0.56265018433054248
  0.57286085695367106  0.58389177846837992  0.59441651093631886  0.60464289961751982
  0.61497312652353153  0.62548328928682617  0.63630719555586335  0.64751472691560497
  0.65834382216945964  0.66959003062537237  0.68140096644398707  0.69223658986942604
  0.70280724714165999  0.71401249513424270  0.72364610600763724  0.73209763160697838
  0.74001392711162284  0.74938711343019737  0.75989776468676473  0.77075811293242857
  0.78139762327575357  0.79180766472372222  0.80200261569333875  0.81246458835429891
  0.82428493586152762  0.83606846860220640  0.84700389219064209  0.85734608408440971
  0.86635063454294514  0.87460938677407540  0.88265922406635244  0.89081670613079156
  0.89900500259978822  0.90800126598622444  0.91825258094686746  0.92639632521457405
  0.93361474312602111  0.94039393590294751  0.94798501790429501  0.95658294277488742
  0.96627610304551625  0.97570707686706970  0.98505571637020639  1.00000000000000000
  0.00028665594160968  0.00237615588042810  0.00377024914174260  0.00547251451792309
  0.00714685284549625  0.00812206440091250  0.00890368992179702  0.00958057749062994
  0.01015874957212614  0.01067251341706155  0.01114775600838467  0.01162849194595616
  0.01211941655217585  0.01260671676810579  0.01307441872580751  0.01349881573137876
  0.01388330962451322  0.01425010942410170  0.01462472221310953  0.01502691977829760
  0.01548325592894156  0.01593213750426183  0.01635992754390289  0.01676692412871103
  0.01716735376803850  0.01757974957282589  0.01802776603247423  0.01852847164799011
  0.01906789621661961  0.01960906439721838  0.02007955412372074  0.02056064845503606
  0.02103189395320432  0.02154887481795670  0.02215684415436056  0.02269855955871793
  0.02316012374533121  0.02357633692519067  0.02397863848655067  0.02442300635501913
  0.02489147770131336  0.02543704631364973  0.02599882416759779  0.02655401825412816
  0.02713588894162572  0.02769945967598565  0.02829870162420371  0.02892199095261032
  0.02950589198027026  0.03003978140607098  0.03056120396873402  0.03108324836447690
  0.03172336314005099  0.03249745776499700  0.03336797129555900  0.03425375810201707
  0.03509051050932418  0.03587492201183029  0.03655102940386853  0.03729874811890519
  0.03794844925442089  0.03857966297757860  0.03934037164239951  0.04038898962228586
  0.04144294105270047  0.04244950576672483  0.04343059029800159  0.04434354503362107
  0.04517952492358306  0.04602839473560084  0.04693883647817424  0.04825755186848910
  0.04984939622178264  0.05149968662581841  0.05332557663974360  0.05528783353656042
  0.05747990882085253  0.05953573964480954  0.06186357831412334  0.06410636072306702
  0.06625066191914097  0.06859363418450691  0.07100589621803509  0.07412064023512777
  0.07754178328123447  0.08182959464697956  0.08625755007897709  0.09114600288820801
  0.09702914735571046  0.10370103868286502  0.11070419265572282  0.11963518635513688
  0.13023429335749556  0.14274561516208564  0.17721326787589359  1.00000000000000000
 -0.00000256396612861  0.00014375674358694  0.00040702137090261  0.00069937260212083
  0.00103766017512508  0.00143101280214845  0.00186340037013103  0.00232975269599918
  0.00276812863830650  0.00320103422437297  0.00367529204373028  0.00415350231665999
  0.00466908961369814  0.00515273467924272  0.00564019397206561  0.00611998657250531
  0.00661436738823562  0.00709999186498099  0.00758602662907320  0.00804953498941468
  0.00858893551248215  0.00913702681256105  0.00975000470537645  0.01036106669841353
  0.01093272667775610  0.01149581136108300  0.01206392714545793  0.01265995275052253
  0.01329074893430338  0.01393292193755060  0.01457498807972475  0.01518502438705190
  0.01569585801050574  0.01619525003271952  0.01670983725227226  0.01723555230447330
  0.01774303220395981  0.01829333508518123  0.01890865462286788  0.01963593579026048
  0.02033444777068181  0.02098122736326192  0.02158788495302702  0.02223077634847342
  0.02291957771289229  0.02364010736918646  0.02430055873832227  0.02487201709356728
  0.02562823786849022  0.02655618753085331  0.02754074595514005  0.02849859453117541
  0.02938225306484891  0.03033924871877543  0.03136232404738153  0.03244947112708749
  0.03377615988952549  0.03513550967187228  0.03650633328945967  0.03819813213092167
  0.03983481911825469  0.04141029167002100  0.04288184482040469  0.04419667056765700
  0.04540269977472100  0.04680611320767953  0.04828634893930974  0.05003824955397118
  0.05209170556625630  0.05386633294394395  0.05537808175474304  0.05683581979743487
  0.05809629929243233  0.05897065665366336  0.05987741135805098  0.06082344493770157
  0.06190102356627161  0.06311828077705665  0.06469654912912642  0.06645747805645877
  0.06802684250747242  0.06944269365995431  0.07133642033223410  0.07337192312622448
  0.07545035303102773  0.07824456249411742  0.08066001227079786  0.08309731990713472
  0.08630951741308528  0.08929459340003303  0.09435481947832654  0.10548863222195250
  0.13769750918970602  0.16383609243698735  0.32246704546170463  1.00000000000000000
 -0.00303773178381947  0.00959143036136172  0.01965747676569276  0.02830578298437016
  0.03569077700177893  0.04238656358612664  0.05011446082443252  0.05884045752758608
  0.06801156030694427  0.07691614254800287  0.08439820070279233  0.09464467707478592
  0.10350029241451217  0.11201454319931162  0.12047654460772877  0.12920911545181080
  0.13790441387782248  0.14643472022413861  0.15556242543249807  0.16613437359699343
  0.17759057087377306  0.18810049629405742  0.20010846202953678  0.21358506948096931
  0.22855803380267922  0.24152952318292001  0.25150423339683692  0.26039623592315181
  0.26979224549943581  0.27900889677753488  0.28837622033489047  0.29682042151449789
  0.30495626923211888  0.31251047342452104  0.32042940227310968  0.32908418759049318
  0.33892403051415704  0.35036950457846433  0.36268189562630593  0.37444655174524916
  0.38527503352762721  0.39491574720454919  0.40343599075335274  0.41330937994040867
  0.42365364577714376  0.43300248940883806  0.44150412989513582  0.44913385207439760
  0.45724339797375924  0.46648265472410294  0.47655906739216819  0.48656702221440401
  0.49619096769364224  0.50505944366032063  0.51350179590035050  0.52249461336631775
  0.53242825473885347  0.54423897854551462  0.55553197319021397  0.56779566117598856
  0.57978099989668042  0.59170607724642199  0.60322348703915118  0.61452704926591795
  0.62529535436658812  0.63513556809850369  0.64479292666740107  0.65472284891642030
  0.66474315316884802  0.67550224017670046  0.68676894346066697  0.69874245217769970
  0.71270546297331494  0.72697452215913394  0.74042490786126924  0.75337154346986046
  0.76519254366697831  0.77662248457925176  0.78662579251760056  0.79764467150665330
  0.80878762307060770  0.81989549296600395  0.83148863669856465  0.84436016986638851
  0.85626508785631317  0.86761349745272109  0.87937340764663363  0.89152414440605765
  0.90341169411647437  0.91477929455162887  0.92664641034891060  0.93980321029431957
  0.95356273236713851  0.96756721864147843  0.98326814829943854  1.00000000000000000
 -0.00352634459706521  0.01153639673268791  0.02359727388586058  0.03519604226618407
  0.04718736682630610  0.05869243227688292  0.06983115969599842  0.08150563417379844
  0.09514425473197349  0.10791372269499507  0.11685569006083414  0.12590185900813511
  0.13583511146230876  0.14757076828391980  0.16236139235716102  0.17781182638825993
  0.19254608500163461  0.20604302944378849  0.21879943990162568  0.23006431072736641
  0.24066302865004111  0.25008633762441451  0.25973560607617185  0.26983650880604909
  0.27983114557282884  0.28821331424653696  0.29556851749848045  0.30277993819716664
  0.31092360128021007  0.31920556348856244  0.32700205697518753  0.33604406927140457
  0.34669115453602994  0.35740307174229041  0.36649881095423442  0.37496360145576713
  0.38340270767947576  0.39265504217654973  0.40191135135041833  0.41036199112533323
  0.41942440242045542  0.42904635917585698  0.44040679029283625  0.45050681673554110
  0.46010794052649617  0.46931350398496730  0.47885950996800958  0.49115509278790331
  0.50201943842199948  0.51042878643715883  0.51922237686806039  0.53007077082266607
  0.54103827411764327  0.55093829996414956  0.56067849773137002  0.57215896704868685
  0.58412307457378998  0.59462398640941883  0.60407611077176693  0.61322994888431337
  0.62252840508603646  0.63244505580071064  0.64312303134855142  0.65422631087122085
  0.66651433357684187  0.67948719717309258  0.69349603621147693  0.70693777330559449
  0.71891602763004092  0.72986723942146448  0.73955263336461574  0.75121894297881198
  0.76422008087022575  0.77586786612112213  0.78608262419378805  0.79745596729357393
  0.80983236063949471  0.82280190560708089  0.83551571286580673  0.84780939353631679
  0.85963335294933552  0.87090965815654420  0.88085889109978910  0.88981935510868670
  0.89806229580421537  0.90551120743079316  0.91303807030091133  0.92216413626107663
  0.93135311424984246  0.94017464847123877  0.94958389040869451  0.95918182845545474
  0.96871020316846046  0.97810743867015804  0.98904504176048536  1.00000000000000000
 -0.00560929696293542  0.02550910768743614  0.04472180879728509  0.05632802468362739
  0.06547185097342144  0.07443803512508694  0.08296894792748261  0.09052200544742565
  0.09800823688952237  0.10542990896885583  0.11237608569866510  0.11885280777633932
  0.12548030662466533  0.13208943267206935  0.13939965314474462  0.14581782808102245
  0.15438567236489750  0.16283839510939860  0.17118726451790420  0.17955344084001343
  0.18747770032081343  0.19591115203773929  0.20453547897295141  0.21278666475859048
  0.22083650278607295  0.22920284489979187  0.23777256633710886  0.24778234912879626
  0.25861666603582251  0.26715168789434895  0.27397740532274112  0.28062954233517357
  0.28703017331655023  0.29533149689953353  0.30487260535138255  0.31512747494021609
  0.32618347558685185  0.33593390615318230  0.34414849174061285  0.35202758311925542
  0.35988708650481532  0.36755173959130477  0.37459491992108346  0.38073063758046050
  0.38612138589757183  0.39175437521001205  0.39842817231773309  0.40605585180550824
  0.41475163980518615  0.42323570640144437  0.43172953801355279  0.43968407438391099
  0.44706172003113587  0.45418341606244278  0.46148629714418349  0.46965718455409083
  0.47795724226089409  0.48606975217203630  0.49416426506444744  0.50309371984762419
  0.51501168574628076  0.52758169887547268  0.54006596239925153  0.55038885998075537
  0.56021786470138113  0.57032519493495892  0.58115676933828186  0.59210572723935029
  0.60215464953420184  0.61095775426632060  0.61882434289368049  0.62639761708973873
  0.63414788481225348  0.64228997781354080  0.65184194645315885  0.66170916171374539
  0.67083216257280054  0.68016675103289481  0.69000193624708117  0.70155353859744662
  0.71377897234330978  0.72586374054680769  0.73914780496778831  0.75369722955735330
  0.76926151921249364  0.78584716399501597  0.80255518261497061  0.81885854296684846
  0.83401934816224410  0.84932565758489986  0.86649153173303184  0.89035399174053198
  0.91301261437823933  0.93680007020700962  0.96627569473437913  1.00000000000000000
 -0.00309169246283306  0.00960768458069002  0.02000852108185030  0.02886174177264493
  0.03807290189004463  0.04845408163105019  0.05968842017791836  0.07035446768363640
  0.07973694368993413  0.09186047173482163  0.10515610562851008  0.11638230170394923
  0.12690112397271011  0.13859006708009058  0.15143063148001032  0.16493552870279274
  0.17823606681119292  0.19038618632961671  0.20141147786205515  0.21243260296417399
  0.22440291059374123  0.23647830810531234  0.24849844965589490  0.26015132181943329
  0.27095284654290275  0.28165533124012582  0.29297850946714493  0.30593497987730428
  0.31876049349769819  0.32923546028705453  0.33963497287993399  0.34901528708918222
  0.35909561472159707  0.36834263246355980  0.37869691707747305  0.39036958698429303
  0.40244171383186672  0.41420642513684042  0.42495775250344237  0.43435556385336371
  0.44358617722665988  0.45259070035335563  0.46064825458878272  0.46873639643712167
  0.47797418540590231  0.48962793908328966  0.50208724920816372  0.51301927131346370
  0.52357651743954947  0.53354842111312717  0.54332992887841247  0.55291133716744079
  0.56258006052931842  0.57393766925975298  0.58268405039714566  0.59186509716172486
  0.60171034555497560  0.61424551994248155  0.63007511706264185  0.64421841105142807
  0.65587686468945949  0.66594557227932438  0.67609397025117257  0.68536900387369015
  0.69256682406387249  0.70021802338618444  0.70832026029244799  0.71619245259440723
  0.72315486399014040  0.72972078977740884  0.73686615219302909  0.74394325853487642
  0.75255510086887845  0.76369612680963694  0.77549318318740401  0.78580162535439513
  0.79637809054339681  0.80633649600924862  0.81713345705136586  0.82791504686514350
  0.84011331788803667  0.85295386310293198  0.86439494743733036  0.87551307533448663
  0.88575965934238643  0.89461131288914075  0.90322794860882283  0.91255351762315484
  0.92362521411411647  0.93580010511464229  0.94721484521381183  0.95732370600517491
  0.96647764907162759  0.97609934863691405  0.98736822837929905  1.00000000000000000
 -0.00284677162627250  0.00781741419310911  0.01788038075531441  0.02825054415263792
  0.03968591307900736  0.05097515228689678  0.06129587076831591  0.06976958746796066
  0.07814646144508047  0.08701838336841190  0.09645401077295375  0.10682959031971359
  0.11691960557112810  0.12682793842505222  0.13712308382170513  0.14740598523323656
  0.15943860838966709  0.17196292569889746  0.18335619775357784  0.19376383793573068
  0.20379793338741289  0.21565253311170166  0.22776484533776148  0.23834268291270552
  0.24817249018767684  0.25693604995006841  0.26794777619693405  0.27956485383230117
  0.29010024733495982  0.30000520592655355  0.31030150117794497  0.32191457735500456
  0.33411184119375620  0.34551975163086862  0.35621344443740766  0.36619300706854446
  0.37677988680895347  0.38833904716538992  0.40038261400018960  0.41261800575574709
  0.42395321424655413  0.43497504948447935  0.44634130864825888  0.45795835621730979
  0.47071253610891056  0.48410437152582675  0.49748590686579747  0.51067707897490078
  0.52316148955700825  0.53485967945925139  0.54558425818207446  0.55569326913042794
  0.56619992856005297  0.57813752011573594  0.59055053058751028  0.60232960499232002
  0.61395862500293163  0.62561642145939811  0.63741265054188379  0.64962312416810031
  0.66219031367930159  0.67328097248429652  0.68340044457287830  0.69394428629587857
  0.70421032513419657  0.71433018299381479  0.72530676087732637  0.73858188927201174
  0.75389218839445082  0.76591336915622499  0.77774293408935002  0.78800088190705719
  0.79782675055522367  0.80700836008397137  0.81617343183592117  0.82493214629418155
  0.83376139232518198  0.84127736422693233  0.84902601542917666  0.85647722207210009
  0.86488288479694109  0.87360234811344728  0.88420372103921252  0.89542944942768465
  0.90894178237006507  0.91972152111229954  0.92765802652181073  0.93538024792847396
  0.94257077388205823  0.94965968916511134  0.95684971197361968  0.96476060428649146
  0.97261679411952318  0.98005053501885464  0.99006063841116110  1.00000000000000000
 -0.00295969383949249  0.09888799207569642  0.28783759776307671  0.44743937664758043
  0.54618729862257964  0.59821117919354194  0.63169097126977769  0.65762422323043590
  0.67926679799265066  0.70028696528886591  0.71772406838027258  0.73114138960403685
  0.74249497097069705  0.75290278387874454  0.76201294058610913  0.77109128110969161
  0.77955895433545530  0.78798260475582704  0.79503856041614873  0.80070511366539154
  0.80561267882505427  0.81018160886266088  0.81442751689770743  0.81865695472442346
  0.82265422995169601  0.82655807586757846  0.83035044270758673  0.83371949863289452
  0.83688476228011277  0.84007286928733804  0.84325549868636085  0.84624125303642628
  0.84913869606583892  0.85206903310729376  0.85488739614006604  0.85793069543491984
  0.86080844652759470  0.86353986737190824  0.86611914212713759  0.86874351316323828
  0.87136176741012072  0.87377588481527491  0.87593762029974698  0.87795612754662511
  0.87985602541968366  0.88192807745337820  0.88398256046483281  0.88602033588626905
  0.88798267535602116  0.88983254482945018  0.89166804186627691  0.89343538554662194
  0.89541723171330379  0.89749548447349503  0.89969592813911281  0.90211293366868794
  0.90461726785051122  0.90669873886869390  0.90843838374649799  0.91005378519407876
  0.91158986056690583  0.91307308127165399  0.91474941401188192  0.91645117917214647
  0.91806479187657786  0.91975661266820685  0.92165063945033143  0.92323650011487457
  0.92467849368174393  0.92615406433011283  0.92764406710723535  0.92919563885736189
  0.93089549037353458  0.93281974580440852  0.93486968686109262  0.93659393626583087
  0.93884928275711355  0.94105881274383552  0.94320109283584064  0.94530649371235986
  0.94756834836026327  0.94950617635033840  0.95137958048080395  0.95327357794446788
  0.95533811356468246  0.95751900158255343  0.95966255257594835  0.96186710695938338
  0.96419316179175019  0.96656951385760670  0.96908461996700013  0.97223815246554823
  0.97628880983007060  0.98188477019724851  0.98927193236569899  1.00000000000000000
 -0.01461366065167099  0.09262618319107432  0.13476468856056500  0.16256679778509575
  0.18122386127452647  0.19666784967555673  0.20937916926410508  0.22379541329527042
  0.23952419152816312  0.25476116684578948  0.26589456314577714  0.27629064650849866
  0.28688553025583285  0.29776191728243795  0.30882844630186196  0.31928775359182965
  0.32796363516079918  0.33607005235766074  0.34322466938348195  0.35013811963905428
  0.35750228877241819  0.36487715202692916  0.37261754885668352  0.37989801117036370
  0.38625818921201688  0.39204004875628018  0.39733939997409007  0.40312465289714322
  0.40938280193628290  0.41618819516133942  0.42351080661690782  0.43138805229359217
  0.43789913854698015  0.44406682741148051  0.45066552852646219  0.45777513369113326
  0.46495175797721622  0.47232160200448636  0.47908795136875809  0.48447580673207025
  0.49053369837682081  0.49673011871540229  0.50293275504519774  0.50958391633071476
  0.51535976020188901  0.52055741228270536  0.52541382781705914  0.53020979948557256
  0.53555610272497800  0.53995471551053797  0.54443953318878024  0.54856091123093942
  0.55384851570141558  0.55879600867890133  0.56343322345960034  0.56833342616823412
  0.57320201951713978  0.57883514406804293  0.58547036732500224  0.59353146918417854
  0.60159967414585702  0.60817448457201906  0.61311846552396576  0.61802915118120827
  0.62300955902776467  0.62789185548258342  0.63269288525503331  0.63790262929903641
  0.64316999906124983  0.64913024099790329  0.65571474945364372  0.66222032288769483
  0.66901246555296712  0.67632877150969128  0.68331180180335105  0.68955459514797102
  0.69561816826793543  0.70251681087979090  0.70977512250051344  0.71676668402406696
  0.72344790968770933  0.73013457447811170  0.73759463448927953  0.74555278855417506
  0.75494340503675117  0.76601227379631753  0.77704230443065025  0.78840694735768235
  0.80006826846165402  0.81287948561447854  0.82656405838485281  0.84171287740438805
  0.86297219536307657  0.88979478521730337  0.91924404776483337  1.00000000000000000
   2.7654981426812453E-012  -1.0000000000000000     
 F F F F F F F F F F F F F F F F F F F F F F F F F F F F F F F F F F F F F F F F F F F F F F F F F F F F F F F F F F F F F F F F F F F F F F F F F F F F F F F F F F F F F F F F F F F F F F F F F F F F F F F F F F F F F F F F F F F F F F F F F F F F F F F F
  <DiscreteSampler_grid>
  grouped_processes
  1 # 1 for a reference and 2 for a running grid.
  10 # Attribute 'min_bin_probing_points' of the grid.
  1 # Attribute 'grid_mode' of the grid. 1=='default',2=='initialization'
  0.0000000000000000 # Attribute 'small_contrib_threshold' of the grid.
  0.5000000000000000 # Attribute 'damping_power' of the grid.
 # binID   n_entries weight   weight_sqr   abs_weight
    94   10   4.696330199283490E-005   7.952143069483122E-009   4.696330199283490E-005
    95   10   4.696330199283493E-005   7.952143069483130E-009   4.696330199283493E-005
  </DiscreteSampler_grid>
