  0.00000024477595367  0.00000212432790951  0.00000592352287922  0.00001642151718551
  0.00004584155403780  0.00012319316250008  0.00026290602965673  0.00044104020143173
  0.00063869763874741  0.00083262463605559  0.00100530958554000  0.00115908732067786
  0.00129714654044512  0.00142543959493779  0.00155074085777350  0.00167003366797881
  0.00178566331280556  0.00190009999361932  0.00201072335364226  0.00211266441575047
  0.00221002668083856  0.00231096348117109  0.00241734613619315  0.00252636107984704
  0.00263416860255089  0.00271336107271579  0.00279913994371390  0.00287908527408095
  0.00295049506689527  0.00301665783431816  0.00308131050177617  0.00315058171292695
  0.00322489102652948  0.00329740062314746  0.00336409906691890  0.00342650714961161
  0.00348704099219026  0.00354375938117987  0.00360532651898866  0.00367501107671343
  0.00373090110350989  0.00378323231782402  0.00384094916339431  0.00390548818513394
  0.00397302654978078  0.00403606440027492  0.00409395903800138  0.00415201113459146
  0.00421225428270944  0.00427368874166824  0.00433821081669040  0.00440282766732944
  0.00446617229956771  0.00452746224011802  0.00458544698179227  0.00464238296043233
  0.00469851457104461  0.00475273988330130  0.00480661764352568  0.00486677418847192
  0.00493388792331959  0.00499911252628310  0.00505989859296597  0.00511464489258126
  0.00516951449356053  0.00522510773167866  0.00528402562571013  0.00534165785802329
  0.00540067702956487  0.00546484301618982  0.00552998984265780  0.00558970433273116
  0.00565687561491777  0.00572968759965506  0.00579968503406254  0.00588348463397498
  0.00596904913322289  0.00605347011021368  0.00614218910228388  0.00623629524767007
  0.00633600398316884  0.00644505937315875  0.00656737833010891  0.00670501105756224
  0.00686174000819686  0.00703615722599605  0.00722670074642421  0.00744632116332996
  0.00770409995236075  0.00800377315033099  0.00836383695728485  0.00882319645965972
  0.00960096131761129  0.01479213095289160  0.25498275366439282  1.00000000000000000
 -0.00001004077646179  0.00005465181247569  0.00011064671658059  0.00015919399064905
  0.00020340508503931  0.00024463760983370  0.00028341479301720  0.00032025454970286
  0.00035532045107261  0.00038929886346309  0.00042334161097091  0.00045827664118169
  0.00049301694541492  0.00052770752625894  0.00056298895267550  0.00059822204441224
  0.00063383644866074  0.00067039994329112  0.00070841665303435  0.00074654181608463
  0.00078552819193006  0.00082606626883193  0.00086891209584561  0.00091281859284647
  0.00095783162507616  0.00100530058953242  0.00105580430782839  0.00110667850366059
  0.00116206030156997  0.00121977192086377  0.00128293240974031  0.00134870883543377
  0.00141409625857875  0.00147922074682575  0.00154587282733476  0.00161689448429413
  0.00169173024722443  0.00176962551709833  0.00185021921116155  0.00192891190629994
  0.00200660600338680  0.00208757126708413  0.00217330826258677  0.00226310518177798
  0.00235547900740239  0.00245337528012161  0.00256382784637730  0.00268775853086024
  0.00281660402761460  0.00293901759004326  0.00306503126185143  0.00319514260491442
  0.00334502758739046  0.00350905739651644  0.00367914396757635  0.00384286293887235
  0.00401389214314215  0.00420728702609581  0.00440741199906020  0.00461972164399967
  0.00487014712934079  0.00513447033994066  0.00551844388704195  0.00590871736488052
  0.00629593644310551  0.00669357679453008  0.00710776592738207  0.00758395231078961
  0.00802782617232824  0.00840044151481256  0.00880277004749663  0.00924861105955651
  0.00970296310360334  0.01014984722408197  0.01062057333563346  0.01112296082282190
  0.01171192645990551  0.01224014513477375  0.01280286783816507  0.01350359631349853
  0.01434939323076493  0.01515776366788418  0.01600623372174251  0.01697231496215848
  0.01806914005685827  0.01927693936228954  0.02069721147041906  0.02219846625594772
  0.02368711701245757  0.02505760399624326  0.02724482207059204  0.02892096687066894
  0.03348112156511250  0.05637989220950529  0.07904356843933029  1.00000000000000000
 -0.00213191691641486  0.00867963162111171  0.01953613522909313  0.03089668161992825
  0.04245067804555293  0.05359258355019790  0.06514153534798733  0.07670338840776740
  0.08781289145310713  0.09769809482705438  0.10737589716926918  0.11727914455482580
  0.12732428795190381  0.13679384154071814  0.14639567340301379  0.15654882049723559
  0.16641835949650102  0.17383729210287660  0.18255503246972299  0.19202459382737289
  0.20093860057886032  0.21004290678147972  0.21908317196121477  0.22754401132806490
  0.23784854693525523  0.24921145046492482  0.26012058334077881  0.27054632987380600
  0.28125998469960334  0.29216715123263515  0.30252832097546029  0.31248119820081971
  0.32226248908957839  0.33256099436223546  0.34377781639401445  0.35509016187021403
  0.36639209529073746  0.37782444048316988  0.38928923473725791  0.40068041120406483
  0.41180853455492761  0.42269713465140929  0.43343293258720361  0.44402811496213901
  0.45443324035652505  0.46503344955505765  0.47561287720028822  0.48641826215347267
  0.49718861751940213  0.50807909661187989  0.51912645996706019  0.52996610712852288
  0.54069949268487483  0.55159199951942961  0.56247702817649436  0.57305203763469326
  0.58334045405772617  0.59345094909839424  0.60346283166829928  0.61348169845944911
  0.62362444245032378  0.63413610599253456  0.64514561409932514  0.65627480500711555
  0.66730612262033795  0.67796165539633679  0.68808077919864652  0.69785435666676365
  0.70803101710576510  0.71873133816835333  0.72960877120088263  0.74046374533336412
  0.75107573658952997  0.76151559200545482  0.77196480571498793  0.78257337233013202
  0.79334312320314382  0.80413655876157553  0.81503782728069274  0.82624249411654149
  0.83745521286667302  0.84817442157953626  0.85856706372684044  0.86891650841880685
  0.87943194756774512  0.88967763679716549  0.89999753857062048  0.91062424269143838
  0.92182222308804540  0.93452860858933162  0.94698009934070104  0.95836002119346109
  0.96841339084347189  0.97864986318405323  0.98810712656069311  1.00000000000000000
 -0.00013941061921626  0.00051358763371920  0.00091184220030296  0.00119390427914088
  0.00143412384510140  0.00165535902438987  0.00186466327296600  0.00206648678018790
  0.00226357166866034  0.00245885662291264  0.00265720898283851  0.00285853540577713
  0.00305710753495965  0.00324955764632731  0.00343949404316874  0.00363367287332166
  0.00383810223411096  0.00405476222227954  0.00428514296456059  0.00452907454900196
  0.00477893961505394  0.00502862351931667  0.00528331012227495  0.00555240924237928
  0.00585078069505533  0.00616677534958168  0.00645729099613299  0.00673550045678888
  0.00701686452478537  0.00731293929421647  0.00761427706232345  0.00791337934483079
  0.00821949630196037  0.00852941086260712  0.00884911140756738  0.00920853709986004
  0.00960539876712569  0.00997674244477753  0.01033938135354219  0.01069715964907384
  0.01104457592677150  0.01137161212856983  0.01171116196211873  0.01205587525584890
  0.01242447847670241  0.01283467552682865  0.01327471242865265  0.01368141707836315
  0.01404936898044584  0.01435762610791366  0.01471191839209038  0.01504205474597055
  0.01543346746762656  0.01586107607388427  0.01628029665021964  0.01665773434777542
  0.01700933475841857  0.01734624987810785  0.01770961620264731  0.01799150704132661
  0.01837057274855085  0.01882435755761111  0.01926219983057931  0.01971553506294669
  0.02025583901402660  0.02090731696218054  0.02153480939665543  0.02218286386280657
  0.02283817422020983  0.02349652269239087  0.02415888864880183  0.02474446060819357
  0.02537278003570129  0.02599607685032147  0.02654826797343261  0.02706017988972915
  0.02769819162627463  0.02854585891819894  0.02945710408201416  0.03032766355863277
  0.03124214180819232  0.03236216024818869  0.03365941283465654  0.03509423996500206
  0.03658119223484613  0.03802082954408936  0.04000018857316336  0.04249796600030157
  0.04726826160480867  0.05376596092699096  0.06006497676296467  0.07078839506610105
  0.08785696752724663  0.10945055711193313  0.13633997946527793  1.00000000000000000
 -0.00171513663503942  0.00692825613548203  0.01542040004058913  0.02349588961558567
  0.03157376574596129  0.04026554239656038  0.04736715668203987  0.05507234646778551
  0.06261787081836763  0.07034867664070840  0.07847565215202797  0.08640744841146594
  0.09350065565187002  0.10027708255274324  0.10730438525669936  0.11445230654830006
  0.12177776274998486  0.12939899211877404  0.13691369995458105  0.14422095421851192
  0.15231890387998193  0.16123056781198075  0.17007683073124960  0.17833781745989935
  0.18646894030432526  0.19479170195638110  0.20321645074126013  0.21179808216052118
  0.22060449225675835  0.22977377338255789  0.23942618001177302  0.24956766256679408
  0.26044975910016999  0.27188160585299265  0.28324986590289530  0.29479884461415196
  0.30679703464144165  0.32015701391613993  0.33518064530267389  0.35167739133354986
  0.36947631893230526  0.38808612777030654  0.40745726564946183  0.42754800464889881
  0.44633740037667280  0.46362408108548608  0.47958573771402835  0.49526038861519861
  0.51416131349874128  0.53357037435757115  0.55245934878745495  0.57025079731968698
  0.58790917220723771  0.60519561383206943  0.62280653785858653  0.63983153812105753
  0.65560913375905316  0.66992915318615143  0.68346557831686627  0.69650269230165951
  0.70867381283924624  0.72031220228171244  0.73096518711605885  0.74125541678427320
  0.75128555486980375  0.76099512059705965  0.77061077539770806  0.77974167716865639
  0.78894005082729246  0.79803447272247863  0.80728709656430753  0.81605051072249257
  0.82441019616591160  0.83232813040254805  0.84013316767013924  0.84801367783810255
  0.85573399310332943  0.86306076970041701  0.87049956961427322  0.87816480182754864
  0.88598611537344540  0.89405557914799461  0.90220139300086577  0.90997693159017068
  0.91768917386103588  0.92554625438620253  0.93335705918248857  0.94081312828553865
  0.94769426418539515  0.95450581467202833  0.96165081584881540  0.96918808536030376
  0.97689894526075238  0.98447713612113852  0.99198472657667980  1.00000000000000000
  0.04012220534384764  0.48028722378268235  0.65005750130037776  0.75397911630184522
  0.81527191743292005  0.85440903710490790  0.88088442761690389  0.90035223086339555
  0.91535127520276216  0.92721733944164908  0.93681086859165363  0.94458367826300904
  0.95109778059379213  0.95654203678482019  0.96074965487424180  0.96425544740165547
  0.96742030224726905  0.97025507932507671  0.97276683733786384  0.97500910636766980
  0.97703187958247573  0.97886640590856788  0.98049163627651792  0.98195847280940984
  0.98331396155370998  0.98456310606878739  0.98571807474795869  0.98677676939495051
  0.98774771762558933  0.98864918924639511  0.98949377830037699  0.99026572513638189
  0.99097026098599594  0.99160761349055349  0.99219648682613515  0.99274080251645125
  0.99325200462456031  0.99372961301455720  0.99418371210436052  0.99461385660939594
  0.99502579126223067  0.99541361641020154  0.99577930736005849  0.99612136733394097
  0.99644079339332869  0.99674192799704253  0.99702351710636461  0.99728553394370145
  0.99753366419446987  0.99777280611413588  0.99799113310473642  0.99818273755205134
  0.99836304734055992  0.99853361518177286  0.99869495922762752  0.99884526367700754
  0.99897991225369898  0.99908872756169775  0.99916430969961079  0.99921511852245659
  0.99925287654322836  0.99928329835749563  0.99930864048716217  0.99933002227760681
  0.99934916599705981  0.99936740143695812  0.99938449185000555  0.99940129841790271
  0.99941735428005307  0.99943311416755798  0.99944869568901551  0.99946401301681198
  0.99947896819869375  0.99949348084995437  0.99950748211399176  0.99952099830807661
  0.99953417427460611  0.99954754569574689  0.99956108129491039  0.99957503035578932
  0.99958926022658545  0.99960352840939948  0.99961775661281471  0.99963211857205381
  0.99964680558529007  0.99966193617537391  0.99967797249552515  0.99969497120826178
  0.99971299717552631  0.99973233770971981  0.99975322343412931  0.99977603373379542
  0.99980206383488646  0.99983417574923705  0.99989244755497708  1.00000000000000000
 -0.01504000456905795  0.06744456443651511  0.10221643509454226  0.11532762170556386
  0.12680895912361542  0.13567856117063762  0.14351191050196885  0.15032146443635105
  0.15647459771441088  0.16214149458252228  0.16750997547656157  0.17188621281513047
  0.17616753115575798  0.18019756599968156  0.18401592915656936  0.18788689166916686
  0.19172747307701679  0.19518093515455665  0.19863185148481749  0.20250710939546634
  0.20652194514584826  0.21077546209915318  0.21511091158766257  0.21933611735011718
  0.22336755950400444  0.22728440204485539  0.23097891679639074  0.23441792161518965
  0.23780495709711849  0.24094965909427546  0.24406825746763924  0.24736675689452248
  0.25093433764205231  0.25451816609581951  0.25802172464590906  0.26141557378180624
  0.26476366641639115  0.26871586126669017  0.27293268260712361  0.27677120983332332
  0.28082027739214077  0.28499553104826519  0.28896929582582620  0.29302371940664579
  0.29783024561492299  0.30303606529453836  0.30803253730187297  0.31310848902334448
  0.31835820287141320  0.32368747180693147  0.32937113764587100  0.33547570425381412
  0.34189549520647972  0.34850560910878109  0.35526880599170318  0.36216328367678141
  0.36923561916096920  0.37662703211671722  0.38408380359365851  0.39145766366825291
  0.39885758462416260  0.40634963501193055  0.41388395870429512  0.42138959810907034
  0.42883927335419708  0.43625122086789958  0.44359651982108278  0.45104932740917852
  0.45889335372066997  0.46693935495742750  0.47451216047646566  0.48236437942749522
  0.49049421348412997  0.49908177858062758  0.50786042263780629  0.51668802525572222
  0.52573768705536905  0.53505473482240673  0.54442702376155683  0.55381352734597433
  0.56343358666195564  0.57334446877155365  0.58348810137222584  0.59390620407566530
  0.60489608053828914  0.61700410495245717  0.62908694444917990  0.64217544789527348
  0.65525847586523789  0.67020533700452678  0.68662704590441559  0.70565213888707090
  0.72845663469598454  0.75859039237608972  0.80864274994808460  1.00000000000000000
   9.7224681008165605E-010  -1.0000000000000000     
 F F F F F F F F F F F F F F F F F F F F F F F F F F F F F F F F F F F F F F F F F F F F F F F F F F F F F F F F F F F F F F F F
  <DiscreteSampler_grid>
  grouped_processes
  1 # 1 for a reference and 2 for a running grid.
  10 # Attribute 'min_bin_probing_points' of the grid.
  1 # Attribute 'grid_mode' of the grid. 1=='default',2=='initialization'
  0.0000000000000000 # Attribute 'small_contrib_threshold' of the grid.
  0.5000000000000000 # Attribute 'damping_power' of the grid.
 # binID   n_entries weight   weight_sqr   abs_weight
    19   10   2.086042026684953E+000   3.250707007733108E+001   2.086042026684953E+000
    20   10   2.086042026684948E+000   3.250707007733088E+001   2.086042026684948E+000
    40   10   2.070185046480455E+000   3.207949655846856E+001   2.070185046480455E+000
    41   10   2.070185046480449E+000   3.207949655846834E+001   2.070185046480449E+000
  </DiscreteSampler_grid>
