  0.00000075428586330  0.00000080792815443  0.00000085135917020  0.00000089384709100
  0.00000093374786274  0.00000097364863448  0.00000106621548351  0.00000115139313122
  0.00000124259217439  0.00000133505563895  0.00000142275964249  0.00000151242361416
  0.00000160322995376  0.00000169928827845  0.00000181542801534  0.00000196002834151
  0.00000214562727524  0.00000228903475073  0.00000239002015258  0.00000248613841702
  0.00000258338193632  0.00000269183256999  0.00000281688459976  0.00000295238415768
  0.00000310192063809  0.00000325957875448  0.00000342160232948  0.00000357895370912
  0.00000393968004108  0.00000425530257357  0.00000458782498475  0.00000495178281718
  0.00000534671783146  0.00000580874334349  0.00000638498157691  0.00000705995487149
  0.00000769747250196  0.00000820389728884  0.00000876620333586  0.00000950920162960
  0.00001023528001075  0.00001103897257975  0.00001174900288763  0.00001255434814337
  0.00001342836533157  0.00001445167716495  0.00001567410613412  0.00001690543888396
  0.00001825393901540  0.00001963226280172  0.00002166080507613  0.00002434564787219
  0.00002764719651539  0.00003157919017965  0.00003573022752422  0.00003981917325400
  0.00004427780000235  0.00004969124333345  0.00005694025231764  0.00006671219776948
  0.00007671052567372  0.00008489583647865  0.00009424226899561  0.00010489618914295
  0.00011632148253102  0.00012973938777433  0.00014648539377083  0.00016339235465167
  0.00018112505139477  0.00020003317123329  0.00022105165558636  0.00024852613201177
  0.00028241374534896  0.00031895201943410  0.00035152475728060  0.00038813146039299
  0.00044158962718902  0.00051923501430828  0.00060703278236672  0.00068420652280819
  0.00077293594919991  0.00091165395225205  0.00112959750291438  0.00136499740051538
  0.00157434648085083  0.00179249250225536  0.00214400705344060  0.00232387923539988
  0.00251319683226169  0.00281221048340175  0.00320815624874889  0.00348341199278211
  0.00379299509495001  0.00572527281800006  0.01308794880899130  1.00000000000000000
  0.00000035931804258  0.00000058053154404  0.00000081089721276  0.00000102500117833
  0.00000125413039072  0.00000152491974146  0.00000184788533374  0.00000225948638500
  0.00000287919825717  0.00000332915868740  0.00000369944208954  0.00000405586586368
  0.00000441650437122  0.00000481562831149  0.00000524789463237  0.00000584910381802
  0.00000715732934120  0.00000914448454938  0.00001143278327750  0.00001373663282788
  0.00001598216298871  0.00001820678521511  0.00002048751949225  0.00002333561476058
  0.00002660256501513  0.00003022558209357  0.00003498558643164  0.00004039640674526
  0.00004517961856520  0.00005039675210808  0.00005607893756173  0.00006272715357642
  0.00007174605704147  0.00008178599718491  0.00009199004883801  0.00010279747772343
  0.00011430361657060  0.00012756043660026  0.00014500350634531  0.00016338579841983
  0.00018030299412234  0.00019608114729663  0.00021573447552752  0.00023713506668895
  0.00025977201674561  0.00028326781705652  0.00030701692146375  0.00032875442391723
  0.00034510676177512  0.00035835189363865  0.00037276929110780  0.00038942237216287
  0.00040583676998238  0.00042077406511272  0.00043448081344162  0.00044955337620626
  0.00046609801296632  0.00048551460619734  0.00050699843075943  0.00052338663379680
  0.00054394880662526  0.00057644566942295  0.00062371643617783  0.00067196210679670
  0.00071591395386779  0.00075435887616415  0.00079687650431153  0.00084713954209657
  0.00090135978143805  0.00096890553272771  0.00102112202457580  0.00108353178050291
  0.00116650935195578  0.00126480527255278  0.00133582867252760  0.00142635678213336
  0.00153939888189807  0.00168181220734664  0.00184861746029866  0.00210997574824460
  0.00260632082154355  0.00309964227225558  0.00354766758607257  0.00380470696919989
  0.00393521752918136  0.00407599687716219  0.00422730860449311  0.00439574646424556
  0.00460649545834428  0.00485880041721375  0.00533197196212439  0.00623129240336704
  0.00729063144082314  0.00889305296427760  0.03856709451368470  1.00000000000000000
  0.00000046195686901  0.00000305792231029  0.00000646295455235  0.00001067054396553
  0.00001571046216437  0.00002170055649234  0.00002790579681315  0.00003422945472998
  0.00004127807577733  0.00004862927615036  0.00005709174373323  0.00006715070298599
  0.00007687023612350  0.00008220498115797  0.00008657959561262  0.00009129763242830
  0.00009597294043892  0.00010020614796916  0.00010392810845525  0.00011213705865845
  0.00012689350106367  0.00014397267134443  0.00016195615888421  0.00017874120772926
  0.00019677134268994  0.00021568840379173  0.00023747829616645  0.00025977478210745
  0.00028141959638076  0.00030190727519654  0.00032038468375309  0.00033716882851716
  0.00035462966088781  0.00037349835527012  0.00038948656749803  0.00041163340194920
  0.00043345988093281  0.00045630488363829  0.00048590075329669  0.00052006477312221
  0.00055512829921126  0.00059038522455969  0.00063939004869135  0.00069764294522789
  0.00076678725858696  0.00080065087225289  0.00082324225528525  0.00084511939315584
  0.00086780207767882  0.00089123026923171  0.00091787682792534  0.00094926024025626
  0.00098048594638573  0.00101194792595409  0.00104417634431548  0.00107855974216623
  0.00111116376141314  0.00114035816870133  0.00116402440645634  0.00118159223833231
  0.00120051996715424  0.00121963011491836  0.00123871107504563  0.00127477662922681
  0.00130596278145856  0.00133644291525538  0.00136836577112162  0.00140905206912949
  0.00146360106565381  0.00151642395412740  0.00156667523782313  0.00161389692116052
  0.00166190772962637  0.00170835641872335  0.00175104021026335  0.00180887385919253
  0.00187997420862450  0.00195059670860623  0.00203097531666681  0.00213974204833089
  0.00223465556378910  0.00234031220042018  0.00245340492657026  0.00285477426381442
  0.00333489649417848  0.00390166743713564  0.00421838658713179  0.00435380719218313
  0.00449092892264855  0.00465756694918455  0.00491835919582872  0.00515711907152247
  0.00529740346769651  0.00590870754668489  0.01809020264971011  1.00000000000000000
 -0.00219232850425907  0.01038688793270333  0.01905214137570668  0.02753237804623142
  0.03576047099579081  0.04489601007017730  0.05236253300881172  0.06033414775594426
  0.06885515165079814  0.07832014843338887  0.09341844319307192  0.10910507345647216
  0.12467399527658456  0.13762145995309286  0.14858950070699881  0.15970088506987615
  0.17040588045361291  0.18107338359276309  0.19278729995507796  0.20471468709879564
  0.21884823697422770  0.23018600757802135  0.23979119445593400  0.24883085389051190
  0.25773432351233511  0.26832077718501401  0.27773747025123291  0.28485452053507954
  0.29228969514855269  0.29936242767907034  0.30761016778031097  0.31609843099272023
  0.32393876330990851  0.33120067916411738  0.33962833398080389  0.34860229292585321
  0.35848172865988753  0.37301591302986664  0.38803040536376460  0.40489867494336462
  0.42115833486377385  0.43683301476963388  0.45175766498546110  0.46686142112822132
  0.48181539621988334  0.49131353845025127  0.49659776660135641  0.50206812950706303
  0.50696828030321961  0.51179713039228691  0.51708190962767553  0.52108853085669493
  0.52423908519911300  0.52783381277684671  0.53516327292975552  0.54362973427558681
  0.55208368263862717  0.56043818554851421  0.56861929577878512  0.57599438289036220
  0.58408008314536697  0.59595127674799042  0.60860539887428866  0.62018492100275613
  0.62988917007697265  0.63890870702670488  0.64841276558771388  0.65900144272863159
  0.67052857681809985  0.68118609905115568  0.69293454234673568  0.70730415436843919
  0.72205122713660774  0.73894938916321484  0.75670550302124129  0.77379961975326350
  0.78950077370783134  0.80395981194032606  0.81878408556112459  0.83202027059571426
  0.84363954704386868  0.85514220400339402  0.86738475109785240  0.87999649558948823
  0.89182830761785148  0.90357425986915163  0.91599001061733387  0.92712741440931334
  0.93800811941182072  0.94859097473614606  0.95855776543989069  0.96775127856132714
  0.97635720744478682  0.98433579898779755  0.99150586743367541  1.00000000000000000
 -0.00014610734302268  0.00045049704374257  0.00082146545695566  0.00107406697349889
  0.00129885585355029  0.00152389115958258  0.00174401503180672  0.00196412516358018
  0.00218303678199850  0.00240133731274408  0.00262133875473791  0.00286310556726804
  0.00310725656569586  0.00333191736765136  0.00352523009002019  0.00370507936783039
  0.00388024986486579  0.00404489790167043  0.00421679438515896  0.00439970268355125
  0.00461170888800937  0.00484609251700217  0.00509971334231973  0.00533628560874616
  0.00555533345967602  0.00579064611550556  0.00601502239902234  0.00619965028048002
  0.00636477806220585  0.00653831751679573  0.00672128631170505  0.00686519014811787
  0.00698480741728870  0.00709590946203278  0.00720612458554215  0.00730930157849468
  0.00741819863520468  0.00752123400458451  0.00763851018105075  0.00775687276489136
  0.00789456245437039  0.00802282711274939  0.00814557724526519  0.00820492105506459
  0.00826426486486398  0.00832472256016243  0.00838523570082418  0.00844554434798008
  0.00850581514194647  0.00865554281360644  0.00876901578657593  0.00901122740007003
  0.00927472996049362  0.00959264657367399  0.00995026421808264  0.01032815506269418
  0.01085701093675225  0.01152747469758852  0.01221392779143318  0.01259701744845517
  0.01299742453789967  0.01342101153526407  0.01388396433695630  0.01442708457715414
  0.01498567977030808  0.01542336876362087  0.01580719760649653  0.01622383712008313
  0.01667203961315325  0.01722362073178757  0.01820199031254415  0.01871033586533106
  0.01905775665900715  0.01933424061358590  0.01966087262686809  0.02011196377889492
  0.02078271202749601  0.02150823704748802  0.02301457642079484  0.02394287910880940
  0.02493103672090359  0.02662332586947533  0.02837879619567432  0.02923722109263231
  0.02989038141763163  0.03054354174263095  0.03104422938434690  0.03139694024049394
  0.03174965109664098  0.03204864282408965  0.03231679084210739  0.03258493886012513
  0.03429303474844824  0.03944438782688199  0.18411397714521802  1.00000000000000000
 -0.00399109459288226  0.01676088582526244  0.03319170009543992  0.05069038447291440
  0.06923392688433819  0.08953073200610512  0.11087820969090387  0.12896786734491181
  0.14489414669064368  0.15984893092627650  0.17064281217166788  0.17930432737732294
  0.18743543340512139  0.19587538484921771  0.20675324279873847  0.22122820590944792
  0.23360724835507732  0.24584372194198964  0.25558964528838124  0.26374307128137703
  0.27074426532816354  0.27719724925495975  0.28500443613617243  0.29413743818132049
  0.30333186640232596  0.31221574169878724  0.32179578199668790  0.33137714772035776
  0.34075679537578735  0.35011899521901346  0.36128992049891140  0.37322553004319198
  0.38407126271024000  0.39484360870606705  0.40771745462271525  0.42220032655009349
  0.43498358546446725  0.44839204401824423  0.46234563119683342  0.47769352283183414
  0.49029247272084248  0.50031179624911271  0.51039298943114608  0.51996340089681670
  0.53101817714024868  0.54481410288299570  0.56094133569883720  0.57491377938080279
  0.58768975166937443  0.59955076980349076  0.61147894461205221  0.62185302894833483
  0.63031869180109812  0.63847978737568234  0.64672774087518714  0.65282218567754413
  0.65803376504667666  0.66318919823046663  0.66862674913208875  0.67591686142954377
  0.68253508024595899  0.69031490544929663  0.70064365777477233  0.71108718011023775
  0.72160867692611341  0.73072975743593993  0.73860746446553505  0.74614543888351359
  0.75392737190757775  0.76242219561856328  0.77093584048611774  0.77769265051160585
  0.78262803518403412  0.78776200509503147  0.79430672621372622  0.80341495623742487
  0.81333004823929966  0.82293732823139409  0.83020461177904914  0.83437488236095936
  0.83923070044177506  0.84503919962627738  0.85109443279355868  0.85712811394319943
  0.86315163404040840  0.86905926610127349  0.87515466398237818  0.89018455777157812
  0.90322757341912618  0.91664743309434538  0.92905090983484317  0.94075403024708026
  0.95214571353100230  0.96353806675928522  0.97635061688702018  1.00000000000000000
 -0.00007866692893555  0.00012704901467121  0.00036539630624532  0.00062521174996090
  0.00072206304820393  0.00081847184066957  0.00091446852498548  0.00101080868480600
  0.00110560815039456  0.00119836196382012  0.00128597939280161  0.00137238706825083
  0.00145811337795766  0.00153815162501946  0.00161372929945434  0.00168955482249578
  0.00176548338715033  0.00183400415899774  0.00190132679178951  0.00197643678761832
  0.00205363565974521  0.00213584677450636  0.00222913288560893  0.00234039413705826
  0.00244514287679573  0.00256311807657692  0.00267642266525855  0.00278061872169005
  0.00287367523206202  0.00296574295062798  0.00305640840253173  0.00314200437879857
  0.00323528347700518  0.00333896235131853  0.00344636837778792  0.00356981621397758
  0.00370525878499152  0.00383871315591307  0.00397780302954525  0.00411753868228944
  0.00427502095126172  0.00442804607596844  0.00460407531326537  0.00478440566628378
  0.00499198536867892  0.00520677011697865  0.00538857669996463  0.00557478500125700
  0.00580513149378654  0.00605147601804373  0.00630533760208919  0.00657200691073523
  0.00684072470436213  0.00715604498043961  0.00736051487321765  0.00758836620695652
  0.00782915058918541  0.00806826608352666  0.00852173037840548  0.00893865188056085
  0.00934630050017517  0.00974179506028010  0.01007259766953401  0.01043338184909843
  0.01069676881734812  0.01091142074827939  0.01112603265510686  0.01134400467627959
  0.01156605300635321  0.01183190041322679  0.01250438718113217  0.01286711915142167
  0.01304612012377520  0.01322512109612873  0.01348744582791943  0.01372893747383662
  0.01392595393870819  0.01412930042907106  0.01433082079877983  0.01480497128552129
  0.01528089479055078  0.01674724156685252  0.01706815295884958  0.01738906435084664
  0.01770997574284370  0.01821900428520940  0.01884386074587935  0.01946871720654930
  0.02009357366721925  0.02028544141236475  0.02041552017687009  0.02054559894137544
  0.02067567770588078  0.02371372248483235  0.04532688833827039  1.00000000000000000
 -0.00479180362318299  0.02240504321613203  0.04202137831564166  0.05775590888057183
  0.07419584000068247  0.09118408643802441  0.11001003639673856  0.12795522834210268
  0.14508230659551677  0.16118233141551316  0.17503734678717078  0.18701539988700736
  0.19830348065981437  0.20883248243093783  0.21958307015663450  0.23162096218167433
  0.24633994560270953  0.26054952201606146  0.27622443453614776  0.29025165899583844
  0.30600328782090280  0.31996117934223578  0.33353778624469910  0.34662280716756422
  0.35994759847245800  0.37308996438146436  0.38536390284916827  0.39454819460872170
  0.40140676972657491  0.40744161819987695  0.41345325769185798  0.42019081600807034
  0.42729341553846983  0.43453433856248969  0.44034569828835729  0.44615070664043632
  0.45186053627967432  0.45834756695016748  0.46510358354257597  0.47256609309538766
  0.47951040987476617  0.48676541711922877  0.49506123745670877  0.50271967142799567
  0.51018271081375199  0.51696889535970525  0.52491959087874640  0.53362181282870980
  0.54340303398942069  0.55252277324960186  0.56055669827514365  0.56822830999586460
  0.57620013852845553  0.58406484038402917  0.59120718023641539  0.59801882044834376
  0.60388445769789956  0.60990727018199531  0.61665287356427567  0.62235914633060707
  0.62743218467278539  0.63249628046808803  0.63823090959479223  0.64736522400647667
  0.66123754952888980  0.67732991936960463  0.69230293503851648  0.70566316190311129
  0.71954138132694689  0.73331719067379653  0.74508209376367207  0.74955207655259726
  0.75404782639503842  0.75882834256255527  0.76326391409165495  0.76772022732797163
  0.77256200345757475  0.77717383510876481  0.78110215212271394  0.78843033268480200
  0.79998955260531990  0.81338953277567361  0.82756349461685119  0.84227333662144588
  0.85655671741589590  0.86969300580553999  0.88282813671347182  0.89540588303832436
  0.90499125746764530  0.91786281503605838  0.93206302838115673  0.94272115695429104
  0.95368335971476026  0.96691269174975070  0.98463978377232675  1.00000000000000000
  0.24303789179858792  0.54147290134942716  0.57740662158176614  0.61577405345638059
  0.66271055069625828  0.69753024452181489  0.72445650640879700  0.74788263309963388
  0.77177129413006462  0.79213224458210862  0.81021483057626853  0.82767535006034176
  0.84296762776121847  0.85672539499121558  0.86783216774662286  0.87829305207948571
  0.88809785658158724  0.89710473211127206  0.90399850178821006  0.91048220427958804
  0.91692382748172163  0.92274740672473055  0.92832611015336830  0.93345986742582288
  0.93781852423767531  0.94153935427508462  0.94518098390867689  0.94894684265590934
  0.95284379393773622  0.95647281128882022  0.95917095706856492  0.96095707562870525
  0.96277911432580232  0.96468955412020085  0.96655052313565881  0.96836822012942947
  0.97016618998557103  0.97181973010988321  0.97331259603168274  0.97461912428623321
  0.97586595516287855  0.97707962805826731  0.97831242859887513  0.97947478029154067
  0.98041055324256288  0.98126104021358873  0.98211911899477777  0.98297109840995400
  0.98379262063476258  0.98462917562128860  0.98539531547225534  0.98611010021032230
  0.98679695214780749  0.98745959299371233  0.98809689607049278  0.98871493418066869
  0.98932867047892892  0.98987252114591839  0.99039917689477608  0.99092131043712728
  0.99143927322624592  0.99193224184010176  0.99237823207355902  0.99277939595466635
  0.99318544770939421  0.99358513281998917  0.99397798379826108  0.99435009923020257
  0.99471836776229539  0.99508239207041904  0.99545775741372033  0.99583468882947124
  0.99621023823483668  0.99649944195948592  0.99673804712944369  0.99691010126443336
  0.99709160038814448  0.99727656427384725  0.99746326675260610  0.99765299643189442
  0.99782710270445318  0.99799229867315287  0.99814744752116646  0.99829656177225845
  0.99844078783462764  0.99858883784800934  0.99873765969769124  0.99888414021444294
  0.99902235642165582  0.99915273954485273  0.99928587671631985  0.99941848409258449
  0.99954957556707025  0.99969449095152907  0.99984568716814570  1.00000000000000000
 -0.00889400460986906  0.06758981506677431  0.11247663305322923  0.14747809152013888
  0.17200272691847873  0.19479693458703634  0.21329022654675955  0.22765677046037094
  0.24023712227031369  0.25127998542003410  0.26166239267815167  0.27157673846408714
  0.28231346596329404  0.29090878558117228  0.29795325079280710  0.30488529177802165
  0.31177140331588910  0.31881200286074612  0.32645428129563958  0.33481310862054509
  0.34318673767184532  0.35124827018195898  0.35878518039999058  0.36605563385719742
  0.37223424097991675  0.37845201987163618  0.38418232456980062  0.39103672287732510
  0.39684909501723381  0.40398446518205661  0.41097264317167331  0.41827644742837061
  0.42495312956750947  0.43088914458829769  0.43700781358558177  0.44383397322798335
  0.45184521439999287  0.46082106136050494  0.46953543698095834  0.47696272615191287
  0.48424930283264833  0.49079273922391936  0.49578164068158609  0.49975226390384109
  0.50327928171189640  0.50683719410820383  0.51031365657664940  0.51380252949905059
  0.51769093101441532  0.52185050361587682  0.52641083270758082  0.53079953986026229
  0.53821805668769651  0.55008417719831837  0.56236300491501490  0.57313431979241236
  0.58266797781234370  0.59106268688964592  0.59878236270853813  0.60741548559232172
  0.61574544326483205  0.62282591277253940  0.63007928293150139  0.63730139384700457
  0.64490488867874374  0.65405957756178201  0.66187771314713340  0.66987640560089157
  0.67802888704287378  0.68630646605902690  0.69646996301733033  0.70628954330874616
  0.71511010826076449  0.72260914510046304  0.72900349866495107  0.73499593203759706
  0.74084157885761770  0.74570694959647366  0.74963659725577492  0.75347459569018094
  0.75719205654112709  0.76093409740715290  0.76531476653102704  0.77125669437728028
  0.77809084825795938  0.78557790392857885  0.79724478923468056  0.80970928522265717
  0.82312051832433497  0.83428941376371024  0.84325711907436862  0.85261250352946372
  0.85937999853678260  0.86542200278125025  0.87287530359031029  1.00000000000000000
   3.9874000290128126E-010  -1.0000000000000000     
 F F F F F F F F F F F F F F F F F F F F F F F F F F F F F F F F F F F F F F F F F F F F F F F F F F F F F F F F F F F F F F F F F F F F F F F F F F F F F F F F F F F F F F F F F F F F F F F F F F F F F F F F F F F F F F F F F F F F F F F F F F F F F F F F
  <DiscreteSampler_grid>
  grouped_processes
  1 # 1 for a reference and 2 for a running grid.
  10 # Attribute 'min_bin_probing_points' of the grid.
  1 # Attribute 'grid_mode' of the grid. 1=='default',2=='initialization'
  0.0000000000000000 # Attribute 'small_contrib_threshold' of the grid.
  0.5000000000000000 # Attribute 'damping_power' of the grid.
 # binID   n_entries weight   weight_sqr   abs_weight
    103   10   1.039144124247251E-003   2.630661888835540E-006   1.039144124247251E-003
    190   10   1.039144124247251E-003   2.630661888835540E-006   1.039144124247251E-003
    211   10   2.317079338092659E-003   1.252868901730437E-005   2.317079338092659E-003
    212   10   2.317079338092659E-003   1.252868901730438E-005   2.317079338092659E-003
    256   10   2.317079338092659E-003   1.252868901730437E-005   2.317079338092659E-003
    257   10   2.317079338092659E-003   1.252868901730438E-005   2.317079338092659E-003
  </DiscreteSampler_grid>
