 -0.00230399931240666  0.00918708249357292  0.01881711066864071  0.02866559521118930
  0.03838882505873787  0.04817812200041532  0.05772604318211042  0.06815730420880219
  0.07880356141160662  0.08939077745592239  0.10066812538359961  0.11271416941012266
  0.12527148388148998  0.13753587366626227  0.14902975816830991  0.16011501339772374
  0.17114358558304077  0.18227617126607534  0.19339676351008922  0.20414380922935335
  0.21465969800696302  0.22528877903186728  0.23589480570564897  0.24625699337090579
  0.25696155677254973  0.26841278040983030  0.27943313987121193  0.29027476643038191
  0.30109217311167447  0.31182065460189007  0.32221588414709296  0.33235189755187494
  0.34273801473532040  0.35310174983064141  0.36356421079493006  0.37418109282664497
  0.38489652885683323  0.39555513016786997  0.40617786626309749  0.41678761838318135
  0.42745887424977624  0.43826480057990008  0.44902698870422875  0.45969696241632124
  0.47025900673092674  0.48070422449112366  0.49112959773244569  0.50186000623579141
  0.51292146171801467  0.52407853020350925  0.53511148923476382  0.54601106215728445
  0.55649905160467250  0.56670616326565215  0.57687280676591512  0.58734440753659967
  0.59809319903306934  0.60850708849712054  0.61814554949652134  0.62760842184486698
  0.63677769018691366  0.64605531420876783  0.65556384179880944  0.66542011724301120
  0.67575381026995007  0.68627691299505100  0.69684216452901582  0.70750318512558608
  0.71839575466993721  0.72938017308173841  0.74033128026749118  0.75123263409242402
  0.76232781269797967  0.77347448087038406  0.78449722598253357  0.79529802596078758
  0.80666986752741010  0.81662540791077609  0.82579349716776396  0.83516377567315569
  0.84442633120378108  0.85377711941514978  0.86312438466524566  0.87278764308567724
  0.88324627538943046  0.89408873897459584  0.90415292727210728  0.91360278764296665
  0.92307317254938459  0.93271192166705863  0.94288851228230075  0.95332050924195022
  0.96460172909567254  0.97612687492152306  0.98774822224874470  1.00000000000000000
 -0.00501511548586536  0.02052720758391296  0.03660111664021568  0.04899561359864806
  0.05998317942010286  0.07088710327979464  0.08192453859227472  0.09309180737568797
  0.10395860524766205  0.11477378013462898  0.12582587259153941  0.13729262273906331
  0.14851996552974542  0.15971535894859046  0.17045797846620792  0.18122018751550378
  0.19167656760850296  0.20142366595400013  0.21131894385027067  0.22157963871996861
  0.23204005400626510  0.24258414845887408  0.25300843698464748  0.26350920666013344
  0.27406189528122704  0.28438272414244664  0.29452688129344984  0.30463262089857701
  0.31501683646463224  0.32577674036663445  0.33605402271887047  0.34554443349300717
  0.35508281213724519  0.36494987765580050  0.37529367478461212  0.38580000663067332
  0.39627147771170412  0.40670242371767401  0.41708026014773286  0.42718702422711691
  0.43705853508655362  0.44691072337772653  0.45674040295464108  0.46626615034920527
  0.47576531472694295  0.48490344677725872  0.49394805608659231  0.50287506696765516
  0.51160821050721772  0.52073601394295754  0.53042318979851399  0.54025209274190289
  0.55044339164688372  0.56044156504045384  0.57102451775572427  0.58167902576173691
  0.59230424047558350  0.60235913645019068  0.61250526006207662  0.62230624459461525
  0.63219342955986513  0.64253896244252928  0.65333169052919760  0.66382901117279447
  0.67355952990012513  0.68284971746984446  0.69228472330510527  0.70197851606145256
  0.71210513383165142  0.72295328223202970  0.73326827403019257  0.74375571896553760
  0.75417734098095213  0.76473298817057289  0.77560845578340676  0.78721904206562010
  0.79793096563898047  0.80725402547906799  0.81686146886374245  0.82668308727250350
  0.83665109524167625  0.84624548410688816  0.85580129521849302  0.86595527136839390
  0.87621009289384799  0.88639886383398847  0.89636193076886084  0.90629879175354633
  0.91637196317161329  0.92691013386502363  0.93817244537283317  0.95002802336326542
  0.96240162190171785  0.97494822443904117  0.98728496227371743  1.00000000000000000
 -0.00001864778218931  0.00070660532298718  0.00288554982106890  0.00607122770990466
  0.01001047074268176  0.01461549411996036  0.01993928813172402  0.02579400634629380
  0.03216022184680652  0.03892657274630629  0.04586941273228260  0.05298437348556368
  0.06040114998479567  0.06831122989056823  0.07656964676871557  0.08495047108204927
  0.09364853915337185  0.10277532201058674  0.11225995025638728  0.12184615744032400
  0.13207899175220150  0.14226287410669192  0.15207281628104299  0.16146256187497002
  0.17100503115449123  0.18084942768760243  0.19072691682886725  0.20070851196608966
  0.21065517251788343  0.22079928000888985  0.23079224574738511  0.24069706275697789
  0.25070437372109716  0.26102140339910762  0.27136074810725719  0.28160596025650964
  0.29182222628022780  0.30247700306806169  0.31372567663757123  0.32487031234104435
  0.33594993592455602  0.34675583919477448  0.35767592739589865  0.36851770614342305
  0.37924137526122015  0.39003055261106928  0.40099376435544498  0.41217268825140441
  0.42359963849766374  0.43529700966429402  0.44718594418149632  0.45911261503402945
  0.47109808820505644  0.48300924892772801  0.49483801703814351  0.50655038737134106
  0.51822928891064701  0.53010559425231896  0.54190280702273130  0.55355197967210523
  0.56493604890371352  0.57615800792707983  0.58739302796214443  0.59874145879196428
  0.61032065515222067  0.62221576241530752  0.63414439606584039  0.64603498526337721
  0.65767142054986705  0.66932293318646374  0.68090061085425213  0.69238796763805055
  0.70420792514122899  0.71693857952636419  0.73010489013444113  0.74325605091217639
  0.75639581143395218  0.76939554038455327  0.78242222976070486  0.79524092862723239
  0.80808215538163353  0.82083758611954105  0.83364285940223593  0.84654417910955060
  0.85958176441144141  0.87262824105378933  0.88516655121579546  0.89752634170073931
  0.90982530767782488  0.92221419984496766  0.93446788927806379  0.94693218301743154
  0.95973690153131463  0.97284402959087868  0.98626584252420069  1.00000000000000000
 -0.00261066050061262  0.00980704582806314  0.02045816991715319  0.02983645866298570
  0.03964109097591581  0.04907880505126454  0.05853809605333152  0.06746629372195551
  0.07616356770346711  0.08552971635752288  0.09575529265499588  0.10639544143296498
  0.11713858197843915  0.12779834644645718  0.13816747135765514  0.14807588435620300
  0.15762138214118415  0.16699355347198278  0.17625936402559733  0.18585664599565585
  0.19556615962578550  0.20479087820448985  0.21388065359594269  0.22297749150724164
  0.23246822887263494  0.24246462074761038  0.25271716775525499  0.26290704676002785
  0.27346206451346899  0.28466885646464218  0.29602768443431338  0.30661313488412129
  0.31760619739264934  0.32890414213900215  0.33993692150416149  0.35096762062030923
  0.36103247470031946  0.37116717165366570  0.38183036696630940  0.39239474348050074
  0.40293427554989303  0.41284428108078636  0.42342969651555090  0.43433707522235004
  0.44482513311031258  0.45548678533655762  0.46663220448086618  0.47811807075843765
  0.48834519976083718  0.49872300348963916  0.50959719501772893  0.52132229618358783
  0.53311858378089350  0.54415418857257492  0.55468171980610603  0.56490406695426709
  0.57504743613872833  0.58540059924317212  0.59589306831906108  0.60656439225602710
  0.61717208581691707  0.62831861926487809  0.63972280998536768  0.65091707710800606
  0.66223402760387229  0.67400498176162682  0.68582433926303010  0.69700951563320090
  0.70765765172746509  0.71812419235536484  0.72852129408867461  0.73883775719270062
  0.74950295768632891  0.76090636086437136  0.77276425146635697  0.78422567503176677
  0.79481332445479236  0.80493420140147132  0.81517357912126576  0.82591988400603322
  0.83712751971970178  0.84754906302966693  0.85808146971209709  0.86830319260691113
  0.87868808602586668  0.88896322909499859  0.89946647911156474  0.91029446804854597
  0.92121372070829799  0.93190979847603117  0.94340837740806849  0.95537682648471078
  0.96681400055235867  0.97745484100917834  0.98861418799277168  1.00000000000000000
 -0.00319357725306268  0.01117238569462718  0.02296005490686846  0.03428198670184484
  0.04582741509693985  0.05715445731301503  0.06775488281414972  0.07811467410340661
  0.08884120242289455  0.09993294287540662  0.11120223267560365  0.12190395635893307
  0.13218065500464388  0.14219985845728311  0.15262799940500554  0.16308306440323081
  0.17322268115182157  0.18308421757443233  0.19324216632533173  0.20334994533235787
  0.21371649060968395  0.22380403044814512  0.23394727225424231  0.24412545141250988
  0.25425741580200628  0.26413361576888555  0.27406680078990875  0.28366161048935190
  0.29313028073221931  0.30288913483823365  0.31305725514121513  0.32399038042673578
  0.33486788711970561  0.34547603441424768  0.35629845703714846  0.36729570187954674
  0.37878849064297027  0.39003673685014689  0.40169228958243791  0.41292246012779854
  0.42393363720538080  0.43455357221465934  0.44487782950601129  0.45534495104208400
  0.46580934488133224  0.47627038637977054  0.48659689514962878  0.49665744877024465
  0.50662264930459022  0.51655646014638357  0.52706402212228287  0.53759882782029489
  0.54832702392076071  0.55875029825020839  0.56922578148476832  0.57984082298010386
  0.59094426615500628  0.60237423593036421  0.61380030014215614  0.62574481965966178
  0.63819896365387063  0.65067415735327205  0.66275129798799581  0.67432807058053756
  0.68528679176218410  0.69545315022974874  0.70510786334821540  0.71469768880458573
  0.72440665265495563  0.73418954714724094  0.74383030246476922  0.75332024492051175
  0.76263582272234587  0.77212402550884007  0.78177358864798829  0.79130785594834474
  0.80084738366620967  0.81060396164180393  0.82127194861293318  0.83222654147720221
  0.84302530290692379  0.85411225319737627  0.86493127805603220  0.87566693880422741
  0.88706042576592437  0.89857198087488677  0.90980104160941389  0.92028569848991570
  0.93004080215638463  0.93965659733770357  0.94910252751742175  0.95854009764559911
  0.96850146412337768  0.97820461779684809  0.98938447932397511  1.00000000000000000
 -0.00298203790339189  0.01060648643708350  0.02228066651018497  0.03318762732431616
  0.04398773744071650  0.05467913385827698  0.06544549822569652  0.07637161566132319
  0.08709998798647159  0.09747375104034257  0.10777518461078429  0.11771514070123264
  0.12747168054762584  0.13727121390733152  0.14765824292080001  0.15866372075674384
  0.16993998762677942  0.18118490322102873  0.19250081392792856  0.20350648299134094
  0.21429978036117320  0.22464626553899769  0.23494601554435424  0.24495781578573286
  0.25498095388828779  0.26476949228885666  0.27482900184218439  0.28501378839043917
  0.29534639692436349  0.30609013723657907  0.31731872022068636  0.32888848012996591
  0.33943456081151879  0.34924771582288100  0.35918814168845842  0.36893351507514682
  0.37859560780425588  0.38787322748300501  0.39786895593564009  0.40867874748324423
  0.41993669956542129  0.43057518741126133  0.44133666742547212  0.45197107751869631
  0.46230394613101278  0.47223652984172043  0.48217412122405429  0.49245814659024595
  0.50301550870374079  0.51396199643028517  0.52527197556573535  0.53760358870855252
  0.54952183122823894  0.56133795991950919  0.57206185451416558  0.58294580415542563
  0.59429992610026727  0.60586108285685214  0.61707445935510674  0.62785346904128148
  0.63868583290753389  0.64908324946716012  0.65953096366668917  0.67005640544242107
  0.68016229939912565  0.69005172740846499  0.69976754027451038  0.70985689462554469
  0.72023363863026280  0.73043064155541060  0.74236323417390826  0.75349264412539763
  0.76478705043820516  0.77456828744920880  0.78438456333191464  0.79410321043176268
  0.80312725540704233  0.81203142992002497  0.82156127419796487  0.83157562630605120
  0.84165150019050272  0.85169755462208263  0.86163531664135784  0.87236859122983390
  0.88329826476632334  0.89442755670839835  0.90467268035880521  0.91445652546094702
  0.92476030783319341  0.93543256522750884  0.94611703942531877  0.95648514256892125
  0.96745905510072006  0.97848814886311442  0.98934121171976186  1.00000000000000000
 -0.00715852349220342  0.03609615379280870  0.06170352367949869  0.08119163523419834
  0.09831022659260946  0.11437333001946762  0.12919505713694182  0.14194342172494659
  0.15338390081333189  0.16424158699390778  0.17479351344630192  0.18515929517859667
  0.19581985216372022  0.20617851037872847  0.21690923633372441  0.22775926579439779
  0.23790511504810966  0.24785788060239342  0.25700357020654385  0.26586889516782775
  0.27449503590625068  0.28297706823204349  0.29173444278712751  0.30051088114763608
  0.30932163904195659  0.31815446178256984  0.32686055150256427  0.33559727899801578
  0.34449462473616094  0.35322269476941981  0.36142240552545113  0.36932804101679539
  0.37736140671607721  0.38557891928874233  0.39355106266641576  0.40117168172313900
  0.40854200874417629  0.41591935136797265  0.42386175377284369  0.43203042944102993
  0.44010848923911128  0.44813132092189212  0.45650012809356738  0.46539613717980255
  0.47436598366928484  0.48316471359187324  0.49180419352430221  0.50020508230492000
  0.50834300425499046  0.51637511330074937  0.52443299299756563  0.53233015847537291
  0.54014260019857530  0.54758516281371294  0.55479494438310539  0.56214301755752127
  0.56963466276980668  0.57712357900173294  0.58455449643898771  0.59237160850071391
  0.60006126449369857  0.60766842070573301  0.61500500146912140  0.62248054285358712
  0.63067805151563827  0.63953370089002370  0.64846388189756243  0.65729219693537888
  0.66633446582216216  0.67563310543245625  0.68468612246914939  0.69328666503734904
  0.70179962399239326  0.71066220103959044  0.72020505791483447  0.72980833703265624
  0.73895556034565346  0.74802016068532484  0.75671700397927821  0.76507274371846246
  0.77369223463105341  0.78265892961786288  0.79170488753478141  0.80082630715733361
  0.81045224327179077  0.82080173238673293  0.83158600024009943  0.84311555770415969
  0.85596169012908796  0.87003672830600698  0.88472817000225046  0.90032407248367696
  0.91766059084188334  0.93735924452519181  0.96375681657437451  1.00000000000000000
 -0.00237037304391770  0.00924330525511962  0.01983372906940738  0.03103603651489652
  0.04219390246293037  0.05326354098867586  0.06429757382769737  0.07521585057743899
  0.08605169774010869  0.09648777156241237  0.10747002847169453  0.11894333218441619
  0.13043140838011905  0.14193968240421914  0.15353181901325313  0.16520692852641441
  0.17701716741754545  0.18869932517774740  0.20005563730704201  0.21127912975913235
  0.22170139570450215  0.23218256135063589  0.24268896043505145  0.25354565609810598
  0.26451926432785061  0.27511289300900288  0.28561781111181811  0.29633136041183278
  0.30711369543527800  0.31721113193939299  0.32698755823004894  0.33741044131436432
  0.34840506616755151  0.35917006604694945  0.36971852667570188  0.38082569177633863
  0.39244986014734418  0.40325069867961610  0.41282586267331239  0.42282929812464354
  0.43285244953039792  0.44276362230527827  0.45271195098927924  0.46338359072347057
  0.47473004161869614  0.48538822249450359  0.49487312011114104  0.50463521535434874
  0.51431898880201221  0.52399765393396591  0.53373242196951998  0.54357670946500269
  0.55343250361616669  0.56346312495512985  0.57372619900648680  0.58423957107240265
  0.59466094444133433  0.60529657818220506  0.61608378428257993  0.62703257606318374
  0.63817581618525732  0.64883256667438194  0.65879868740560210  0.66839312927769801
  0.67810312035330977  0.68791108006112123  0.69730828941966716  0.70639553894026264
  0.71538021984370814  0.72435209162422587  0.73329019091264225  0.74268727588996131
  0.75262177576686318  0.76267366857200691  0.77261532896214447  0.78233496221091769
  0.79272889865145901  0.80451891892850425  0.81686445697562715  0.82905791432711184
  0.84066632641564476  0.85137573022393753  0.86267236575557160  0.87395710203616461
  0.88423779491934651  0.89486730590657493  0.90528028968184548  0.91592645889901902
  0.92591626653918668  0.93624913053299708  0.94642691616773200  0.95639697902646525
  0.96673821931453729  0.97755469877340428  0.98885087984722619  1.00000000000000000
 -0.01793678169602536  0.10981509270503967  0.20138069199568212  0.24138647871886817
  0.26222305411017993  0.27734710892130060  0.29016581643031419  0.30132646873676822
  0.31150753799247050  0.32081513988613009  0.32951397621421352  0.33759999317620282
  0.34526031684448522  0.35312180083852696  0.36132272534385779  0.36920252233814904
  0.37636519849931005  0.38300711632793355  0.38941541731985335  0.39561090770485396
  0.40223011789234758  0.40868326053236192  0.41502343270775716  0.42119989579567829
  0.42719051539466901  0.43290615976888924  0.43843628841949683  0.44384416600427484
  0.44915215776498846  0.45447980513241087  0.45979241804551640  0.46500340511093063
  0.47009583418654199  0.47513928789235294  0.48012818356778497  0.48500179555814049
  0.49004988661547311  0.49529164843202478  0.50055723175699385  0.50573334476817722
  0.51086845809761605  0.51594912677631655  0.52079219787067577  0.52532278619539474
  0.52972622464740193  0.53419294208890911  0.53872903109932524  0.54316726797676407
  0.54764863428525146  0.55211750563809581  0.55664053932302782  0.56112932492502809
  0.56550494161413101  0.56983952987087050  0.57421656033775370  0.57854389414517382
  0.58332772405612243  0.58869014465308489  0.59430597308066213  0.59989890050913852
  0.60535151785842245  0.61063871279710502  0.61561316490479323  0.62106023082440975
  0.62639272875329077  0.63191622601045760  0.63747046574337252  0.64295263808738967
  0.64835086499851569  0.65370152929324965  0.65909007743356562  0.66462350993635222
  0.67065514151125249  0.67692466229886483  0.68331993482216358  0.68995249564969308
  0.69677270950612735  0.70375778610249473  0.71102397176100685  0.71862618865103201
  0.72644702434879349  0.73414853206501685  0.74168078442199936  0.74947899942696616
  0.75768088750195550  0.76623734274550537  0.77516409040670231  0.78434872814242462
  0.79418913341221375  0.80565007530820920  0.81890836817558288  0.83446555554886670
  0.85318184578140754  0.87636866231959798  0.91047118440879515  1.00000000000000000
 -0.02503862810131120  0.11653515578928711  0.15245382520402234  0.17500356215783711
  0.19468821195251260  0.21337766757753204  0.23152721297805887  0.24893681081181909
  0.26660579901520715  0.28353787669283920  0.30095443573527181  0.31884227497391804
  0.33516759993253148  0.35033746395297216  0.36459305627483224  0.37786621737693271
  0.38979713455531556  0.40099293941664577  0.41185572665766346  0.42272205533160789
  0.43304851993849813  0.44232012953022742  0.45079127793212365  0.45889177397390696
  0.46671797257123077  0.47414140589865195  0.48102815485968492  0.48746562389391224
  0.49371213263594005  0.49989809830531534  0.50603952597858437  0.51211191485793062
  0.51811284952633696  0.52390382179498907  0.52927181185355221  0.53447477304873658
  0.53952786698799904  0.54473395555231607  0.54999397888415746  0.55523432115540983
  0.56036773911015503  0.56537026894620845  0.56993937019142882  0.57445589456994228
  0.57890252172650591  0.58332805835300294  0.58781515547912022  0.59219650766302723
  0.59637458053128423  0.60050005026538200  0.60466340692068665  0.60888531169024085
  0.61321264027221767  0.61754945561406827  0.62190984693779916  0.62636615159789943
  0.63100935860006391  0.63598498201760612  0.64081782043435109  0.64558261489513014
  0.65042345723837180  0.65537914750632398  0.66038877960107856  0.66538705478309845
  0.67032094596865099  0.67513534104691864  0.67989236141327281  0.68465084293679723
  0.68952938110467743  0.69439731602186539  0.69951865518053147  0.70463342496133519
  0.70967051237750112  0.71464046977625073  0.71975072186878630  0.72495098324445240
  0.73049702192623300  0.73628528102103763  0.74222887406675020  0.74807228199040898
  0.75382270588375599  0.75966601212729623  0.76572528263568751  0.77212094186842084
  0.77895068608238505  0.78618244851081254  0.79387483207877907  0.80217647853427632
  0.81111779604267897  0.82171561114806557  0.83319827085798881  0.84614240695182219
  0.86195818661044143  0.88467234232529901  0.92115170430753268  1.00000000000000000
   4.5706659350127598E-009  -1.0000000000000000     
 F F F F F F F F F F F F F F F F F F F F F F F F F F F F F F F F F F F F F F F F F F F F F F F F F F F F F F F F F F F F F F F F F F F F F F F F F F F F F F F F F F F F F F F F F F F F F F F F F F F F F F F F F F F F F F F F F F F F F F F F F F F F F F F F
  <DiscreteSampler_grid>
  grouped_processes
  1 # 1 for a reference and 2 for a running grid.
  10 # Attribute 'min_bin_probing_points' of the grid.
  1 # Attribute 'grid_mode' of the grid. 1=='default',2=='initialization'
  0.0000000000000000 # Attribute 'small_contrib_threshold' of the grid.
  0.5000000000000000 # Attribute 'damping_power' of the grid.
 # binID   n_entries weight   weight_sqr   abs_weight
    94   10   6.013884481411731E+001   1.040517072900040E+004   6.013884481411731E+001
    95   10   6.013884481411726E+001   1.040517072900039E+004   6.013884481411726E+001
    121   10   3.209850228228547E+001   2.914915357570926E+003   3.209850228228547E+001
    122   10   3.209850228228547E+001   2.914915357570925E+003   3.209850228228547E+001
    133   10   3.209850228228547E+001   2.914915357570926E+003   3.209850228228547E+001
    134   10   3.209850228228547E+001   2.914915357570925E+003   3.209850228228547E+001
  </DiscreteSampler_grid>
