 -0.00385473130503860  0.01467434734444612  0.02903600503234012  0.04261037463551143
  0.05569622864920736  0.06835951166899866  0.07980675172251865  0.09010974446115833
  0.09992378607999472  0.10985899322698270  0.12014261789069799  0.13091553681304721
  0.14233496296753251  0.15114915575292875  0.15896977522831726  0.16732824302585306
  0.17587255397737156  0.18555173467302236  0.19475756885459389  0.20414857168572620
  0.21407504583176182  0.22461446142198518  0.23531354061805460  0.24611263795299190
  0.25679441341037867  0.26768818669239930  0.27918867604660663  0.29027535844674002
  0.30077207265710160  0.31066210136401612  0.32072780683093488  0.33115125093113340
  0.34187277301871272  0.35292797288142369  0.36428827943018433  0.37618186295515410
  0.38773902511656899  0.39857683932749138  0.40895969532565429  0.41881715799691460
  0.42891967977369577  0.43911997664295044  0.44891009173275959  0.45884065251891676
  0.46915126979769295  0.47979696995876431  0.49105151840761330  0.50234973830935359
  0.51448375370523913  0.52579506756379757  0.53648120146519140  0.54731252139467834
  0.55737993288522303  0.56708842239102164  0.57675719737430264  0.58719950060470183
  0.59914503417223952  0.61089423854847857  0.62317664929606631  0.63532601784214504
  0.64817816260925698  0.66130240603335366  0.67352854892627112  0.68483701878112346
  0.69609315249062231  0.70756924853634207  0.71890421726350306  0.73011020546527206
  0.74140551668508625  0.75234118922256965  0.76331071828011121  0.77434898832297550
  0.78581767753534271  0.79690533504074690  0.80756458960841393  0.81711766777330908
  0.82658684249377223  0.83667666120902262  0.84732930724148081  0.85782119116123290
  0.86799008266809730  0.87795356263101054  0.88756763595617860  0.89730236004335140
  0.90698583937491362  0.91660331672177819  0.92669361679949003  0.93763945814863148
  0.94868007388732800  0.95864100612830061  0.96826785241126467  0.97496131715236967
  0.98128520986709677  0.98726535952097128  0.99254128982204881  1.00000000000000000
  0.00000087955398652  0.00000089857045420  0.00000093146035269  0.00000095668527438
  0.00000098601984921  0.00000101845609813  0.00000105205502904  0.00000108755870157
  0.00000111766616133  0.00000115209840718  0.00000118948695257  0.00000122667968189
  0.00000126564800337  0.00000130456285644  0.00000135634894101  0.00000141865886435
  0.00000149660690693  0.00000159558492423  0.00000170938308525  0.00000184016717513
  0.00000199955982584  0.00000220601155993  0.00000239011810814  0.00000257627393823
  0.00000278272199064  0.00000302404228967  0.00000331410763802  0.00000366631087303
  0.00000409417520749  0.00000458161814151  0.00000514532492248  0.00000579169440710
  0.00000657366825198  0.00000744704892976  0.00000840613401885  0.00000956891795422
  0.00001092287924278  0.00001247269387217  0.00001418703138593  0.00001612745442951
  0.00001860702989760  0.00002147052400721  0.00002468321305685  0.00002846581729127
  0.00003292622907222  0.00003840728897931  0.00004460072901345  0.00005175712992702
  0.00006003635765362  0.00006956411123197  0.00008036671069920  0.00009282908569080
  0.00010739957150330  0.00012485137682238  0.00014471491825812  0.00016849128273639
  0.00019798744583039  0.00023482729778639  0.00027456455002227  0.00031714709940927
  0.00036344761115326  0.00041228758487289  0.00047284185428284  0.00053958545255190
  0.00061713618541980  0.00070597058827466  0.00081079446769847  0.00093900015595089
  0.00109290466542003  0.00126338640468403  0.00142951938433449  0.00159713371886841
  0.00179769529007074  0.00201840924232405  0.00229401752700263  0.00261623416380866
  0.00298983720783660  0.00341659070538411  0.00384946158234983  0.00428947757525334
  0.00479019617129901  0.00535167388981480  0.00596352941938072  0.00664535498249958
  0.00748591757038928  0.00853748231951089  0.00985945558136346  0.01189414832043770
  0.01506780209940945  0.01996547306081820  0.02768532914512951  0.03632220565988021
  0.04894456320473215  0.09687296539297553  0.35628124602766198  1.00000000000000000
  0.00000008317966203  0.00001474191091825  0.00003199933466090  0.00005341737545440
  0.00007899121406460  0.00010816445210297  0.00014152187475992  0.00017597823017904
  0.00021102026798938  0.00024774325830843  0.00028727887094439  0.00032766080995916
  0.00037104937852278  0.00041409249546228  0.00046049810063980  0.00050948647954256
  0.00056169480896492  0.00061379175250587  0.00066738117745918  0.00072209383383815
  0.00077593722831418  0.00083140453629823  0.00088785917386953  0.00095015601926440
  0.00101453383262879  0.00107942698159635  0.00115776648842665  0.00123745065502207
  0.00132222742925134  0.00140987182608251  0.00149066420426062  0.00157030354108861
  0.00164987449430158  0.00173208066485701  0.00182137667007310  0.00191840150363777
  0.00202710593187532  0.00213437903408485  0.00223722312736785  0.00233035689852173
  0.00242655539135816  0.00253059680027135  0.00264777647888974  0.00277633652267657
  0.00291357945736143  0.00305967621064107  0.00320061311230429  0.00333922375158082
  0.00348918760489642  0.00366680851008432  0.00385404498098613  0.00404133164690452
  0.00423771219175302  0.00445878807620246  0.00468455885490668  0.00492075012651348
  0.00518306649020804  0.00538504740096041  0.00559199221537519  0.00580189158878431
  0.00601232901237614  0.00628313144420933  0.00657218217178666  0.00690095044395995
  0.00727391696843678  0.00769002841600782  0.00814281100119711  0.00860497244556447
  0.00907149269789319  0.00954666251708927  0.01005607194902649  0.01063128812150731
  0.01126448596761394  0.01197954053674508  0.01271648959205313  0.01345825075130863
  0.01420906022544483  0.01498121378481955  0.01588542966625446  0.01694129994662302
  0.01800085039234866  0.01917639836472217  0.02037971317221287  0.02178149889326265
  0.02350155068617454  0.02555238706341787  0.02786599938961228  0.03039647562743043
  0.03286752272438301  0.03547540871209165  0.03872933316434176  0.04260901761836749
  0.04938789920285316  0.06104794569835713  0.40380227322644013  1.00000000000000000
 -0.00098527806163656  0.00819966544238174  0.01618597458873368  0.02479363262746724
  0.03320070578265469  0.04117633295151281  0.05015300931227024  0.05987256628731666
  0.06938062584864207  0.07863764497769685  0.08766438152685507  0.09688561383838572
  0.10695698255217718  0.11768545079951104  0.12918485966794208  0.14092296412220123
  0.15331847339547627  0.16523892645399896  0.17615548380655163  0.18625040010197733
  0.19572809374469241  0.20471133474472628  0.21322958291150379  0.22172803844813974
  0.23130235718353664  0.24100913782605121  0.25022461744344704  0.25951300287235651
  0.26928015831837931  0.27959085783735049  0.29015913335133309  0.30120794566952264
  0.31234792474724138  0.32261196651047130  0.33277822912966953  0.34283382958741299
  0.35309834647811289  0.36346288595885951  0.37485270088030098  0.38678006629109712
  0.39884227378074588  0.41009264928838507  0.42123693003163210  0.43251644343328111
  0.44423506015175901  0.45637623557011264  0.46843365450088531  0.48003208084290283
  0.49148365849670411  0.50219890458071037  0.51164725141796641  0.52083161999667615
  0.52901162963661086  0.53946976724541240  0.55039648147802556  0.56230497774088095
  0.57384342785877229  0.58247390434655244  0.59081065447570424  0.59916421719405999
  0.60716542328033318  0.61733677596264613  0.62932840947421398  0.64147184586332340
  0.65237092473381897  0.66263948015486962  0.67347474688365361  0.68425809081636324
  0.69458675868864650  0.70479645998079554  0.71536259775907030  0.72599448126508426
  0.73726828374024433  0.74902251945017440  0.76149968736175699  0.77405634568658410
  0.78750888899316462  0.79945797950692343  0.81108353085289153  0.82262546876578246
  0.83475852129129946  0.84650577579819786  0.85711055981566220  0.86714703467865362
  0.87774727364424299  0.88949485155059438  0.90284642653182856  0.91606614303642109
  0.92805876801529730  0.93909503639637326  0.94951615458588756  0.96035221812720495
  0.97119165430340282  0.98166926787437858  0.99090646257969339  1.00000000000000000
 -0.00180183206429001  0.00823518852626321  0.01697133702864843  0.02653677074023904
  0.03611624323398264  0.04728895892720163  0.05883094045369058  0.07037249551971274
  0.07987460920260175  0.08870293516250984  0.09724327966507296  0.10686462914836994
  0.11787109393332550  0.12868761544214011  0.13900870754307040  0.15000152354686247
  0.16143770696387325  0.17270031030078586  0.18394857376820542  0.19520221024030898
  0.20616956051611143  0.21754434317996141  0.22905763412762128  0.23999168188721293
  0.24951964667626175  0.25924900542754897  0.26780904871823347  0.27590723511611304
  0.28413985286703192  0.29298998506149571  0.30464218753203193  0.31661188945286511
  0.32839706624316700  0.34065673264088098  0.35359345096361217  0.36634240603807033
  0.37800173284951261  0.38892787801073292  0.39916768908595729  0.40925344358524351
  0.41900048194509942  0.42839871591708456  0.43807377858568641  0.44850945004852238
  0.45900395531638594  0.46913358994946414  0.47965146295966749  0.49142684382151497
  0.50334510212101136  0.51465619353721559  0.52575347568993425  0.53723206445238270
  0.54853168890967385  0.55941860533101440  0.56984654932760914  0.57910175893038485
  0.58894698958403879  0.59925568671761975  0.61000396405407276  0.62186642627031552
  0.63385305573883099  0.64619258941574875  0.65830429367470000  0.67026118722905403
  0.68153963770176329  0.69274330109363025  0.70403199096840174  0.71601947442660863
  0.72807110704909128  0.73863951346860068  0.74841974134628220  0.75803471988632298
  0.76725389294653634  0.77612405343288837  0.78466579337318865  0.79349557347908140
  0.80376205526316313  0.81468760675860197  0.82515904118034444  0.83579905503173868
  0.84642042422556374  0.85644688426016702  0.86654049408022726  0.87677938658154631
  0.88681275283126737  0.89678850850285374  0.90663598716026661  0.91643474775569733
  0.92580246923552356  0.93554948590108977  0.94627207363151145  0.95744377049869989
  0.96800721903359199  0.97842971060566153  0.98887967784721231  1.00000000000000000
 -0.00305421255914440  0.01287773222922235  0.02576907975176770  0.03724744905065348
  0.04834006991226886  0.05912201339441611  0.07087262045055302  0.08197465129699022
  0.09339695907378184  0.10485619088313583  0.11659257004848005  0.12866787161456178
  0.14080785521711001  0.15338435357679470  0.16694006913689091  0.18012951477229799
  0.19310932373345649  0.20535477063986582  0.21705121379878833  0.22921446494054193
  0.24045800414010426  0.25224385862894089  0.26416413279645046  0.27591714261251082
  0.28708918309484455  0.29753509381832538  0.30821669051312206  0.31881640160803409
  0.33014241017747503  0.33981832662736827  0.34873336646772196  0.35779812651471904
  0.36729110900141815  0.37734923064487536  0.38683327973636528  0.39619611619236883
  0.40561837673501827  0.41492921160221508  0.42345530261452913  0.43140785989940639
  0.43936418972495872  0.44754445228457451  0.45610001831235131  0.46518600791006132
  0.47433063667667003  0.48379276259172310  0.49393634137963199  0.50407631590741153
  0.51404016557859700  0.52419340546116489  0.53455444817043918  0.54600188207212119
  0.55839878008470811  0.57116168602895911  0.58334518535020852  0.59480691091359217
  0.60584209333496730  0.61662940355159057  0.62742263002993670  0.63840152728032418
  0.64961383322090516  0.66104927450798323  0.67198827354683999  0.68242718618742693
  0.69228933529786696  0.70039853778896444  0.70891675641790708  0.71750243552720328
  0.72717898717163232  0.73679321893569594  0.74618482600957947  0.75627754867657970
  0.76726170620914991  0.77853037103324096  0.78915732302070674  0.79945854902950719
  0.80971410523594556  0.82004025259385016  0.83059463326119254  0.84137946520868145
  0.85178218808727635  0.86058216305172153  0.86940267934307480  0.87841135532136272
  0.88846496285320053  0.90096432824922934  0.91324800969727282  0.92427777898236108
  0.93350116581121434  0.94158755984344866  0.94995909300380832  0.96019609283916840
  0.97109723230730383  0.98149603715200628  0.99081584836567238  1.00000000000000000
 -0.00049063826596478  0.00289580876067198  0.00453408968560825  0.00617523809289722
  0.00734711791430244  0.00821212262722445  0.00893044478214360  0.00953479111311901
  0.01012556360846802  0.01071149153173068  0.01126845170592997  0.01183156540516531
  0.01240083958636962  0.01297202105268368  0.01353810810712741  0.01410009622728380
  0.01465782252533111  0.01521038934546711  0.01578528846976832  0.01635902972023416
  0.01687155119908516  0.01738349942792753  0.01789389414528052  0.01839704715674064
  0.01895886338287723  0.01956780338012976  0.02019124554419226  0.02084992255638642
  0.02155680458189162  0.02229801497681434  0.02304890259756355  0.02383182887994640
  0.02459661888814560  0.02537587413329195  0.02614701359475567  0.02688753185489218
  0.02766729642007685  0.02849225615650434  0.02935800451201491  0.03023331117184520
  0.03109994908424039  0.03196069624603452  0.03283569165815008  0.03374566442289609
  0.03465148789250375  0.03560533808476988  0.03665382831359908  0.03771734720553933
  0.03870613002025305  0.03967849916689969  0.04056422259982635  0.04147080390508111
  0.04246236827037502  0.04353782991289187  0.04469219183919233  0.04580691940576061
  0.04670189908818598  0.04750677165487812  0.04836341039483257  0.04923419746810234
  0.05012091500686359  0.05097246006520020  0.05204944202787649  0.05327344112950597
  0.05466715538098015  0.05617922748589226  0.05758659395320893  0.05890875483761904
  0.06023247122378959  0.06154239022622011  0.06300114566004292  0.06468825553179136
  0.06643290999789429  0.06836766412839648  0.07041775960385907  0.07248917522383613
  0.07451217406074181  0.07651538366753083  0.07905398749096952  0.08154867422359913
  0.08418065471295880  0.08749315428248194  0.09126343341222484  0.09540796739542129
  0.10029911568371555  0.10557615832741786  0.11056014620965676  0.11568273733276772
  0.12249994330017784  0.13036184562461320  0.13653127487268388  0.14379480479661147
  0.15353591608674058  0.16711460957723945  0.19752234419082931  1.00000000000000000
 -0.00294888177245981  0.01521515771065649  0.03062724086101800  0.04622000495968574
  0.06070846250562386  0.07394527834213420  0.08662952089729044  0.09911704912630830
  0.11152747563051491  0.12408337581679371  0.13701544956506934  0.14964151684513197
  0.16274875266208402  0.17688943949372413  0.18983781300832084  0.20028740058924302
  0.20990926147358649  0.21884355883525536  0.22905587165680005  0.23877462864901400
  0.24829034252375629  0.25541605231568060  0.26285303899702644  0.27027633358908809
  0.27861256733529183  0.28822636583388528  0.29762777928370759  0.30694879998890107
  0.31579089838523766  0.32403833356878725  0.33273409565553219  0.34206071385183939
  0.35176570244382088  0.36182252127056758  0.37192336942727816  0.38219145769508017
  0.39249363209323540  0.40277913848738833  0.41362805792324442  0.42594030017105106
  0.43873689650439990  0.45200622842235888  0.46355785349475587  0.47437223429081632
  0.48502490167326556  0.49528095749703788  0.50465438721338418  0.51332377727212597
  0.52179090030700737  0.53035358777496833  0.53950268004994462  0.54979697575345510
  0.56106182762674073  0.57207336094230365  0.58241488538579023  0.59304384669066568
  0.60308695074447860  0.61172194441056527  0.62025216707301034  0.62938326340454265
  0.63885362917122590  0.64865233853289084  0.65845946930902444  0.66848121829978702
  0.67817407883905079  0.68785380848395428  0.69778907355864295  0.70772571944724627
  0.71723823747043458  0.72587437844276836  0.73436365557535355  0.74283234565099010
  0.75169652634720940  0.75942527559286055  0.76690535322631836  0.77439749728036378
  0.78217726856109626  0.78957684799441952  0.79681762925170374  0.80434947684017077
  0.81306196025538546  0.82416623674168277  0.83511613921006067  0.84412677352603271
  0.85215672056900826  0.86099879093520448  0.87102703472612864  0.88243033189137776
  0.89413241248908160  0.90707073630305846  0.92103201490513076  0.93538480700539484
  0.94975066496165339  0.96523412003403308  0.98234146316092852  1.00000000000000000
 -0.00606003564427690  0.05078298796308293  0.13044605967489653  0.25928354553897753
  0.34338260893750722  0.39871996406148141  0.43909629210079576  0.47024948959790325
  0.49495632422659702  0.51626932844097206  0.53524542072968873  0.55290644519679444
  0.56748607815786423  0.58066047499361340  0.59294493321969099  0.60483809454794613
  0.61620030829941952  0.62749251748187052  0.63807044950581371  0.64777504374284767
  0.65682041585180562  0.66573880359094373  0.67459198192777292  0.68360248225673215
  0.69263070352203260  0.70166005331131687  0.70990453432471323  0.71735303028243314
  0.72453450211220716  0.73139211909674762  0.73791629242847756  0.74427709318568191
  0.75049753545038977  0.75662824966023423  0.76255555757396321  0.76830656938082487
  0.77385705487789092  0.77925587910647720  0.78473474633755314  0.79022002989959250
  0.79540410212641699  0.80024005740340542  0.80490637308530200  0.80941626162955305
  0.81381435940051183  0.81812082942502895  0.82230563576319982  0.82637416462188473
  0.83038599101188471  0.83441710162538818  0.83849698866158751  0.84264147540414280
  0.84692189626326297  0.85086616206750920  0.85480141794334252  0.85858314851110229
  0.86241977525514646  0.86621504353422896  0.86992193257125949  0.87334469757042499
  0.87662940456600325  0.87985532609011230  0.88273983342843665  0.88535840604356686
  0.88802294300921525  0.89076726187080746  0.89371549001075079  0.89687451609703817
  0.89987979927950523  0.90272304453581098  0.90553824938418725  0.90833213730985451
  0.91106566411977130  0.91368824243965741  0.91625309041881531  0.91886172701936941
  0.92158252074916391  0.92451161195490128  0.92748067710104165  0.93069163261619980
  0.93395253014344948  0.93712751985494780  0.94014853482660077  0.94311301457971619
  0.94629273066014352  0.94973813387380979  0.95278681547395083  0.95565845467791233
  0.95852171561657007  0.96156393824369757  0.96504575727319009  0.96915206389770570
  0.97392909115622706  0.97960630731104581  0.98730297606315975  1.00000000000000000
 -0.01104127984893689  0.08572382155239586  0.11448039528193135  0.13450364333772474
  0.15241238018502418  0.16800598041828912  0.18176683614086125  0.19413586425106791
  0.20575705731292096  0.21578645459261667  0.22508513294015980  0.23437444881838437
  0.24334211501804881  0.25129391507921822  0.25888864269901202  0.26643010620838958
  0.27416207035010792  0.28197804024077067  0.28901782864527042  0.29613954739028525
  0.30304015547204116  0.30996527593310108  0.31670391725140234  0.32309302067254914
  0.32933778588244045  0.33541793228009070  0.34147868406992266  0.34758184615172272
  0.35352630191813023  0.35938952022039650  0.36514950313693245  0.37088035797205621
  0.37672864953308410  0.38278601210461510  0.38919009584159991  0.39472649952996186
  0.39940566568135011  0.40395831531377691  0.40840943906379024  0.41402185666605834
  0.42025196122679681  0.42661871862803757  0.43304306130394848  0.43950543396331915
  0.44574009293484640  0.45150735410892295  0.45684749643234368  0.46192975013251797
  0.46705211384782208  0.47263506481906364  0.47859269442908964  0.48448837737646366
  0.49036784457586557  0.49617113135352703  0.50210269103619865  0.50811945738492081
  0.51429670647198100  0.52052226678563918  0.52785278467771568  0.53499428756140610
  0.54149128604431618  0.54771719806331121  0.55417642730010386  0.56123129379392600
  0.56890474447457096  0.57643531213632793  0.58331225519032037  0.59017036777333554
  0.59561931346998676  0.60133384878897389  0.60728896773209218  0.61353101093237816
  0.62144717045253983  0.62931622914799779  0.63772407751376115  0.64644237739790300
  0.65525811015953439  0.66425458008030747  0.67335201685041857  0.68230987741118021
  0.69135250510429436  0.70052294184149777  0.71033247554157630  0.72130031423867991
  0.73333486989204721  0.74602724482497673  0.75848223825581396  0.77081355044562128
  0.78325004683276200  0.79666430591620951  0.81134403156577761  0.82706327646738442
  0.84627684166632910  0.87240023844996839  0.91273426479716613  1.00000000000000000
   1.8557579013772952E-008  -1.0000000000000000     
 F F F F F F F F F F F F F F F F F F F F F F F F F F F F F F F F F F F F F F F F F F F F F F F F F F F F F F F F F F F F F F F F F F F F F F F F F F F F F F F F F F F F F F F F F F F F F F F F F F F F F F F F F F F F F F F F F F F F F F F F F F F F F F F F
  <DiscreteSampler_grid>
  grouped_processes
  1 # 1 for a reference and 2 for a running grid.
  10 # Attribute 'min_bin_probing_points' of the grid.
  1 # Attribute 'grid_mode' of the grid. 1=='default',2=='initialization'
  0.0000000000000000 # Attribute 'small_contrib_threshold' of the grid.
  0.5000000000000000 # Attribute 'damping_power' of the grid.
 # binID   n_entries weight   weight_sqr   abs_weight
    91   10   5.035147386256836E-001   6.966888508926995E-001   5.035147386256836E-001
    127   10   9.274037690039169E-001   2.905327011405136E+000   9.274037690039169E-001
    128   10   9.274037690039160E-001   2.905327011405128E+000   9.274037690039160E-001
    178   10   5.035147386256836E-001   6.966888508926996E-001   5.035147386256836E-001
    268   10   9.035053850475396E-001   2.629160400140776E+000   9.035053850475396E-001
    269   10   9.035053850475385E-001   2.629160400140770E+000   9.035053850475385E-001
    277   10   4.945189986644848E-001   6.334410886839601E-001   4.945189986644848E-001
    292   10   9.075398553390543E-001   2.663307433611819E+000   9.075398553390543E-001
    293   10   9.075398553390522E-001   2.663307433611807E+000   9.075398553390522E-001
    313   10   9.075398553390535E-001   2.663307433611811E+000   9.075398553390535E-001
    314   10   9.075398553390519E-001   2.663307433611805E+000   9.075398553390519E-001
    337   10   9.075398553390535E-001   2.663307433611811E+000   9.075398553390535E-001
    338   10   9.075398553390519E-001   2.663307433611806E+000   9.075398553390519E-001
    364   10   4.945189986644852E-001   6.334410886839613E-001   4.945189986644852E-001
  </DiscreteSampler_grid>
