  0.00500716240827609  0.01080326034609218  0.01948181283465638  0.02928318397456540
  0.03928120343625040  0.04968470222979092  0.06000469858077352  0.07051565938284969
  0.08091551515200365  0.09104858542319555  0.10150424261864550  0.11145991495834018
  0.12173425306614194  0.13214067472481084  0.14276711938134118  0.15354469373381324
  0.16453469088755246  0.17550424601897308  0.18658080406288738  0.19716636857656847
  0.20790523824896961  0.21857135633557973  0.22905770231295935  0.23972719800078132
  0.25046844776988636  0.26144055339293099  0.27249437359030643  0.28360987029216150
  0.29459474948520148  0.30541623373360582  0.31618088481263618  0.32695657198403022
  0.33731229320685113  0.34706592945121029  0.35677359840724310  0.36664817959838758
  0.37648511874774510  0.38611904480613118  0.39595177167736356  0.40651601004143262
  0.41737003499860154  0.42823607233437805  0.43889928130589262  0.44961715628701759
  0.45995267725130451  0.47000028129347871  0.47979914540377072  0.48981530192902606
  0.49983029772476706  0.50998942574122930  0.52021009151216857  0.53068319757219784
  0.54115357833559108  0.55155450207494860  0.56227579201781586  0.57246870685906259
  0.58271710786001385  0.59275668918232316  0.60302359866512634  0.61304120343156587
  0.62284995924953090  0.63285755748079731  0.64314171125757114  0.65315869158374895
  0.66319774951352461  0.67324091633288030  0.68360710719481921  0.69385601874404357
  0.70394022161060765  0.71399203043821524  0.72413637173434109  0.73484045058986036
  0.74571248815497737  0.75629076025425601  0.76686115067489136  0.77781814380625358
  0.78911282869935329  0.80005923295562520  0.81102416249258935  0.82249643790924598
  0.83393516872545748  0.84504592296075431  0.85601023152758005  0.86724749714957805
  0.87842607368810954  0.88932004585300006  0.90026363600661130  0.91113813002657151
  0.92244080280364871  0.93384363329021192  0.94481931905062921  0.95526691938336705
  0.96592275743949030  0.97716662328640203  0.98858498369887549  1.00000000000000000
  0.00255611137369718  0.02224621042994597  0.03899571038450981  0.05251951252702650
  0.06445387138707677  0.07560961337259609  0.08569618778577456  0.09531084862708161
  0.10512965564585774  0.11538284146003425  0.12562487637559550  0.13562815138656648
  0.14571916000200810  0.15613405047750217  0.16646526593867070  0.17672975993233023
  0.18707814102893330  0.19752227731679423  0.20803874156509181  0.21830994936044446
  0.22864744601873704  0.23914590005902120  0.24915651379099935  0.25899992462213484
  0.26870842029888048  0.27839708809729702  0.28824492694346621  0.29781070414947519
  0.30764595657131566  0.31757317647376893  0.32797029908094039  0.33820626150092226
  0.34819604435069101  0.35831049369768797  0.36860116804415766  0.37900276345469847
  0.38898795515507195  0.39905659853244080  0.40962119277352721  0.42006869787459244
  0.43068388645417705  0.44130587510766045  0.45207761566555366  0.46271839070234633
  0.47315583031897057  0.48337732636948022  0.49357023721766813  0.50412085698089570
  0.51447796056362682  0.52467013044742494  0.53496378121269450  0.54557009403670098
  0.55615144487784007  0.56625137426738725  0.57622399189539175  0.58663322658915384
  0.59752585039706296  0.60798452966301864  0.61765120063426060  0.62711140536302723
  0.63662343396479337  0.64617213964021347  0.65554795431118107  0.66500219206324029
  0.67510842628225831  0.68548942981128003  0.69597145431809071  0.70625125519755505
  0.71626206947654614  0.72629143832155185  0.73607984333160570  0.74561134818454400
  0.75511986698660016  0.76494089291567924  0.77530265878089522  0.78577004064702405
  0.79579318759438666  0.80595967342365860  0.81650511230719103  0.82745787453659614
  0.83851259426965774  0.84948269942957921  0.86083461629066571  0.87242697318519535
  0.88394876820121526  0.89517583390884137  0.90546430232423736  0.91593102292379514
  0.92651863141503488  0.93671558316223957  0.94632742852823226  0.95600045290991731
  0.96675566914211764  0.97779025407764319  0.98874470500076361  1.00000000000000000
 -0.00146812106851287  0.00657518720429537  0.00957929331046295  0.01267535881354465
  0.01589970990954337  0.01941929775501035  0.02306468261239167  0.02707286788608291
  0.03164030056858767  0.03645861863470701  0.04149625397529783  0.04676408845956322
  0.05228851796268218  0.05809745500694639  0.06417460987381952  0.07037414692408196
  0.07690691755880276  0.08375946597099485  0.09071033046064475  0.09763281999738853
  0.10476682776086192  0.11231932945271951  0.12011224231245274  0.12824514955035546
  0.13650898692504357  0.14492595308297329  0.15354627797372339  0.16219483160493242
  0.17062071691289413  0.17883207374914203  0.18734930167374303  0.19633191116934154
  0.20567591507272237  0.21550075736794019  0.22556591244175730  0.23568020153469188
  0.24582295195315651  0.25591343399147676  0.26606918890045023  0.27645521148990415
  0.28726022603014278  0.29843412891729537  0.30958811438408357  0.32062923829224721
  0.33194442615452374  0.34334592389611251  0.35458671369961409  0.36643219859406984
  0.37851742676721817  0.39081917248531695  0.40351590850861180  0.41599076646831756
  0.42804188637975882  0.43995327195320821  0.45185831817273803  0.46366980704033134
  0.47553148371139203  0.48784949513074949  0.50062040154904874  0.51327891143023774
  0.52554594837183977  0.53758142144664944  0.54996580402175044  0.56231889292751824
  0.57451633269754387  0.58661293470197151  0.59875401067489564  0.61113285340361045
  0.62356247171906365  0.63640845602581519  0.64893885025018427  0.66179352199715635
  0.67497236919217896  0.68829020290258502  0.70189792487035030  0.71610243360098480
  0.73065243418947512  0.74534624885173428  0.76075175811643747  0.77519601410168293
  0.78900107129666008  0.80298036368403014  0.81685194130404826  0.83008115544572925
  0.84359265086750068  0.85710262769647316  0.87065906671199711  0.88411550047755916
  0.89755466215993818  0.91136539428499519  0.92557231149352182  0.93992849352635111
  0.95481713981942129  0.96991012084033879  0.98497103287919019  1.00000000000000000
 -0.00256854759959010  0.00978485077511890  0.02084793989187308  0.03164307017990139
  0.04225509214416179  0.05257314629300048  0.06229629844220654  0.07192053199215837
  0.08153732010665471  0.09176010233397677  0.10257101930679027  0.11438441167071065
  0.12686295384933749  0.13936593712299622  0.15100611232590169  0.16156233563463182
  0.17178592599712755  0.18197694284683463  0.19240677045817428  0.20265667423887629
  0.21265537270671586  0.22270199954879885  0.23312417591169912  0.24360992782094576
  0.25390320577300568  0.26390511240898240  0.27447859215257414  0.28534703913528392
  0.29615338682317810  0.30658788203130599  0.31728708860640820  0.32796679747513657
  0.33861307784625566  0.34885355249073602  0.35906966021839970  0.36971482103811937
  0.38052501705281699  0.39158166290182761  0.40273378240304453  0.41417076200811986
  0.42486897842605897  0.43520702068711686  0.44565972308407875  0.45628743937828892
  0.46660579371073352  0.47708427521708147  0.48753504226113314  0.49849592554588634
  0.50904910967727179  0.51903421087539980  0.52880183713227014  0.53869861755192094
  0.54914400484298787  0.55980463005532566  0.56955038114362688  0.57914714217868402
  0.58905663981312673  0.59910748235555467  0.60885309318188530  0.61821308528067254
  0.62803103692897910  0.63847872528620786  0.64912329243755562  0.65968821894471741
  0.67046577861394641  0.68151212296031838  0.69236438783678278  0.70298897928940962
  0.71364970824002039  0.72499782749319619  0.73613005832083711  0.74721033256691838
  0.75853345118705784  0.77028161215590907  0.78218947972394970  0.79373304846454229
  0.80447990692902704  0.81467080070306819  0.82437587299293491  0.83364822528343652
  0.84248120246387559  0.85138286824557485  0.86138760301133577  0.87199494615881290
  0.88227852072537816  0.89245354182677805  0.90317148857349072  0.91419330479747096
  0.92475473967057475  0.93509020347337601  0.94620956280035640  0.95747706698518587
  0.96847344635884824  0.97893823717408868  0.98944804853966917  1.00000000000000000
 -0.00264138075073342  0.01007815490795727  0.02005004632686644  0.03072790912227555
  0.04125403193992997  0.05150245702660054  0.06187742311458396  0.07240112997524048
  0.08283966855892337  0.09310560245577511  0.10366353547360070  0.11464360423815692
  0.12515962318875759  0.13515834127194237  0.14521604847797834  0.15554673785419418
  0.16630265293546767  0.17706801450948573  0.18801839424041461  0.19877025523570235
  0.20929646506492397  0.21930788629216047  0.22950186828660338  0.23991498378871140
  0.25015038829681119  0.26012912260526683  0.27012539562590543  0.28017310985416899
  0.29053126994163203  0.30103736528066333  0.31102117170842103  0.32075532915481414
  0.33049960931058753  0.34157627128792811  0.35316572297280380  0.36414919107643495
  0.37476312050950983  0.38530240306506858  0.39547932678256192  0.40520351391573489
  0.41497265268197636  0.42509163681567852  0.43536026166015751  0.44544503121355083
  0.45557673300207863  0.46608827081735232  0.47684484769753288  0.48758884611618447
  0.49825532850089199  0.50909591158375578  0.52003471666297085  0.53044294275169779
  0.54053727755827641  0.55097845930724332  0.56159404567437332  0.57197969913110969
  0.58235929716853363  0.59270958001649943  0.60318205611969267  0.61283384523182993
  0.62271651922112559  0.63276663601417460  0.64344708253987803  0.65422419688741773
  0.66569076359887347  0.67661260562749048  0.68802202991188388  0.69910481960539805
  0.71018123590336091  0.72067889393753415  0.73131496744747448  0.74220860441735603
  0.75333294209349688  0.76452791184610780  0.77622128861172235  0.78754582121103511
  0.79909259215420880  0.81034400311814914  0.82171688563277212  0.83321182259791138
  0.84459972290155638  0.85588506292165789  0.86718330958624912  0.87825478281785074
  0.88878366384395580  0.89943712747084748  0.91026430313153850  0.92095552229563971
  0.93060221434938695  0.94025532032180481  0.94986275295702993  0.95973781435648686
  0.96946908056889569  0.97927177960312362  0.98946018540123992  1.00000000000000000
 -0.00203795450608567  0.00915904365808336  0.01841466509207332  0.02806112571519121
  0.03777461633365090  0.04769786515270959  0.05768452443635320  0.06759036292496694
  0.07793322176861324  0.08910703642488044  0.10106994878201611  0.11217276370927334
  0.12260051890130631  0.13303792398291051  0.14346475028664674  0.15373015625804398
  0.16404877557471531  0.17487324003148774  0.18599665412071992  0.19738712122659421
  0.20899156434777982  0.22005122902618460  0.23079998049191106  0.24154970924364552
  0.25217386955292526  0.26229865095972388  0.27243444472807826  0.28309093629802912
  0.29362055456046826  0.30365641315993713  0.31378965055642999  0.32435686297912997
  0.33546716202313281  0.34657518712777979  0.35781715625828830  0.36856421243229465
  0.37906111088327238  0.38915744875219416  0.39934682639738445  0.41021335845247825
  0.42108267800121291  0.43193753049188377  0.44277648331222902  0.45352010328298831
  0.46393366275544251  0.47405340649956623  0.48423746173360999  0.49460919262634234
  0.50438672401791862  0.51355266103214969  0.52299151464241123  0.53287417331037346
  0.54295299603823322  0.55344051818985895  0.56396872802502607  0.57450239629474897
  0.58472464929782930  0.59419621723528748  0.60406555769622339  0.61364656818486041
  0.62321880404738816  0.63330055703720711  0.64363623831436745  0.65424332269810082
  0.66527967600408378  0.67609108285712749  0.68702495146159159  0.69749620914987642
  0.70818443684684051  0.71894735279533606  0.72957348872346084  0.74007112364509908
  0.75050662002969037  0.76092288846473932  0.77124966005721030  0.78136924524487139
  0.79134829689713293  0.80175823028411841  0.81219796234925212  0.82349060261982010
  0.83479073004085180  0.84660825023845443  0.85816056726227730  0.86991157326501123
  0.88153549576449153  0.89325636770025585  0.90421096618119490  0.91490997360815274
  0.92543721262612300  0.93602484216876058  0.94683724780838141  0.95800658954277829
  0.96922356000219656  0.97995759593202503  0.98993015317825928  1.00000000000000000
 -0.00552642178802273  0.03112922524203822  0.05494916162455073  0.07358294114153499
  0.08988510618090631  0.10469293560935797  0.11799989982693836  0.13036342259073361
  0.14255089877955535  0.15410587107921081  0.16495972922182520  0.17549044114410756
  0.18552444085927092  0.19583745096501021  0.20619197050686192  0.21663476984760910
  0.22693378915090634  0.23688842810890870  0.24655719737710993  0.25580824547671027
  0.26491884970681046  0.27374256780960166  0.28245448218789737  0.29112856278460841
  0.29951624702367458  0.30769916940177361  0.31595920016587603  0.32432690427812105
  0.33258940435622997  0.34110767168920691  0.34954375023722800  0.35793003497944637
  0.36613759290890663  0.37418067580595721  0.38218782081711655  0.39033949771758331
  0.39891044351201921  0.40810748478294068  0.41766312434870484  0.42735530619435774
  0.43683339338419641  0.44566512913107226  0.45393965639377581  0.46181127605971267
  0.46966162651562776  0.47772787666548550  0.48590943215694837  0.49404089556738451
  0.50199242904259900  0.51003114834789076  0.51798708000650384  0.52574782175563894
  0.53335080773460686  0.54099140229637688  0.54877707975048495  0.55664748530678343
  0.56451228628650552  0.57246804906881310  0.58061361020548052  0.58892821473680546
  0.59733854961812949  0.60541250723482276  0.61351893661280199  0.62163659167291430
  0.62976263567574342  0.63778025002829264  0.64581347984481086  0.65388084442776373
  0.66205191115876427  0.67014712589806302  0.67854878371528959  0.68718413208409690
  0.69600276987779852  0.70489449645716717  0.71373316043699109  0.72294652427426875
  0.73195448193951662  0.74107019234475136  0.75031436415666475  0.75979039660592107
  0.76935726492785805  0.77935583950082377  0.78968327850859066  0.80064263604750441
  0.81189299491609901  0.82392751621587190  0.83624120520113177  0.84881582101526953
  0.86222126193267046  0.87639640353728954  0.89077953015874967  0.90528749214225368
  0.92116677218871190  0.93980556827559825  0.96437502922185847  1.00000000000000000
 -0.00228868421008898  0.00963059210340360  0.01923648160356340  0.02963108105936146
  0.03978218330125663  0.05014906099636037  0.06053951866710098  0.07114487947466848
  0.08158912623550457  0.09192774459940248  0.10221547703951739  0.11272845752688673
  0.12321245432513474  0.13372577329164681  0.14404912810075785  0.15421639747804444
  0.16474067330033720  0.17569595767681992  0.18653575767863434  0.19703599062628285
  0.20756410327336863  0.21857175785144481  0.23004742956524579  0.24190989695739687
  0.25362768772114397  0.26511348251222339  0.27606117564102117  0.28696268394660818
  0.29758685473611252  0.30818365819045646  0.31826346584754450  0.32828594871610062
  0.33859974549877375  0.34940710506780870  0.36028124378888621  0.37076436172294347
  0.38128594411786626  0.39146361035140642  0.40122263656995888  0.41048218143023735
  0.41982271781999858  0.42908983653239829  0.43848794677693792  0.44830314121703890
  0.45823645699284465  0.46861216603179479  0.47914862245971335  0.49048483907309393
  0.50252030436949013  0.51467053819392039  0.52670437668635739  0.53833508194671997
  0.55009286533322965  0.56135009451984497  0.57192353052607159  0.58190586844111158
  0.59200855221205850  0.60228538149898503  0.61232934085152235  0.62212375908291062
  0.63209265978369045  0.64209299276305309  0.65191320427131183  0.66161639457934718
  0.67160785697484116  0.68163744801125992  0.69155509665515769  0.70157458388366167
  0.71199464290263048  0.72251471161093017  0.73306318355519207  0.74323262735037710
  0.75329076141178819  0.76359453812865108  0.77353115959747831  0.78363985967548544
  0.79395925343626605  0.80454626417682251  0.81492169662521685  0.82500222611433638
  0.83471391102520898  0.84544151848043636  0.85645053518907022  0.86812820465032747
  0.87933985043580876  0.88999537885341939  0.90083462597157027  0.91217453475593058
  0.92354560525800433  0.93451305003027563  0.94523362717974102  0.95594461417403997
  0.96676574077750699  0.97764851193754299  0.98883524701701231  1.00000000000000000
  0.17627923714305413  0.43233115064952399  0.48437898806273361  0.51578902694657669
  0.53439672418769169  0.54730207112141183  0.55749292030786624  0.56585241059125602
  0.57309958042868692  0.57974477724104645  0.58594645023405589  0.59172419005435795
  0.59726367349031084  0.60258500588591635  0.60747194277549188  0.61189229869494743
  0.61636699002257800  0.62074011790630912  0.62495118245507753  0.62870006591010097
  0.63230618691056284  0.63591433025035282  0.63957287973984001  0.64322752701991470
  0.64687324315775530  0.65031605133377002  0.65378740354576625  0.65726519942249462
  0.66067884174702229  0.66399914883931477  0.66729295002061306  0.67066883348855411
  0.67404235027023562  0.67737993729715607  0.68069473107253431  0.68398735116805331
  0.68726867273017000  0.69056722431056439  0.69388686478107198  0.69719828955600593
  0.70054626967612055  0.70394228090706357  0.70732651155062820  0.71064789408164830
  0.71390116960868233  0.71712467174201688  0.72041206350955811  0.72366833321929647
  0.72689713874820738  0.73000520176919470  0.73300816107656408  0.73595449282888858
  0.73890676149046219  0.74190553166615614  0.74495208405181579  0.74803356439380286
  0.75113465598567175  0.75433550918862269  0.75755717702416814  0.76079186764062112
  0.76411550328050815  0.76747790357709345  0.77083865500274396  0.77420624754377765
  0.77759047803755676  0.78095019881797489  0.78439652476843902  0.78792365707652967
  0.79144611573063484  0.79513506699749226  0.79882757057401410  0.80256672539072971
  0.80636441993726904  0.81023769644221755  0.81418622212699265  0.81820297266737074
  0.82226336162099090  0.82638513604708563  0.83059167034018966  0.83491241517062997
  0.83944217689586631  0.84413174232477262  0.84896935128292328  0.85410024562542908
  0.85951006882649883  0.86514222126332263  0.87086172998111788  0.87705063548929496
  0.88385382558101133  0.89122387774565359  0.89945846811765717  0.90889477437011457
  0.91996382734010496  0.93337517682361260  0.95464060967520148  1.00000000000000000
 -0.01807334291293497  0.10397453943430859  0.13893015550241189  0.16084619355213994
  0.17917765891751727  0.19622201721310883  0.21251372815112990  0.22841940858671722
  0.24362626913850857  0.25870936397023148  0.27396449262762435  0.28918857036957918
  0.30375996741296429  0.31784003092765806  0.33183729137534768  0.34568238219152120
  0.35893793948233532  0.37146657270165129  0.38299124175842675  0.39423289109362752
  0.40466933148663536  0.41481686226591852  0.42412192460965370  0.43312014534840620
  0.44186527041522738  0.45022969687399206  0.45836736367570369  0.46577440804867432
  0.47308263094519987  0.48015981842275085  0.48662431893108099  0.49280050943457121
  0.49870114066233878  0.50435823554696602  0.50997071517459791  0.51565759751154816
  0.52120885502499126  0.52660695095178756  0.53195346295401325  0.53723765438506987
  0.54246936321803130  0.54765191563545168  0.55280939547506258  0.55801957054953899
  0.56337521818640224  0.56892784722880341  0.57413316732753539  0.57933077503609032
  0.58439848616277779  0.58942982422714552  0.59450371748364350  0.59947872353402198
  0.60423635347506022  0.60891969134060553  0.61351898564866880  0.61811548991844600
  0.62288484513641440  0.62753590301003015  0.63223474292382575  0.63702748876446169
  0.64180758570986363  0.64655854534387813  0.65139806718097393  0.65639425150059882
  0.66140468223456617  0.66662440270743040  0.67193440431098084  0.67719897999373813
  0.68253867167657767  0.68784720204891536  0.69306581916274979  0.69831825345574805
  0.70364607446425620  0.70905046748823564  0.71463888591993385  0.72020471593753255
  0.72582960601908741  0.73143619535926863  0.73703776631887552  0.74275204346448753
  0.74881121441429344  0.75560559951317108  0.76290111216502920  0.77028755623424783
  0.77794553417632606  0.78592295299435710  0.79459904476776710  0.80422509516090668
  0.81423996178810731  0.82543003099947398  0.83829005200479034  0.85325510625229128
  0.87115425261434321  0.89334588988240038  0.92792521361301916  1.00000000000000000
   8.1436946224910974E-009  -1.0000000000000000     
 F F F F F F F F F F F F F F F F F F F F F F F F F F F F F F F F F F F F F F F F F F F F F F F F F F F F F F F F F F F F F F F F F F F F F F F F F F F F F F F F F F F F F F F F F F F F F F F F F F F F F F F F F F F F F F F F F F F F F F F F F F F F F F F F
  <DiscreteSampler_grid>
  grouped_processes
  1 # 1 for a reference and 2 for a running grid.
  10 # Attribute 'min_bin_probing_points' of the grid.
  1 # Attribute 'grid_mode' of the grid. 1=='default',2=='initialization'
  0.0000000000000000 # Attribute 'small_contrib_threshold' of the grid.
  0.5000000000000000 # Attribute 'damping_power' of the grid.
 # binID   n_entries weight   weight_sqr   abs_weight
    13   10   6.082684056970732E+000   6.312076713962123E+001   6.082684056970732E+000
    14   10   6.082684056970734E+000   6.312076713962140E+001   6.082684056970734E+000
    16   10   9.109146545971551E+000   1.624519452491076E+002   9.109146545971551E+000
    17   10   9.109146545971559E+000   1.624519452491080E+002   9.109146545971559E+000
  </DiscreteSampler_grid>
