 -0.00326425670427488  0.01396585612472999  0.02654382246732787  0.03722404715044108
  0.04797268422659465  0.05972762193430978  0.07183679622836352  0.08208929518112461
  0.09219628156598129  0.10230505304977427  0.11275969334815045  0.12298927219873028
  0.13322350082207363  0.14424748602573587  0.15581584573901142  0.16686178216400346
  0.17610312422398966  0.18468689242451866  0.19283559160223898  0.20081778656749272
  0.20898171120227690  0.21694041903537284  0.22406274940507542  0.23106504576215384
  0.23860583932445195  0.24637563320746117  0.25610115738293288  0.26638639317807739
  0.27641890864000995  0.28658780128757017  0.29781217173979008  0.30949796642893823
  0.32150161805664323  0.33368544115973908  0.34612235653694584  0.35903626215943729
  0.37210458511555805  0.38499863854312111  0.39755537812350406  0.40972532386334287
  0.42141833310729931  0.43235849992703995  0.44313396745190242  0.45497328156494016
  0.46695754095501896  0.47792390255208550  0.48617054467383924  0.49359223270856661
  0.50210183796838681  0.51057509794348366  0.51947768246726522  0.52845827303224957
  0.53670999349268911  0.54608469443271390  0.55760988101082576  0.56867330361836255
  0.57909297969671958  0.58959458258991815  0.60057094398880539  0.61220248460515869
  0.62378844738761763  0.63268134163483514  0.64131077786832291  0.64996064467698733
  0.65919255436555135  0.66928439844390675  0.68009700295280096  0.69131282138545469
  0.70355063275973917  0.71569180020217638  0.72698089244414521  0.73786161108531856
  0.74928041444701432  0.75724193292088249  0.76611419862109531  0.77575631560029490
  0.78568068746262654  0.79548726171450934  0.80449755957504321  0.81291326079477377
  0.82448125108645165  0.83726917251859956  0.85078339427439609  0.85987418654341274
  0.86716927567571600  0.87565896390275810  0.88487949200923044  0.89349613125476091
  0.90148760976706932  0.90890665681909144  0.91719630302165700  0.92855831295791857
  0.94200171667966737  0.95676405622434590  0.97572579319341235  1.00000000000000000
 -0.00693476300803944  0.03070650372416358  0.04891327030768475  0.06516930837583101
  0.08197921826748060  0.09660745821517325  0.10956819760999643  0.12130540001580184
  0.13287215862319804  0.14313747263237564  0.15222249242754676  0.15994448992413363
  0.16824822331836939  0.17752595205741126  0.18836349191245419  0.19793492638295590
  0.20672705748371656  0.21622069498123375  0.22655974563241091  0.23700039335607478
  0.24731835573709138  0.25625918134724024  0.26495181595369222  0.27390563755782149
  0.28236723656401058  0.29075192217229828  0.29871219270411309  0.30691000968160564
  0.31611271059178164  0.32819394689049525  0.33963980724269649  0.35001121617280823
  0.36007376321932877  0.37021500356892878  0.38082581228897028  0.39190680689253909
  0.40181814423360307  0.41168192419920624  0.42180097145321915  0.43221800995061777
  0.44100276940920335  0.44852519866785018  0.45679246837761878  0.46427873770726619
  0.47107921577392542  0.47790265647454144  0.48449038860710691  0.49067804731658388
  0.49655524406227186  0.50326125535579869  0.51111203505888347  0.51850115524398876
  0.52626048038949902  0.53396598206614176  0.54221612287398835  0.55595094456757199
  0.56633439400834251  0.57578209141150216  0.58456544788573406  0.59333372535825479
  0.60256974918919948  0.61135992680383222  0.62009971955008580  0.62843913388305661
  0.63730697771287992  0.64718535881280770  0.65998041693713072  0.67485395932078041
  0.68956354084332960  0.70059116527220877  0.71112928647682616  0.72178029370326224
  0.73258787076089116  0.74248534684130330  0.75337700056068635  0.76649816135818805
  0.77992789928481632  0.79362512878679514  0.80860408956833063  0.82308497818139059
  0.83664330188905767  0.85017948046221892  0.86363645463725935  0.87536763608313339
  0.88422591120741911  0.89291656645117434  0.90104806879264543  0.90867486548673626
  0.91643603989365352  0.92437702300682234  0.93148576546452089  0.93849131512134076
  0.94696624190530199  0.95650389693783444  0.97399909454559941  1.00000000000000000
 -0.00000058351608857  0.00010981429853698  0.00071470191569605  0.00201940713478597
  0.00416429079916245  0.00676109211910745  0.01045487638340280  0.01499744787471447
  0.02031475680640973  0.02582590942310928  0.03175560980847712  0.03817792574112638
  0.04444929193073723  0.05069847723307882  0.05703841993105935  0.06432939323569124
  0.07249451090494047  0.08034012446494027  0.08831405735135195  0.09708912368971982
  0.10698910561186797  0.11798374088522631  0.12989130714043365  0.14155398675772460
  0.15312754590540306  0.16464081771876321  0.17562698573917529  0.18649088742536163
  0.19754063136059904  0.20852098153536983  0.21883057667009992  0.22959667151514659
  0.24010815260800888  0.25194284870611033  0.26401871644327229  0.27563753099073962
  0.28659988148569926  0.29730785011783606  0.30808946145808985  0.31871480975485955
  0.32914698468514741  0.33977649670073279  0.35252623077493367  0.36628244459778381
  0.38064050704713448  0.39522216463111215  0.40949134820264488  0.42262688484382760
  0.43477647854961560  0.44619764426623598  0.45786837601747671  0.46992101153579890
  0.48178901744535385  0.49319236361514590  0.50423683942292297  0.51499040632589288
  0.52555798272031251  0.53614964886823557  0.54691110048543989  0.55746489332903504
  0.56834428572113105  0.57991915614207312  0.59145487861801971  0.60297035671386234
  0.61426528891557519  0.62535155245727236  0.63629208929142966  0.64696461684829931
  0.65759522437889872  0.66841811233165827  0.67951620343015828  0.69151291635053969
  0.70350186063026154  0.71498185685621352  0.72684604977253020  0.73858525907469863
  0.75081374914293009  0.76382323005648367  0.77737845478985035  0.79087004671580430
  0.80385577262013186  0.81638425348047838  0.82860833977476667  0.84123548324909558
  0.85397479149500433  0.86722191112886060  0.88114101949714840  0.89494457293471052
  0.90865261808805164  0.92141101352690913  0.93410623163876005  0.94643282050631983
  0.95897883935614625  0.97230487580530167  0.98571515905371931  1.00000000000000000
 -0.00226543473380938  0.00863324223328963  0.01865781760242574  0.02748143992514825
  0.03611631173093796  0.04471509167836757  0.05460099924920805  0.06431833686660460
  0.07370350409004449  0.08275623178483409  0.09223162948562318  0.10211723143557350
  0.11110998825695403  0.11975824666085180  0.12842163481552968  0.13819016915158591
  0.14936124486230060  0.16105359985856099  0.17080711179350586  0.17964462098059608
  0.18857468782727793  0.20145615700185324  0.21232168725074746  0.22353245289986146
  0.23443195768091152  0.24540806729412107  0.25681931011092585  0.26827567531062435
  0.28104782449309762  0.29220408564466555  0.30016535285815599  0.30700039261885298
  0.31434909870922789  0.32182274316377091  0.32906623349842390  0.33581206511701517
  0.34230941359432038  0.34859565310483753  0.35470539443565063  0.36257781990296278
  0.37093140714702472  0.37993093026276636  0.38850817659811254  0.39761978298289191
  0.40940540634804873  0.42351748068839551  0.43628551908825164  0.44902747775157537
  0.46226015286800104  0.47644004705956355  0.49195782903582758  0.50874929158407745
  0.52650346269419201  0.54261485200075421  0.55766095613080746  0.57212841218359267
  0.58462352863835232  0.59348420476801300  0.60261052926192993  0.61198431281433541
  0.62127652919927867  0.62982336480067103  0.63846070914232578  0.64713748193734999
  0.65577051760802951  0.66427432522229091  0.67268082342870072  0.68038082211942708
  0.68919570544066699  0.69930966862080579  0.71100786328998156  0.72260546258409175
  0.73380292728946228  0.74432467580363093  0.75530595325020189  0.76638194066281484
  0.77786020229246555  0.78941209619873676  0.80066730170003086  0.81167059011540632
  0.82299953055984054  0.83510566590229640  0.84632799054530661  0.85875517728029360
  0.87270269295895819  0.88679804800742756  0.90003926003411960  0.91209757808783398
  0.92341381281033585  0.93461212687412276  0.94536074906709588  0.95471104682463148
  0.96513717333402305  0.97614506187483019  0.98704465263443175  1.00000000000000000
 -0.00345410388892001  0.01155941867055866  0.02586398767662647  0.03904210247651251
  0.05246892488516458  0.06551631359629169  0.07792200930352225  0.08943512085673817
  0.09985940997314338  0.10911359311075197  0.11789798046365979  0.12684460647292423
  0.13550748044570890  0.14385015804327464  0.15261876610919606  0.16194638982103338
  0.17205183142677652  0.18446252097753302  0.19548398705806089  0.20612518392035664
  0.21729966656881569  0.22857529766978404  0.23672566905448569  0.24381410948292800
  0.25012727002563384  0.25619206840246450  0.26284945417018246  0.27127327489302910
  0.27911621957341304  0.28649570065894431  0.29434913943380636  0.30404169765799888
  0.31313981520074796  0.32259605569960415  0.33270816677415138  0.34223298289705734
  0.35125236747348798  0.36178418236564647  0.37303536804057763  0.38252054357343201
  0.38982538699205588  0.39770394779977308  0.40654400284190201  0.41643647937807521
  0.42608874797000401  0.43552937647364587  0.44857302945825328  0.46222046380655013
  0.47447506567046438  0.48540016922158363  0.49592070236420643  0.50660211179805581
  0.51762889348288699  0.52922646625993974  0.54083961216578780  0.55252633127025941
  0.56414367245422925  0.57533187735158720  0.58710211514868560  0.59961824653049489
  0.61265398816941086  0.62662726434677174  0.63980499501629162  0.64989110266425543
  0.65838556434263484  0.66721333822571238  0.67524630163718580  0.68258078058385541
  0.68991016511083614  0.69753453388912179  0.70506325891928456  0.71283098651135812
  0.72186999306965194  0.73094391602360553  0.73953987132864019  0.75018021725528927
  0.76303726841386521  0.77647720089248073  0.78960675786861378  0.80238377618517231
  0.81435920237161041  0.82524574498490044  0.83588103831495997  0.84706817432557047
  0.85768941364082507  0.86791272713134815  0.87957300889652135  0.89331247592710428
  0.90827607510775699  0.92389316012699119  0.93901506545432201  0.95104455797423648
  0.96381764391112157  0.97570610999840768  0.98802176131199138  1.00000000000000000
 -0.00377770608939878  0.01143407669797680  0.02542941203426160  0.04014014749946457
  0.05543651669495835  0.06927598142700224  0.08159823059176670  0.09400018251595639
  0.10683284675266265  0.11456795452616626  0.12265593078949277  0.13098591420446201
  0.14013208586244288  0.14948058555634369  0.15741879136625908  0.16533632401100404
  0.17557323710153494  0.18819463811884282  0.19993925177205657  0.21042427552966086
  0.22058790025755901  0.23201863896963859  0.24501955848297460  0.25812762483858187
  0.27019009417816575  0.28222925332534160  0.29416029672160354  0.30563470328034031
  0.31681230843143776  0.32808690017655018  0.34016205783154008  0.35243633457608392
  0.36338536435120611  0.37380645736145396  0.38430661993668197  0.39452268286700509
  0.40439695239895712  0.41475149974241399  0.42729478729871917  0.44261363454436786
  0.45511013541110334  0.46376556630564358  0.47155813688302611  0.47958317191722855
  0.48793850927616267  0.49700542884393717  0.50500275998826438  0.51190172848142013
  0.51923363199849937  0.52807190141412408  0.53694453748581461  0.54445693136158602
  0.55130445731074385  0.55809421031199513  0.56635743056057009  0.57557423612720182
  0.58459139992084208  0.59354574233410384  0.60399413051025030  0.61723371885330758
  0.63206982159692149  0.64545519070918989  0.65718171877662923  0.66747981058156092
  0.67731151699470893  0.68731255460161034  0.69751530320784960  0.70706467369184633
  0.71678090321400645  0.72685599163585246  0.73626523268608268  0.74624996206971805
  0.75620337618180444  0.76558956493299934  0.77816038782583774  0.79092386315703700
  0.80349289610431140  0.81653591803930947  0.83046882980466219  0.84577842248892177
  0.85943899457315176  0.87104136173766078  0.88196908295373744  0.89269421750725697
  0.90326532151168981  0.91382282451214503  0.92368174675900327  0.93268884104878824
  0.94133976077870285  0.94943968157242520  0.95806999758254341  0.96651070624767577
  0.97429501109338512  0.98238044841028915  0.99055049562099196  1.00000000000000000
 -0.00134827677406938  0.00312923691860477  0.00822044252189024  0.01363526835431476
  0.01876008989585051  0.02304623169307557  0.02714167091565016  0.03167730107994152
  0.03657026068612285  0.04171233200763500  0.04698111560882522  0.05208935344979874
  0.05706204629875599  0.06171346761182449  0.06640662749513894  0.07124079054394705
  0.07628206966860780  0.08166087464266181  0.08748346694276431  0.09380193606193757
  0.10060452389387141  0.10750505866508100  0.11470916844811259  0.12231935788722408
  0.13028315039552726  0.13842953951462214  0.14655976534339310  0.15480780534384456
  0.16347192513892050  0.17287253145371145  0.18262494670801774  0.19258902712273693
  0.20264530253130758  0.21383071800388115  0.22682013279266977  0.24384383303312757
  0.26022543234422757  0.27643422634118303  0.29488137303675582  0.31581410575043523
  0.34230387037020465  0.37260359042990587  0.41670999011508886  0.51592725455248523
  0.59415212962271291  0.62640018577708845  0.65254733568837031  0.67624047251344699
  0.69974294655573666  0.71689650179616538  0.73117061210868073  0.74616464117974957
  0.75834585528806975  0.76794020569144505  0.77693976141760834  0.78607344687615910
  0.79547145501213912  0.80442450228691287  0.81249760142419125  0.82041650088634988
  0.82817030991909857  0.83749911881030381  0.85012103684127138  0.85857278305423734
  0.86592174028346891  0.87334824680489209  0.88094748371501330  0.88866355568570021
  0.89611892945770255  0.90310611892082260  0.90979715623628066  0.91598205978557201
  0.92126557828458400  0.92570475244089045  0.93028011487243534  0.93475565707371200
  0.93887924634767717  0.94261985718641039  0.94652088332551898  0.95049134312605121
  0.95457275897009808  0.95856457380234650  0.96233594041197279  0.96584814827434640
  0.96905118349238384  0.97190952736021874  0.97444412320719076  0.97709433302705173
  0.97986331219676892  0.98278667253708230  0.98561405938999824  0.98827993610345066
  0.99105486200399395  0.99390487933203897  0.99700810974555232  1.00000000000000000
 -0.00210483250574604  0.00941150871134479  0.02128061401851860  0.03323563014842753
  0.04586027568316595  0.05704792339551965  0.06696560926384607  0.07642192688121972
  0.08614153213501423  0.09532455906359712  0.10595095779133606  0.11770063062322654
  0.12844808732665999  0.13768518247754136  0.14697475828939063  0.15681015543288787
  0.16595504249883886  0.17423507652955086  0.18204511287577871  0.19190849468275203
  0.20315645864014317  0.21387804970796070  0.22390084111139891  0.23469667914446662
  0.24565413034084765  0.25478384238014479  0.26307205491483848  0.27151456255840434
  0.28068847601548574  0.28978638263950512  0.29886177337145164  0.30699892114791605
  0.31689250700636912  0.32885372892788473  0.34025837725341601  0.34956697676159476
  0.35886087779566345  0.36769060056164748  0.37643453108699115  0.38507402647732764
  0.39376283997145889  0.40327561528197320  0.41418823531417409  0.42768326282017394
  0.44042188055226400  0.45099321574473794  0.46134442998120190  0.47098546065934227
  0.47986475752367269  0.48818010781097815  0.49653367422184203  0.50523999658333163
  0.51405262364693027  0.52423800434939416  0.53668312070523105  0.54752830344942027
  0.55650479049528101  0.56511966714361261  0.57309401732333443  0.58180121483128400
  0.59143928407628221  0.60113744223704368  0.61257491401494690  0.62501168846316268
  0.63814315030655233  0.65216971682617075  0.66605886002262504  0.67943955524411603
  0.69248003392719260  0.70554404439520335  0.71958132252981521  0.73573822939556011
  0.75348393825364290  0.77106712186056170  0.78703572426842738  0.80078868695770289
  0.81377004024257671  0.82793602618281359  0.84275447880700671  0.85753401643292171
  0.87135516703855875  0.88419295099533068  0.89596703892795893  0.90588224973074083
  0.91558676820319795  0.92483865995475312  0.93363570462892764  0.94120300279807290
  0.94804261834296644  0.95509805324079089  0.96281441836936732  0.97085340227373429
  0.97823234216784249  0.98519744407252952  0.99262522972929035  1.00000000000000000
 -0.01196266077747068  0.10724668125409939  0.17474051647718689  0.19499883432453480
  0.20524367325633536  0.21354679795970510  0.22048776560702577  0.22650053951000640
  0.23164677970572212  0.23603704985780399  0.23997097139888909  0.24378545271690882
  0.24750337371834744  0.25129135500605160  0.25500500013582278  0.25864324102023550
  0.26230063013929850  0.26581134322840638  0.26936623280262456  0.27295011331570318
  0.27656525409313293  0.28006177865643628  0.28338324876017784  0.28669258773166817
  0.29011238911772352  0.29385749067696293  0.29798081798670367  0.30215086686033232
  0.30632605421894593  0.31035416363377277  0.31419907445979167  0.31793829113916422
  0.32168651292059525  0.32557593796844525  0.32965200839192244  0.33351036948702928
  0.33715520416316663  0.34083897011695041  0.34453273846833415  0.34847966842573980
  0.35256953925278928  0.35642946591893360  0.36001537884679102  0.36339928005496541
  0.36664398269265963  0.36969641898853500  0.37265241119587145  0.37589062116663580
  0.37910499013964116  0.38241182241557004  0.38568177106964968  0.38902259889090229
  0.39248297068169985  0.39593969740490531  0.39947904666338135  0.40310500867663096
  0.40705937943418030  0.41124778421708696  0.41535919229116908  0.41960308020403148
  0.42393312801709204  0.42865573061652323  0.43344442473148609  0.43808245738683266
  0.44280378497935174  0.44742326613250982  0.45212734826150047  0.45655822984240485
  0.46114778067206846  0.46612500416791103  0.47121155174912865  0.47713314949216612
  0.48511397512814924  0.49510593860016661  0.50635226396510569  0.51656834925539230
  0.52613377670440020  0.53519906209653445  0.54386421880634073  0.55252167518656925
  0.56095758663979711  0.56865063354178458  0.57641372705178173  0.58446808999237310
  0.59448933307625540  0.60565663967711592  0.61960857152028159  0.63387601315692244
  0.64813679267948432  0.66345411904580032  0.68067109088208988  0.70050571164529374
  0.72358467481634325  0.75448916138400313  0.82151635401486167  1.00000000000000000
 -0.02121960373590580  0.13610165142201250  0.18839680299827130  0.21606912820672114
  0.23576951557203518  0.25320564129509282  0.26901283467714415  0.28379271480461943
  0.29662466034414231  0.30750550949123512  0.31731978985415510  0.32591802655910718
  0.33380987587043576  0.34097793670538362  0.34812123134037820  0.35522298391387075
  0.36134607853767897  0.36666555303570159  0.37205262105388620  0.37714252808677584
  0.38256475027836168  0.38785358278612225  0.39311755000353032  0.39815871707770245
  0.40305979170696576  0.40797505877018381  0.41298483813761977  0.41850385433710163
  0.42380023617237439  0.42884732244049417  0.43355102103727056  0.43825203603870755
  0.44320778189483817  0.44808586941942385  0.45309143517685513  0.45804029451968936
  0.46247865850201469  0.46689081355725232  0.47135319289374894  0.47564196661784353
  0.47977841271483485  0.48400769151421563  0.48848008810191068  0.49299609217485207
  0.49716038505213012  0.50124034282999064  0.50508561978905664  0.50896500370385500
  0.51301343485349016  0.51745144767807660  0.52204458987791125  0.52664524183684513
  0.53123311951403185  0.53582750180414018  0.54017014742015734  0.54378124984977716
  0.54712576920460210  0.55067126954249113  0.55468937579748034  0.55877470250341765
  0.56277097817564126  0.56685527854689577  0.57108722797110201  0.57531391567231871
  0.57937866243600078  0.58352329202954567  0.58797931674932702  0.59249644336565954
  0.59686744001619274  0.60129299925649715  0.60638100948376605  0.61206423801938681
  0.61835191405716283  0.62462869053671166  0.62949756272551594  0.63457338878526659
  0.63991151705515226  0.64537609931585171  0.65133669242539360  0.65806015146685048
  0.66427712013370777  0.67058675502317677  0.67657654745087581  0.68284884656239120
  0.69015992938694226  0.69996753454001670  0.71122804649468041  0.72291348110869991
  0.73497207419048671  0.74808787245135089  0.76354297781986580  0.78166837041051140
  0.80334425948561039  0.82925994366111255  0.87126078722120170  1.00000000000000000
   1.7988669570613324E-008  -1.0000000000000000     
 F F F F F F F F F F F F F F F F F F F F F F F F F F F F F F F F F F F F F F F F F F F F F F F F F F F F F F F F F F F F F F F F F F F F F F F F F F F F F F F F F F F F F F F F F F F F F F F F F F F F F F F F F F F F F F F F F F F F F F F F F F F F F F F F
  <DiscreteSampler_grid>
  grouped_processes
  1 # 1 for a reference and 2 for a running grid.
  10 # Attribute 'min_bin_probing_points' of the grid.
  1 # Attribute 'grid_mode' of the grid. 1=='default',2=='initialization'
  0.0000000000000000 # Attribute 'small_contrib_threshold' of the grid.
  0.5000000000000000 # Attribute 'damping_power' of the grid.
 # binID   n_entries weight   weight_sqr   abs_weight
    13   10   4.513381535612270E+000   4.189313813440954E+001   4.513381535612270E+000
  </DiscreteSampler_grid>
