  0.00330672099521494  0.01965619137174364  0.03481940841402173  0.04748497283330883
  0.05869402236741263  0.06979897714901577  0.08051120999939856  0.09078507722702385
  0.10063023343982982  0.11051050388597063  0.12046222000367909  0.13062266629644331
  0.14089438088514766  0.15109171717784967  0.16125976747503973  0.17141264217410049
  0.18158371202827261  0.19188345674854257  0.20210980425588684  0.21231382020869591
  0.22244132400710462  0.23268716253841248  0.24313914409483486  0.25363491297836321
  0.26412279240061831  0.27465182242741898  0.28525304780504818  0.29583434166563871
  0.30632178328216358  0.31674761203907192  0.32705818648434448  0.33723497054284635
  0.34728847559979675  0.35727460318324750  0.36700884028953784  0.37651400576926614
  0.38587241962463203  0.39550511116904974  0.40547631442730647  0.41550129733755348
  0.42534806015432236  0.43504331825262360  0.44494602485120027  0.45506101917194192
  0.46518148473288740  0.47528943645551297  0.48549351031656390  0.49591338518110339
  0.50660520428400280  0.51762847696206515  0.52881641952562353  0.53983875538304471
  0.55054351003862134  0.56107310711725444  0.57149308536247712  0.58177554881323723
  0.59178279708913595  0.60150562070882729  0.61145946643245119  0.62172296157867823
  0.63210718224900075  0.64249708761864366  0.65272853149022392  0.66277633926232404
  0.67262421696461427  0.68216910008227494  0.69160217928963641  0.70069283619272571
  0.70986372683811272  0.71923626029828025  0.72872934689262903  0.73851030993142985
  0.74861518621267520  0.75912347498877375  0.76997061077664464  0.78104712503337381
  0.79200933003286489  0.80252430502083050  0.81285788287763427  0.82316826136876764
  0.83336283422488378  0.84332328968692205  0.85352134112772771  0.86414998907326668
  0.87470743047811672  0.88498444975826696  0.89536484976939901  0.90597618330926888
  0.91654713135685950  0.92697262440009931  0.93774769902858202  0.94907442652129825
  0.96082908603476347  0.97294293978516133  0.98596874479044960  1.00000000000000000
  0.00000116596904504  0.00000573110583569  0.00001262899513013  0.00002115720078377
  0.00003203230441628  0.00004522055794524  0.00006051188645254  0.00007689765651677
  0.00009538493749556  0.00011529927420122  0.00013593205422725  0.00015709643379885
  0.00017960821975836  0.00020350651796100  0.00022945468912877  0.00025638076682569
  0.00028454958784986  0.00031423831885111  0.00034533932195097  0.00037839559001794
  0.00041226430918809  0.00044778636239044  0.00048342989179646  0.00052080656501130
  0.00055821468104382  0.00060005639279270  0.00064192703792711  0.00068649051366240
  0.00073108423140446  0.00077630966457420  0.00082344910305580  0.00087217615729970
  0.00092175090374503  0.00097563040350432  0.00102942204062778  0.00108670875705416
  0.00114890522937044  0.00121199485176148  0.00127896539773369  0.00134952085363299
  0.00142188889727050  0.00149674060287379  0.00157648520270541  0.00166125835849516
  0.00174747822794853  0.00183924201855754  0.00193389055076069  0.00203108485103313
  0.00212997626654462  0.00224029998562045  0.00235044246464697  0.00246630861058813
  0.00258981592389492  0.00271938843340477  0.00285647371005569  0.00300856786407242
  0.00317234505358683  0.00333759543517324  0.00351259290495812  0.00370425422393859
  0.00390174874790608  0.00411112025416524  0.00433001311492454  0.00456393571143122
  0.00480590114636157  0.00507460254618348  0.00536944289078230  0.00567771905226113
  0.00601719795658831  0.00636996347124883  0.00673822731126277  0.00713718431357133
  0.00756316758655086  0.00800871914624337  0.00851466907408465  0.00903155915746574
  0.00960507216130722  0.01023805073337926  0.01089285989745404  0.01165320052589036
  0.01249811593096162  0.01342468399182021  0.01445749700561062  0.01562689478336330
  0.01698162872180387  0.01843220027042535  0.02022017216977993  0.02234658213311400
  0.02479299034268728  0.02769387489184970  0.03136779630049775  0.03623325935438493
  0.04364715045495087  0.05899461826888545  0.63275590096306444  1.00000000000000000
 -0.00212826083198911  0.00876978189240958  0.01847414686153514  0.02893160021868051
  0.03947384541936635  0.05020523938528452  0.06059564574074709  0.07086272909555909
  0.08094479686808183  0.09128680586254304  0.10170993270103984  0.11139701626836791
  0.12123401028259445  0.13097137800265993  0.14075576183872415  0.15047765662122881
  0.16067305800799658  0.17075824990949345  0.18069859466620522  0.19036130679816352
  0.20019077652542561  0.21019409123225224  0.22009673577167793  0.22990469538355510
  0.23987929938075028  0.25021902936264956  0.26084533469337784  0.27150349239151256
  0.28201661504333497  0.29258241242017063  0.30315650824552876  0.31386250222588108
  0.32451185807797084  0.33503662831561676  0.34542364003774606  0.35591995617746858
  0.36670118167268206  0.37734541588652115  0.38785499330494522  0.39818926354547585
  0.40862882159401853  0.41924393352575151  0.42999608923933552  0.44094519385871450
  0.45189531766457969  0.46290817093858638  0.47389311416660823  0.48512220717092530
  0.49630748465526292  0.50721778714596011  0.51779543013735596  0.52847389930353383
  0.53912640979562210  0.54984146856860361  0.56046708997489258  0.57106949787628425
  0.58160235008733951  0.59204510009157874  0.60221744017176604  0.61193295709601514
  0.62142573272138901  0.63139266783484127  0.64180209193879756  0.65267430803439175
  0.66319635204730953  0.67389884657914023  0.68452880086393775  0.69560386033737398
  0.70665585573527989  0.71804273063652513  0.72948381633018322  0.74096395292991035
  0.75200094691014141  0.76290025848836229  0.77383316331854257  0.78540759076907263
  0.79675182308283277  0.80805924075191871  0.81837615716988921  0.82830783080978354
  0.83849452702888483  0.84884560849464352  0.85958944493398581  0.87026755222251440
  0.88126627029731541  0.89269740398200959  0.90315027002409298  0.91345944733140871
  0.92380775998031295  0.93415233160055700  0.94458341812175994  0.95494273958642795
  0.96581271557706061  0.97702891381371515  0.98852652669844043  1.00000000000000000
 -0.00269274089915665  0.00967693244677248  0.02034783509765284  0.03093935984428203
  0.04150059417688171  0.05179385041967288  0.06221433807919361  0.07280068394270678
  0.08321975949794873  0.09368749399780030  0.10415078533119455  0.11439420729023562
  0.12453781344032222  0.13454974386061594  0.14480204754014694  0.15499595302328473
  0.16521668664322822  0.17615489714119284  0.18724510302506489  0.19862281890061356
  0.20976886238470333  0.22101602904362777  0.23200307702188622  0.24268919156279298
  0.25318926441114747  0.26375105915944019  0.27409137702990172  0.28440130854026646
  0.29493761462102203  0.30586252781584472  0.31644703359596177  0.32670708612437188
  0.33701094164330136  0.34738374774315894  0.35745766035133564  0.36774942905132979
  0.37836785616677648  0.38939299784469972  0.39969225043926465  0.40980972879107508
  0.42031614626829206  0.43091765375444413  0.44139655827729307  0.45208357800915305
  0.46302492032298553  0.47458227439885975  0.48562764333555669  0.49683067871582121
  0.50733964961905109  0.51800440926951263  0.52837700632728657  0.53872719272097458
  0.54878850027600490  0.55914806755742208  0.56921658901932393  0.57956369959345111
  0.58990981458774261  0.60039612483152283  0.61065778775760038  0.62087673966209300
  0.63124486589331152  0.64177400987869626  0.65232253651621053  0.66276817848190439
  0.67351025540093623  0.68469274680354797  0.69626278322144242  0.70755115931228063
  0.71817534770848479  0.72870268459193976  0.73906419731952655  0.74955941936693382
  0.75989435779477643  0.77024899812393177  0.78066091666949600  0.79080635455735493
  0.80094948016784617  0.81088427842379540  0.82086839863876693  0.83070163059239188
  0.84078036061774686  0.85087668521723669  0.86142539899076742  0.87229522340343013
  0.88323990968617305  0.89408062803051980  0.90468644270520604  0.91563602010911649
  0.92631523272117966  0.93695992639144265  0.94756877916989135  0.95810723981337131
  0.96834712321631755  0.97861100310312898  0.98917433383646403  1.00000000000000000
 -0.00215730591569029  0.00830294662527453  0.01758602743862045  0.02736031024470608
  0.03751427822434998  0.04761282915031175  0.05767234192624230  0.06761055986735438
  0.07764800025637320  0.08773390971479181  0.09801214516071839  0.10845619990824938
  0.11886989011239681  0.12941799585861602  0.14012173301999675  0.15070598070867561
  0.16145748963266898  0.17212380024007590  0.18239886636452965  0.19209903533066122
  0.20134306263179946  0.21077408117684204  0.22073513423845503  0.23108502786744073
  0.24185019522532147  0.25233104142990920  0.26279477172698379  0.27342250967351456
  0.28449026483798856  0.29590334423339376  0.30673070677622288  0.31758937322459629
  0.32823168762222532  0.33882517945692259  0.34953922982157892  0.36022695179723713
  0.37112633516792398  0.38220127133843407  0.39357156343059718  0.40519228081531089
  0.41639193366269311  0.42761447844898387  0.43881874797624648  0.44927025648457569
  0.46013083867184806  0.47055311147260542  0.48154866947281538  0.49176757560302292
  0.50125907449541629  0.51109071315626742  0.52113731706005650  0.53173871220943458
  0.54208159818637192  0.55238739517062385  0.56282477652185003  0.57333746875740044
  0.58357173262537154  0.59415190466688628  0.60470003755177582  0.61563033906302811
  0.62634160792778437  0.63677366111316669  0.64755305137218677  0.65818126756288298
  0.66897189355727127  0.67929892700746342  0.68973787395816077  0.69984883970121714
  0.70968533775238929  0.71941286115659020  0.72934923277218389  0.73950244973072909
  0.74985197369100021  0.76054115281355972  0.77136872282778657  0.78264348944338680
  0.79370212535716045  0.80489678333159265  0.81581619787937187  0.82699046964688505
  0.83834403126646995  0.84922066611323210  0.86021101343642747  0.87082559814053928
  0.88194457434183771  0.89248692762874759  0.90357867323728702  0.91498184623531542
  0.92642260119681186  0.93767181150959611  0.94798477081895305  0.95867095615939257
  0.96941894038134180  0.97993072900749212  0.99000897149063338  1.00000000000000000
  0.00852257099330927  0.18566595467273586  0.28182555419126742  0.35213865170310438
  0.40599011946924485  0.44738305144530133  0.47655555486330847  0.49589624885305916
  0.51069688835260907  0.52504963022522810  0.53848984087165974  0.54943850151908469
  0.55896316041814798  0.56766808204901464  0.57561605124058601  0.58335234420118676
  0.58961215475923590  0.59570107607711287  0.60149368343237897  0.60694395099163734
  0.61213588871951485  0.61726465285265719  0.62230937112697604  0.62719742035780535
  0.63201937589534862  0.63673027832923934  0.64129649456086602  0.64570521497586264
  0.64995070286899603  0.65409458559660361  0.65826237636547846  0.66241012212852834
  0.66653148614578772  0.67060577713336822  0.67458313064649045  0.67854382772816080
  0.68250230109148768  0.68639068460943242  0.69015035364340072  0.69381214905554989
  0.69742193065657043  0.70098890830952143  0.70453401062872256  0.70804935188330298
  0.71156304055236053  0.71508707315510645  0.71862653906129015  0.72218506930770376
  0.72575578793905660  0.72932091962967416  0.73289833065426968  0.73647401080456132
  0.74005971039232021  0.74357400172433596  0.74706249276642023  0.75055132671811586
  0.75403202044092466  0.75753947664282828  0.76109137892639245  0.76463505285374389
  0.76818421221318722  0.77173555571269103  0.77531790147119606  0.77892144276722541
  0.78254822938584057  0.78624185528655466  0.78999287202486013  0.79382771365362592
  0.79757821544993945  0.80132910800683410  0.80512796512589513  0.80898274968604611
  0.81301591300756937  0.81738915585930105  0.82180290749393392  0.82631256148301513
  0.83083417082418909  0.83529186134800459  0.83969893693809072  0.84415846946455886
  0.84870271148485044  0.85334141708908751  0.85819030495796955  0.86328312206317215
  0.86850136621810448  0.87405152640168327  0.87999926595722910  0.88620774528214563
  0.89269810990756471  0.89988361454090804  0.90799068283802309  0.91699918120586010
  0.92778036090797045  0.94092272666442889  0.95999985376640506  1.00000000000000000
 -0.02061665230871357  0.12909244903247280  0.16458500805841578  0.18647328683826825
  0.20332643509368767  0.21611976258892271  0.22745769555615078  0.23745666476460775
  0.24691098656397059  0.25584135148654696  0.26409986258298512  0.27192549675506239
  0.27942661711883404  0.28682979004193232  0.29397673915663741  0.30081907216233683
  0.30746187161843097  0.31395262045121802  0.32021244646837177  0.32632241672749412
  0.33236234277994742  0.33825965705815425  0.34400032611947912  0.34958073948707163
  0.35506973059699737  0.36047886447459770  0.36583890237030375  0.37115080656401117
  0.37634640946609721  0.38152815902666815  0.38672606515543478  0.39193968676298052
  0.39700728460040297  0.40202175288651298  0.40706891387796174  0.41199674957019017
  0.41713235282541783  0.42227886453551727  0.42757517794612820  0.43279403330656935
  0.43797942489076191  0.44312929226201608  0.44824526445763685  0.45334895943630676
  0.45845456948036861  0.46358493756840813  0.46869937209090262  0.47372768463949805
  0.47868269635174071  0.48371258285422286  0.48887869326997402  0.49407883321920426
  0.49937090254969219  0.50478500026120821  0.51026578497128017  0.51571757397465801
  0.52112676914019729  0.52656962273496943  0.53195889017068065  0.53743846697907161
  0.54282684427585848  0.54813924270529824  0.55342309962097791  0.55876432975344292
  0.56418365118624969  0.56967207298976530  0.57526994533633635  0.58100676050382671
  0.58690516734648801  0.59296070180248261  0.59911893573974395  0.60516992426072058
  0.61155900095751592  0.61805942686245208  0.62468678575315217  0.63139318460011618
  0.63822004280116806  0.64524310835539123  0.65250123463707710  0.66003093237179100
  0.66759772317701582  0.67529281889697801  0.68336502116639730  0.69176238849513183
  0.70067864046764561  0.70985366127063498  0.71967349327538521  0.73038290471769407
  0.74209925006032529  0.75475977084495105  0.76893321670030867  0.78485190667864302
  0.80386306651873696  0.82764631776282782  0.86873254933836908  1.00000000000000000
   1.6787790243076794E-008  -1.0000000000000000     
 F F F F F F F F F F F F F F F F F F F F F F F F F F F F F F F F F F F F F F F F F F F F F F F F F F F F F F F F F F F F F F F F
  <DiscreteSampler_grid>
  grouped_processes
  1 # 1 for a reference and 2 for a running grid.
  10 # Attribute 'min_bin_probing_points' of the grid.
  1 # Attribute 'grid_mode' of the grid. 1=='default',2=='initialization'
  0.0000000000000000 # Attribute 'small_contrib_threshold' of the grid.
  0.5000000000000000 # Attribute 'damping_power' of the grid.
 # binID   n_entries weight   weight_sqr   abs_weight
    10   10   1.127822745674235E+004   2.857582491679865E+008   1.127822745674235E+004
    11   10   1.127822745674234E+004   2.857582491679866E+008   1.127822745674234E+004
  </DiscreteSampler_grid>
