 -0.00464482453204827  0.01453042628418481  0.03018593752996780  0.04333001525239714
  0.05532618100099830  0.06681732511061854  0.07823857873766651  0.08918190886772406
  0.09865407705836216  0.10919642793422618  0.12107427107272867  0.13135173019576718
  0.14168822810795970  0.15159918135653236  0.16309900693107068  0.17439260872092652
  0.18534133731836663  0.19691291629493504  0.20929961289200341  0.22249327786479342
  0.23565603436056351  0.24862672545673614  0.25970557543967321  0.26915804800377330
  0.27789477540781193  0.28673963095174421  0.29566669881859026  0.30494516847629699
  0.31453798267099858  0.32448421230216851  0.33585991905227908  0.34734255502066497
  0.35780020697827580  0.36705527995292914  0.37663093385772312  0.38706369981684180
  0.39777985220734480  0.40796238733862916  0.41775860264589548  0.42790736828995318
  0.43850466454385367  0.44948019228534275  0.46071632243050936  0.47271899281523549
  0.48477121832814618  0.49680981008395420  0.50778902237031687  0.51718610453227143
  0.52823231425340067  0.53927539733345664  0.54996551810096539  0.56070029283330081
  0.57060841804885631  0.58005342145610739  0.58953768784707761  0.59829055275544807
  0.60817475669103049  0.61766269350939140  0.62717904215839593  0.63567894742611908
  0.64404331145042115  0.65269815737905756  0.66177166685434352  0.67193793986913553
  0.68244711309350026  0.69287173947449798  0.70431148776560815  0.71667477535741952
  0.72819371713565639  0.73899571519985896  0.74940487465643180  0.75985942658365446
  0.77140185020650043  0.78417194983007243  0.79679654615763218  0.80884583733567450
  0.81821356926399891  0.82675827130829027  0.83601083434463364  0.84642676366436242
  0.85699863383501640  0.86618190409065265  0.87459720916491102  0.88377659251899476
  0.89341885517926789  0.90358984552927690  0.91380258473123299  0.92415626578490428
  0.93441636106409365  0.94432860797635243  0.95385394899742648  0.96302836262861546
  0.97165352042881548  0.98098040457192226  0.99066075467998482  1.00000000000000000
 -0.00000050326353151  0.00006678136710867  0.00016357489184469  0.00027713256689434
  0.00040100621636905  0.00052423079385215  0.00064213850602631  0.00076026557113479
  0.00087848625310390  0.00100079954209602  0.00112121596300784  0.00123789192035538
  0.00135802754510631  0.00147774664647406  0.00159795007517634  0.00172040015635850
  0.00185785752092409  0.00201007600803076  0.00216356837571479  0.00230720948967451
  0.00244686467566335  0.00258324009913150  0.00273618352579189  0.00289041415579242
  0.00306695428338885  0.00324026497878646  0.00340765548330691  0.00356903875383105
  0.00373599236890212  0.00392136668088080  0.00411438179063520  0.00430032493717924
  0.00447380762605486  0.00463446436950915  0.00479771176507518  0.00497653777176415
  0.00516219408533029  0.00534897721054964  0.00552737711421804  0.00571090524519474
  0.00589894638251042  0.00612702715949433  0.00634738604368184  0.00657776495515686
  0.00679253181764121  0.00704312828639915  0.00728867129423191  0.00755232226298664
  0.00782234097584548  0.00810163007073955  0.00841697631278050  0.00875799024094387
  0.00914690952962791  0.00957778371878494  0.00999091937132983  0.01039248583304352
  0.01076597027843455  0.01113537751656972  0.01145323218387274  0.01177404502076514
  0.01209551347845631  0.01247218546290829  0.01284951117679477  0.01324060673752490
  0.01369049190487092  0.01416270089895105  0.01464315894233066  0.01513610283420065
  0.01568688372962743  0.01619644750416139  0.01670058427245565  0.01721992356855067
  0.01775197472148501  0.01842329048412870  0.01931773793633965  0.02028446799443953
  0.02125336520155509  0.02245573771065003  0.02373657915553989  0.02510708426649709
  0.02660783048731972  0.02824113674784678  0.02996585597477205  0.03150307744173025
  0.03359426448519257  0.03615996402396821  0.03884790255035249  0.04264886133467489
  0.04698399109324277  0.05192749055871126  0.05853991480692326  0.06560864573356769
  0.07334433341528522  0.09162845193883161  0.41168857100646133  1.00000000000000000
 -0.00001398574623953  0.00037699655005101  0.00073247288611374  0.00105343826216265
  0.00134974381471155  0.00163388738296307  0.00192515873483261  0.00219466652667271
  0.00244588936247937  0.00269204074356459  0.00292526475756369  0.00315913799440154
  0.00339987943791329  0.00364772751103695  0.00388896143206428  0.00413591701100020
  0.00438897532136483  0.00465686902882995  0.00492971902316242  0.00519242435043166
  0.00543408023714734  0.00567192758313928  0.00590743855645505  0.00614089354266474
  0.00637699496199613  0.00663041708034305  0.00690652216464481  0.00717412221536282
  0.00744319760164187  0.00771968081130226  0.00803099552567456  0.00836722406644246
  0.00870483499991129  0.00905283651614841  0.00942024366550655  0.00978495313562026
  0.01014238951126746  0.01045662533337101  0.01078807079396388  0.01114452306410018
  0.01153360958674572  0.01196853205982592  0.01237282441564059  0.01276334503033124
  0.01316118084048473  0.01359119286953652  0.01403744945083593  0.01450768780786667
  0.01498152172217878  0.01550071501064438  0.01603500852162599  0.01658780499304769
  0.01718502136938095  0.01778928594892499  0.01836383097032934  0.01895990125598635
  0.01957524847901813  0.02014854811527003  0.02070437775266584  0.02134787627395315
  0.02202478650329920  0.02286686386648139  0.02378537717707629  0.02472945764704626
  0.02571193742385987  0.02693799723343730  0.02818952380454129  0.02948231588893703
  0.03088490577300012  0.03208340196870249  0.03330774090494366  0.03456760163546701
  0.03586852347272280  0.03741038614635628  0.03904151876546093  0.04067552134617335
  0.04223179623055958  0.04346455283349818  0.04471997130029121  0.04595961517442608
  0.04701377037863296  0.04803590071525954  0.04905224587088568  0.05073981272306378
  0.05269646731962940  0.05485135980395913  0.05729076624918891  0.05929896639235445
  0.06124484627347378  0.06362397231976819  0.06611742706086433  0.06884789993626785
  0.07510488376312840  0.08582985092933128  0.31031884449793445  1.00000000000000000
 -0.00469408824169045  0.01915187894430480  0.03532035485599129  0.05034632656236584
  0.06455006892852058  0.07624994297109169  0.08829780589014732  0.10070007383112378
  0.11119286645147998  0.12158094232941676  0.13224743040123235  0.14315029645053221
  0.15320809748521177  0.16192646536127203  0.17159948744572107  0.18280670976183364
  0.19554268328328750  0.20919624519538113  0.22252324235350335  0.23432849555358642
  0.24547495807861547  0.25731963514781547  0.26764062182753234  0.27682304981386591
  0.28589030031142582  0.29517334884393243  0.30423811148611413  0.31291783684036051
  0.32215173791649088  0.33190008766530454  0.34315457316276138  0.35439805460523366
  0.36513178557731701  0.37598591387170088  0.38594299571589596  0.39474397652911636
  0.40303598116780132  0.41136047179068841  0.42043386452361670  0.43008659683480804
  0.43974796334767885  0.44935135640080920  0.45892719533351478  0.46876637341296834
  0.47905777795818344  0.48921555035389863  0.49840278264368376  0.50752768267411030
  0.51678852323695867  0.52642081879249403  0.53650273553672734  0.54657970048671567
  0.55774650961676320  0.56797132780495863  0.57892894878279844  0.59087820112352141
  0.60446262174996235  0.62004368733131665  0.63314887551232502  0.64428350357323727
  0.65541455950702376  0.66685656114427028  0.67736373032316388  0.68603000259163360
  0.69418645449660521  0.70207691483138035  0.71057362534855684  0.72095365060553640
  0.73027276530646634  0.73899866167448203  0.74798128881979065  0.75872385698249289
  0.77043156676169011  0.78165485453688643  0.79188341690405095  0.80091630183352591
  0.80910829859587441  0.81861050125216173  0.82804856856201248  0.83763750343810794
  0.84673657821697790  0.85686430581601125  0.86653140922795546  0.87568506805195989
  0.88429780285864867  0.89332490859512337  0.90383078187143229  0.91527012572369526
  0.92626653291239247  0.93685210592786494  0.94661664494847719  0.95625631122316201
  0.96770784243273644  0.97981146059058799  0.99065642339357418  1.00000000000000000
 -0.00163707680506968  0.00798334237635787  0.01772150329434560  0.02788616182279249
  0.03876319001965566  0.05013506289849119  0.06201655205535231  0.07444077899941964
  0.08635674086607495  0.09785858664578045  0.10914764508935797  0.11996544793753616
  0.12982031347996351  0.13894349169000864  0.14878311381364484  0.15951180811912000
  0.17060655086951915  0.18093855645027837  0.19074948384786672  0.20082492603766577
  0.21172714814431026  0.22215798182455002  0.23323609274048024  0.24706330534832363
  0.26096332349755058  0.27458884248907112  0.28768832599160682  0.29998442734608377
  0.31269837587504457  0.32291704988693259  0.33322441236566352  0.34344033602015850
  0.35309543347151956  0.36150382879886772  0.36929129611367129  0.37870067971240012
  0.38907524434293472  0.39847208801214429  0.40713495341227401  0.41637507299627918
  0.42523186658434109  0.43512662420837289  0.44424640862383513  0.45229521957902746
  0.46058018173423365  0.46937991922307587  0.47815730165433346  0.48884641866088946
  0.50069255265431745  0.51235798650316433  0.52453667301047202  0.53676970497228094
  0.54779690886513110  0.55812641078220104  0.56889256170437785  0.57963374321838113
  0.58997011309018110  0.60050640497966246  0.61327947056152465  0.62795786237578000
  0.64175312355200664  0.65447309111710483  0.66703066875295158  0.67925183684330115
  0.69299165166508336  0.70644163236160806  0.71901473382462788  0.73038013045555228
  0.74107480884468824  0.75279346405029091  0.76503878634857070  0.77627429250430291
  0.78637963760960528  0.79558714431907485  0.80392669462969424  0.81292203233360127
  0.82250739574828202  0.83338846240975406  0.84492387353827336  0.85486478045106296
  0.86466520314672213  0.87399945457822137  0.88277554185638507  0.89047029508084508
  0.89826526124686512  0.90677173536559075  0.91487563594037768  0.92196349595940752
  0.92943217860489413  0.93670466892717197  0.94796620990584468  0.95956455416442232
  0.97083790543693393  0.98102100975773177  0.99024410196178358  1.00000000000000000
 -0.00319132246949081  0.01135180157773024  0.02371437425381605  0.03562540591154718
  0.04664774867832624  0.05757643992892258  0.06943830670998888  0.08187236886686734
  0.09322818690111689  0.10321096419997780  0.11262069801229194  0.12226837061121035
  0.13170767721039497  0.14150745518094501  0.15278478756741057  0.16432061526832967
  0.17646328573066353  0.18881576091938743  0.20098615965363831  0.21305525946589110
  0.22439839466803541  0.23545219770934780  0.24667035395124395  0.25699000001459887
  0.26726600442642118  0.27781008023699894  0.28844095038007805  0.29846399685488945
  0.30834427014695553  0.31808126093830447  0.32834532073739620  0.33880802194625087
  0.35007233713199903  0.36295899565902306  0.37700712592001900  0.38895404254874855
  0.40120425045854702  0.41368701295584465  0.42507040487555420  0.43663194365261609
  0.44731464047276615  0.45737310118410940  0.46717535153701994  0.47616221636880746
  0.48449053320220875  0.49329723677834886  0.50198843405039340  0.51282312694716459
  0.52356072186472180  0.53461030137814547  0.54591772719075493  0.55569019326077729
  0.56589815998476067  0.57485503804128368  0.58462756937459737  0.59425045962159739
  0.60436651650859996  0.61372068917212652  0.62317119238973795  0.63283327548986668
  0.64320249686079223  0.65373735429949709  0.66367319877773168  0.67378129009637122
  0.68406209323348599  0.69502923266536532  0.70657360472580233  0.71732954859373799
  0.72790438170466720  0.73828026998723750  0.74811800597719391  0.75746036987025533
  0.76578688108241200  0.77390817371402154  0.78186162838097450  0.79027920295912535
  0.80025410001221220  0.81144298006345972  0.82312153193511151  0.83522702047036101
  0.84623650018513996  0.85667778931089811  0.86702413566709502  0.87673347177513083
  0.88542636945167097  0.89285857100389499  0.90092518133695743  0.90958462259703077
  0.91817307199592202  0.92913062721413564  0.93891170581230676  0.94967241971876737
  0.96094955852495201  0.97257504405694573  0.98601124458074607  1.00000000000000000
 -0.00093829115146681  0.00626928571876564  0.00920341793131216  0.01137663469883735
  0.01316770388503372  0.01487678198755910  0.01640097775004242  0.01792355261951347
  0.01936672010570522  0.02081114903088627  0.02215016265551974  0.02348794662316937
  0.02484419175740738  0.02615370538168322  0.02741070187204989  0.02872971313242255
  0.03007476474868003  0.03136191010755945  0.03244624044852774  0.03348432172626133
  0.03449280901073885  0.03550159029365509  0.03647596577639509  0.03743351059532177
  0.03842713528888890  0.03948952596702067  0.04061363345035923  0.04167823985104329
  0.04264985057493979  0.04360414995552706  0.04460948809409947  0.04566948499496461
  0.04673370030461809  0.04779442754886479  0.04879786877108503  0.04974126986634660
  0.05073154488318111  0.05180372234353962  0.05298398310132246  0.05404379461765334
  0.05524977302151383  0.05649686462505210  0.05781887628478508  0.05917990036465123
  0.06065428885291677  0.06225526579025756  0.06407280452300301  0.06573500071552935
  0.06700510817485786  0.06799385448500808  0.06894937390547520  0.06990125390100169
  0.07107853726990221  0.07276951760030170  0.07470154439949744  0.07698380824779652
  0.07903390527179686  0.08111515939485855  0.08255948422882978  0.08388552823901488
  0.08479751435699223  0.08565399647938794  0.08640162714698361  0.08713269379554839
  0.08783732214878444  0.08861031222982110  0.08938949950303041  0.09014743578221697
  0.09080315078889482  0.09158435835640262  0.09262787401906504  0.09395529739395886
  0.09555703495297042  0.09707725863445561  0.09870753104098721  0.10075635785358295
  0.10325846916215206  0.10625783526210050  0.10961571566897674  0.11273896241947531
  0.11605316884445691  0.12090571166058095  0.12909558590138281  0.13603730025237462
  0.14241766584472726  0.15124537713848168  0.16022159670467245  0.16835214868544651
  0.17519987770431944  0.18249086554014685  0.19045878038233879  0.19928910112974255
  0.22744038743947520  0.25397818235065622  0.61475011426254011  1.00000000000000000
 -0.00082794339248915  0.00354765606911476  0.00775225068697154  0.01183783240902175
  0.01590363298835717  0.02020467571858925  0.02473981836181820  0.02935368902935679
  0.03408947971079361  0.03914748940568433  0.04475890928038833  0.05064269541918631
  0.05646219244336362  0.06226422378477616  0.06759369997066812  0.07316198692541245
  0.07897920672484252  0.08497538278414947  0.09093155218509646  0.09690675338060242
  0.10308063033260842  0.11008252982250449  0.11684535400927246  0.12338900143191930
  0.13006313636123074  0.13650063387604447  0.14308144839284287  0.15083406931941951
  0.15953601759520988  0.16766244033145133  0.17503975651274023  0.18282541645327055
  0.19209700868727281  0.20221652043103056  0.21270115520366073  0.22256022738980988
  0.23413390518898375  0.24640855309130158  0.25985665168174710  0.27316594780412329
  0.28631069248648922  0.30093639784298049  0.31624888568311715  0.33308702238389937
  0.35361123372006065  0.37767283214187342  0.40330385629690396  0.43183692263147999
  0.46584031989846153  0.50281979479520278  0.53130661574999083  0.55628122408034342
  0.58422884593633739  0.61159180385433676  0.63298484548088296  0.65152210669058885
  0.66949895323349495  0.68678146200102541  0.70333942203617539  0.71949614886407931
  0.73397907085619984  0.74666829271025492  0.75766034892393885  0.76823009578524792
  0.77930641095655162  0.78884011656756181  0.79860232887410587  0.80721436724260420
  0.81510679699888899  0.82524179220211602  0.83453864181659154  0.84434512731130495
  0.85442837774979241  0.86464859604808642  0.87421264082166128  0.88177803402575028
  0.88970812697088919  0.89665684387124267  0.90243029295612787  0.90772925952231420
  0.91312884641580971  0.91813510316482772  0.92299922887735941  0.92791963011090228
  0.93328265557994650  0.93939233127319277  0.94610202004041410  0.95250238649761831
  0.95814108423201738  0.96361643154302701  0.96949080572928115  0.97533453578477081
  0.98116515147050798  0.98735295004386192  0.99372276720127428  1.00000000000000000
 -0.01759198995485400  0.19600711809198759  0.27285799127725363  0.33252027972657644
  0.40099341448148079  0.44367204602632615  0.48108592991397725  0.50706843026491322
  0.52844874138802611  0.54902353704174534  0.56769767133271021  0.58545268823748087
  0.60177461092001416  0.61830769556187304  0.63417103613375192  0.64818593998122753
  0.65974585531353325  0.67025195446503916  0.68069363934871852  0.69098208227135638
  0.70100675334150031  0.70982607211734372  0.71695689340329749  0.72393018663648723
  0.73078302371670045  0.73727455355459504  0.74416188399223648  0.75077758858494859
  0.75672772320308002  0.76217203001049261  0.76718015382824090  0.77173659277164286
  0.77621592757348623  0.78060836523709187  0.78544157605233555  0.79022654966761696
  0.79529289500967493  0.80039452919680087  0.80547328067698654  0.81031639183857718
  0.81493576938472323  0.81878806994320308  0.82250022425874481  0.82644521077944710
  0.83071658239426360  0.83504889627450962  0.83885237852184724  0.84256662444139419
  0.84640375105325527  0.85042976335525733  0.85442125181988526  0.85792781876030100
  0.86125076569224202  0.86481223321791745  0.86827703387484911  0.87165002768838518
  0.87507550840639936  0.87858126929904867  0.88185884200211284  0.88469002959937504
  0.88734510786867460  0.88995783770742132  0.89259791157584834  0.89523728050670559
  0.89789618745110245  0.90043492784780144  0.90298597055808583  0.90597557827384667
  0.90877600329096153  0.91149417211909689  0.91418720534866549  0.91680193887388084
  0.91948903560086626  0.92223746001929430  0.92499002742301129  0.92767602098234903
  0.93046262206414476  0.93308051245344570  0.93583548300396935  0.93861638911260281
  0.94156908002183592  0.94478248929231545  0.94796104341527720  0.95126839163897847
  0.95435270716598852  0.95714315247998383  0.95963207102322257  0.96194345052636032
  0.96433360084044628  0.96682779704749844  0.96947730326714043  0.97252042627038193
  0.97624217435565164  0.98106404268956393  0.98820720109340598  1.00000000000000000
 -0.01799291515045385  0.09604338772076260  0.13286928871159942  0.15502342513995612
  0.17178459385779651  0.18600940283230605  0.19804829287060999  0.20926930671068839
  0.22231713754333121  0.23459928067391481  0.24651026181589136  0.25792995255498019
  0.26903779411949169  0.27918827614031566  0.28909494383881756  0.29930731143870781
  0.30979829094499639  0.31982196734638724  0.32873760216062697  0.33731562396521048
  0.34591120411047399  0.35414734419183913  0.36238889232517835  0.36967376304584026
  0.37685224731730466  0.38400253022353742  0.39147024068997999  0.39960364236860541
  0.40815742310686570  0.41623896956754747  0.42290847202503151  0.42923904848548727
  0.43529809310048889  0.44102712169713021  0.44753060724586213  0.45441445169089123
  0.46077500319445525  0.46759168480578139  0.47453007435645272  0.47997774896083562
  0.48545509902269879  0.49103850738320809  0.49740417409473864  0.50491314111553831
  0.51178397255660601  0.51813961839465372  0.52503234629827367  0.53224958449334903
  0.54003155410863302  0.54748069298969715  0.55497442432238742  0.56244589716463245
  0.56913839662927546  0.57578437838757357  0.58246424623093118  0.58870233096879032
  0.59492514892403914  0.60152903697745030  0.60780157956392611  0.61395333776390681
  0.61968587710386203  0.62563986070798883  0.63189534645911738  0.63852173544173940
  0.64573712418738949  0.65271174335301585  0.65954212747413810  0.66654341893993552
  0.67077618766016944  0.67607976894007904  0.68134099877937560  0.68651282646008560
  0.69181296442710905  0.69734280849455887  0.70337601771857172  0.70965538956808760
  0.71547782359955969  0.72148548228617682  0.72736030846778832  0.73499245559709547
  0.74289350206394023  0.75093621552258494  0.75870896716793557  0.76642629711720933
  0.77416331177627673  0.78178804841737426  0.78995893506717507  0.79919692404278786
  0.80930809180359720  0.81963646879676788  0.83100737128989777  0.84685385344328745
  0.86560781963455480  0.88723853841315337  0.91872180756085231  1.00000000000000000
   1.0039274956987387E-012  -1.0000000000000000     
 F F F F F F F F F F F F F F F F F F F F F F F F F F F F F F F F F F F F F F F F F F F F F F F F F F F F F F F F F F F F F F F F F F F F F F F F F F F F F F F F F F F F F F F F F F F F F F F F F F F F F F F F F F F F F F F F F F F F F F F F F F F F F F F F
  <DiscreteSampler_grid>
  grouped_processes
  1 # 1 for a reference and 2 for a running grid.
  10 # Attribute 'min_bin_probing_points' of the grid.
  1 # Attribute 'grid_mode' of the grid. 1=='default',2=='initialization'
  0.0000000000000000 # Attribute 'small_contrib_threshold' of the grid.
  0.5000000000000000 # Attribute 'damping_power' of the grid.
 # binID   n_entries weight   weight_sqr   abs_weight
    103   10   5.513402786072889E-004   5.060348179148601E-007   5.513402786072889E-004
  </DiscreteSampler_grid>
