  0.00460245564000565  0.01218902863234944  0.02185341628148332  0.03246360236327896
  0.04245300566477015  0.05194630375820689  0.06163218616607703  0.07183554847030056
  0.08249823693333749  0.09340699918490582  0.10468621415983623  0.11612594357353997
  0.12740228246225002  0.13863176577023437  0.14989585389471355  0.16106176973300573
  0.17190802496586510  0.18241417254360423  0.19241764538512052  0.20208594960267762
  0.21203714001946833  0.22237096194834474  0.23269622248130825  0.24270791815637524
  0.25301315049980849  0.26372351079730322  0.27425457467981218  0.28458843516773863
  0.29503380313878341  0.30603840977777685  0.31757659276027822  0.32911663684013787
  0.34010308893799818  0.35052269530600211  0.36071232437815692  0.37088733112674677
  0.38070457118456841  0.39026843978996895  0.40001976625144325  0.40973737234669227
  0.41955835950682041  0.42927103255163501  0.43894736425395647  0.44862305860821289
  0.45856999189694453  0.46835435633773420  0.47818739877824867  0.48783208114710902
  0.49733395784057960  0.50790535035472206  0.51875665562352780  0.52923365992117932
  0.53974504685648583  0.55020964722819354  0.56074831039013229  0.57127204000815135
  0.58193458131021480  0.59297583787949859  0.60406580144631250  0.61479441330991103
  0.62520323482296580  0.63557608658234865  0.64624953473191915  0.65724690283323728
  0.66861070955096824  0.68063552957763329  0.69302065480235964  0.70518626751813673
  0.71663481683995489  0.72759569494767851  0.73860409513427849  0.74960206790945139
  0.76019376567852570  0.77031815921298863  0.78008867529828241  0.78989515924893627
  0.79981347012902482  0.80975745518223186  0.82002084544481069  0.83031446065476544
  0.84096305877853661  0.85143064710405592  0.86161697001655413  0.87189834536648148
  0.88204263207903677  0.89210496717054666  0.90171634985483784  0.91139712570527909
  0.92170237642978547  0.93233112318065470  0.94268851411588717  0.95334051408065124
  0.96459167531074796  0.97669187213914477  0.98843151678674657  1.00000000000000000
  0.00306734388637982  0.02005694110270946  0.03573139170918313  0.04892979335122446
  0.06048723086681491  0.07152960177313973  0.08236647184557529  0.09244810388742900
  0.10302385585608111  0.11384383516043473  0.12475904375882575  0.13576131060584126
  0.14648899736618146  0.15804769466636454  0.16943627159165719  0.18072180258241322
  0.19236094641990306  0.20402150752457235  0.21523606989536584  0.22599789551774202
  0.23645763548246762  0.24651817768822507  0.25630487013900827  0.26587750705699126
  0.27551227832741360  0.28482450064952886  0.29423924243567290  0.30405918899724144
  0.31445710600392790  0.32526768578652199  0.33600210639876305  0.34660335681726484
  0.35702127254286137  0.36737015301454073  0.37763538796325330  0.38774397539182864
  0.39777027724382441  0.40764452397941803  0.41763253271652856  0.42773201752042617
  0.43778791599828332  0.44771639254279050  0.45786182357840138  0.46837531669522942
  0.47887236325464733  0.48928147848332604  0.49956483360814780  0.50948998985132798
  0.51907869871950918  0.52842937144414082  0.53768787281567343  0.54710851206737765
  0.55669852204783332  0.56663833547793896  0.57705417586847030  0.58796234076428222
  0.59928930000019798  0.61022589599096799  0.62053410143344001  0.63079115616492309
  0.64134678161165448  0.65192974876771637  0.66262830959876218  0.67263999729384760
  0.68243102104912745  0.69211296043620385  0.70200175235038087  0.71219342879733705
  0.72215343633688900  0.73201145082514341  0.74209221763337840  0.75207330368874803
  0.76203191822756622  0.77172542953115442  0.78195581915370216  0.79238060954015399
  0.80264676258370005  0.81330975792664217  0.82400117347840318  0.83463941568145483
  0.84484064102045309  0.85478492044438859  0.86476288932908929  0.87487542084884007
  0.88522122637678968  0.89577746369832090  0.90631016528374508  0.91661151326299584
  0.92663802590285860  0.93662017665113018  0.94659216370694943  0.95635677844361344
  0.96620730506225938  0.97637126865460744  0.98775815110299703  1.00000000000000000
 -0.00146544627088223  0.00666401193400537  0.00948803416686528  0.01233141711232555
  0.01536911053692428  0.01887508884845755  0.02283307944862653  0.02694582823309097
  0.03140451428335988  0.03628162986847323  0.04140823438108583  0.04690634293128551
  0.05246618627847067  0.05826768450247383  0.06414183596036534  0.07019654177025318
  0.07665657593213943  0.08344778638754249  0.09036983622464698  0.09738442900334014
  0.10462120476400964  0.11200915920162141  0.11977340825268019  0.12815053569580587
  0.13681046310105832  0.14521826964855922  0.15335200154825704  0.16153462049585435
  0.17013307598990410  0.17920310417206187  0.18840542692917564  0.19760261627462050
  0.20693607870713679  0.21672218203909160  0.22647023592866078  0.23657512861409100
  0.24691989035956052  0.25736861419769330  0.26777793338986794  0.27812317973045514
  0.28863786018810894  0.29945449395455231  0.31057829171520884  0.32184951778021059
  0.33305306665123680  0.34418154655944427  0.35552011651097282  0.36699210646249131
  0.37887715751245882  0.39015790540365280  0.40195029742547866  0.41387233503534598
  0.42581459566365193  0.43793927349443534  0.45071133550130477  0.46323255137268926
  0.47514838161276624  0.48688130160623355  0.49861502061976876  0.51028614254833116
  0.52250360864581702  0.53475111727438340  0.54766098785466932  0.56121906921887676
  0.57521801727551569  0.58901810287791379  0.60220118231334274  0.61482332446094790
  0.62705438453370932  0.63919007189648092  0.65170988608767888  0.66471902681061934
  0.67807637138196575  0.69151089281760991  0.70494875434722182  0.71847314969749998
  0.73173419615133106  0.74509087373486038  0.75863139332651042  0.77226536949096569
  0.78596828974711885  0.79987649000065986  0.81402742354434698  0.82753767105407672
  0.84125208885090486  0.85526411231511268  0.86952315242829692  0.88375977848328868
  0.89785524006305129  0.91209220577620054  0.92618229049496081  0.93983629023704807
  0.95433993501802394  0.96942286421091584  0.98470329276179946  1.00000000000000000
 -0.00233502497616392  0.00867702582451800  0.01834006210254425  0.02930565355636892
  0.04078279531159619  0.05256297023740186  0.06395609318286090  0.07572536357828964
  0.08771611162663380  0.09966629661267974  0.11125703798725729  0.12253832381425619
  0.13367105650113392  0.14476455678840133  0.15590186920336227  0.16669351458926054
  0.17676299073847204  0.18694588283953303  0.19740734282390321  0.20772775727495199
  0.21770370420555368  0.22771422336620389  0.23835335862422513  0.24939705113041519
  0.26016073046760041  0.27071507471761669  0.28111723644237291  0.29129810741598755
  0.30141278076802985  0.31156916141106622  0.32179848437940944  0.33224937389192377
  0.34241264902906299  0.35250714739880062  0.36218281362049703  0.37160460941433399
  0.38134680663296006  0.39140033756876380  0.40232492373862400  0.41339826261535273
  0.42411605563946708  0.43446729534694267  0.44488458889229976  0.45558271295243213
  0.46619467844664891  0.47654324371700646  0.48737365936699562  0.49834357637252630
  0.50920109027376481  0.51962587034710239  0.53005943467980832  0.54025358856682704
  0.55049269554609115  0.56047999765852097  0.57095822057548051  0.58140889548824493
  0.59208866371257551  0.60290712900284626  0.61357691936000891  0.62416636290011251
  0.63479867425289671  0.64560082539055541  0.65647016174702943  0.66750273493420953
  0.67846622361902986  0.68903790695328604  0.69940249465406246  0.70977182263157768
  0.72028087414894049  0.73000330810112590  0.73929992386264021  0.74854681764541375
  0.75839557902642629  0.76830167928287385  0.77844134418914868  0.78902943988569851
  0.80008659753025002  0.81109431684769595  0.82132030600196182  0.83131375499210347
  0.84141947436771636  0.85151051364771024  0.86162035794278435  0.87200787502337185
  0.88229485819013231  0.89273744635475916  0.90308424582340985  0.91412651648729537
  0.92553901136561956  0.93661364682143189  0.94719233637595124  0.95751793427366583
  0.96779808618128937  0.97814558509080018  0.98908953817020473  1.00000000000000000
 -0.00234168820206362  0.00971794380539818  0.01961475417747091  0.02997117883835160
  0.04028074804738892  0.05039036241747057  0.06041868835292170  0.07116659605115815
  0.08204177785434710  0.09292980163954830  0.10358394307294522  0.11414855230160741
  0.12513531852866042  0.13638876830273250  0.14755017496603659  0.15783634605941463
  0.16801003525973235  0.17847771071524879  0.18917821939161281  0.19924709162848261
  0.20871598724238563  0.21826510821054720  0.22762827699911331  0.23760238957917365
  0.24789421169051193  0.25847218004504718  0.26912944030162772  0.27997245056772568
  0.29103402444497084  0.30202055947395956  0.31294286074018896  0.32377275498494057
  0.33467967506821300  0.34561521266187795  0.35629841590444655  0.36664906300415306
  0.37702457856802007  0.38785802875911263  0.39939741537107576  0.41090256660190710
  0.42187445081776426  0.43239539462386228  0.44322634864214122  0.45427351595267046
  0.46519152715151629  0.47602245894052986  0.48710938715225865  0.49818991292929993
  0.50929407547761663  0.52046221747633725  0.53177234980873267  0.54300755146785706
  0.55411142999588348  0.56475077459957346  0.57510143258774249  0.58545948833884454
  0.59629456894130051  0.60741609660435913  0.61862437299014961  0.62961041105925786
  0.64035388559650963  0.65099762550541651  0.66165904337051185  0.67263464363652881
  0.68341473758482230  0.69398639900783099  0.70448408978796573  0.71530066398459335
  0.72623992503671297  0.73662754386023710  0.74663379641214089  0.75667815475514044
  0.76655159981677845  0.77624441947651168  0.78569881600160663  0.79578016403884200
  0.80631293052243769  0.81682342707082034  0.82730612806919712  0.83759408028348092
  0.84777127989413359  0.85795961258119868  0.86791986056717485  0.87776083918713577
  0.88742153291762016  0.89729727453083563  0.90778292400167016  0.91847708115541637
  0.92862280303334499  0.93860354492047260  0.94865334494516307  0.95893209137950430
  0.96891212018382333  0.97889154791382382  0.98939049787356570  1.00000000000000000
 -0.00240653540455005  0.01034097804750194  0.02099838034642096  0.03137149050083732
  0.04193259421211285  0.05276823686596852  0.06377070285896166  0.07452231752320128
  0.08534864135760500  0.09691856737713882  0.10842945496921093  0.11949440395974183
  0.13117691914649043  0.14243385591911900  0.15322876252895246  0.16332360046011429
  0.17360538690625696  0.18402304476842002  0.19442189370163546  0.20479633132051503
  0.21518267892043433  0.22549276380147582  0.23550460980533072  0.24566061037156006
  0.25587677767977313  0.26616396778284818  0.27642043074141387  0.28652190994727528
  0.29664622629601872  0.30679007072650466  0.31732646683067223  0.32813989607102617
  0.33864040486950880  0.34883596025809832  0.35898129363418863  0.36908204385601878
  0.37915990046693032  0.38899336075389612  0.39876072372247462  0.40874681800629076
  0.41917156997090815  0.42970655817057801  0.43983553242304035  0.44978872342085574
  0.46021531226389484  0.47146215415626286  0.48290880642620448  0.49395909270964222
  0.50418079562474916  0.51384770843565619  0.52351971790044038  0.53330053114518849
  0.54306731607755820  0.55305212560019668  0.56362646586235587  0.57455608889929721
  0.58502909145557758  0.59485579356104745  0.60470793755712238  0.61514048865332327
  0.62579018602651004  0.63682196126447466  0.64797289433697369  0.65908572849460134
  0.66960515753961203  0.67967169331100918  0.68978114062896212  0.70018292768156309
  0.71049127292626757  0.72065231511046723  0.73118901729560937  0.74208045428694491
  0.75284491898899020  0.76348029089719571  0.77443535919761319  0.78528526232722862
  0.79541639502489314  0.80526988181106796  0.81537762999076091  0.82602251945282978
  0.83745008872434301  0.84875533000213410  0.85963975780089985  0.87019025434231156
  0.88118006175509134  0.89246643133938430  0.90327946967874206  0.91383534765289243
  0.92453118794945877  0.93474972664255807  0.94492526735981530  0.95499885480584179
  0.96570965144847465  0.97691505154844793  0.98839432565208363  1.00000000000000000
 -0.00587966800446560  0.03151445275486409  0.05658147532285430  0.07653689537273183
  0.09330805599433448  0.10818109937186363  0.12240467162928781  0.13529227359929771
  0.14715116413889509  0.15853319219196430  0.16926986267972802  0.17949739454029801
  0.18956705720383371  0.19950179930014583  0.20917858468422079  0.21849763573096809
  0.22802590809259521  0.23708008727818683  0.24589848493068914  0.25416131640359657
  0.26272731496095902  0.27141290451749422  0.28014404323116593  0.28841965924394741
  0.29700477758439581  0.30550002033819562  0.31430840696324180  0.32353073526399118
  0.33258957710190934  0.34140072481976397  0.34985408193840356  0.35839896261431892
  0.36703002241269445  0.37559369085847483  0.38390060764689898  0.39198764656321283
  0.40029538710525236  0.40896859902775673  0.41786069403882259  0.42643385309783804
  0.43479001739196488  0.44317073762103493  0.45154686431377705  0.45994694058836172
  0.46814933855301089  0.47630062977108822  0.48450995387924017  0.49264039092744721
  0.50052642565778416  0.50841260799138577  0.51643786162813299  0.52445999974307600
  0.53243191677954660  0.54037874067352931  0.54825256127618527  0.55584473743667595
  0.56335815211169438  0.57107397391365078  0.57899346142411057  0.58709869222800393
  0.59547689940922299  0.60371706814688808  0.61233433530038817  0.62112305682748881
  0.62924943351073914  0.63718756934535270  0.64508645130441689  0.65311349617833281
  0.66143797824602435  0.66975036445187752  0.67796843450470079  0.68604789353672346
  0.69424537522516983  0.70253180080321753  0.71121409222051291  0.72031031525549050
  0.72955506154994565  0.73882104941043347  0.74858260607193594  0.75845991589402872
  0.76883752056288490  0.77927067737326694  0.78985375102059929  0.80071294259113068
  0.81175994938386808  0.82302544658262089  0.83481206364517313  0.84702850963447540
  0.85995952086385685  0.87370108939767621  0.88852305923302033  0.90405861125556419
  0.92048536884791921  0.93945736310960648  0.96379614089465615  1.00000000000000000
 -0.00259148695747518  0.00982790799009104  0.02025935652589053  0.03025192668998699
  0.04019345516102844  0.05034625136565363  0.06042822543883844  0.07044876333161082
  0.08026165308056299  0.09066650244563623  0.10070570033374858  0.11136623270266865
  0.12196664169001563  0.13260189310911474  0.14279865364117805  0.15352274448453351
  0.16446877193786283  0.17512575543524847  0.18591203281748186  0.19684450484390517
  0.20794923406757526  0.21905993802746795  0.22994460076564566  0.24046741881682451
  0.25077235511557955  0.26098567216010193  0.27107537683692184  0.28101736216426237
  0.29129922184783347  0.30212284952346896  0.31289426068921744  0.32321124515980437
  0.33327235245472447  0.34404448833344370  0.35479487269324000  0.36553913461270943
  0.37623910591834619  0.38786837149143205  0.39969048369963911  0.41102722597905317
  0.42204286358577625  0.43337620782184944  0.44483394120016329  0.45631789180751742
  0.46728751802324553  0.47818842359611402  0.48890837256032549  0.50029411531741885
  0.51281918662608750  0.52440467118586342  0.53551235617313153  0.54604913872478178
  0.55630516864939927  0.56631488552523745  0.57603676482506061  0.58570477335434001
  0.59528761792955942  0.60500227808627527  0.61554195487470131  0.62641145203316040
  0.63782933456512259  0.64852893678079304  0.65872844052703794  0.66860021075982956
  0.67803282126194098  0.68733388308162946  0.69671984242681484  0.70592215918007117
  0.71554749048831034  0.72529085328344278  0.73561500550045167  0.74650181409525607
  0.75718666577711080  0.76798206208960029  0.77955850724362385  0.79088187100077723
  0.80207922764543438  0.81302829638071894  0.82402447431101833  0.83528592464669471
  0.84658145182907318  0.85759204775799769  0.86790963315718372  0.87792244721140411
  0.88792631133908351  0.89792232404021011  0.90800919258692214  0.91823213160217276
  0.92842630987359487  0.93869493570702300  0.94898205742932473  0.95912655847277783
  0.96905092651679137  0.97864773657545556  0.98930523320172470  1.00000000000000000
  0.01323119845214336  0.42475993556111796  0.48807326600015227  0.52383151021892682
  0.53993744344360528  0.55178761255934861  0.56117387685923703  0.56924880822783874
  0.57646728944865888  0.58296898091190441  0.58877091739499032  0.59420710077506211
  0.59950798321889553  0.60460760380719003  0.60918386273804082  0.61369914597538100
  0.61808491358676587  0.62238254952658367  0.62663362043833382  0.63081430478225331
  0.63490525004290854  0.63891241843022772  0.64283478801471017  0.64671297566189112
  0.65058266440409818  0.65438173346077522  0.65807859512542810  0.66173116448273572
  0.66529002596022757  0.66875644729685180  0.67218124557255121  0.67566550698813943
  0.67921749316103308  0.68283301517384576  0.68646863773710043  0.68996751305681003
  0.69320764020206982  0.69642545826924540  0.69967270743807652  0.70289994706658743
  0.70610787006043130  0.70920869525366825  0.71217285886064496  0.71507131556566139
  0.71797328663944460  0.72089366469738658  0.72390067554262039  0.72701650227281256
  0.73015135245686635  0.73326214072540785  0.73629903165332866  0.73925970567095201
  0.74217184179304996  0.74504767372020719  0.74792408003458521  0.75083708878249511
  0.75383549620203361  0.75694144267786578  0.76010344944387975  0.76337263418995382
  0.76667992898914883  0.77002546662446480  0.77344699052620336  0.77680798129000894
  0.78029233456429259  0.78368515820414275  0.78705165916623032  0.79043469885443374
  0.79381904733972641  0.79729998870630325  0.80084409665719414  0.80439996730122387
  0.80808939336466146  0.81191742079311346  0.81575480125704214  0.81963240608129317
  0.82348068873365454  0.82742010676885291  0.83149364534306280  0.83565318849056436
  0.83997620099329462  0.84438919349570407  0.84908604096504148  0.85411052843592072
  0.85955882862388677  0.86516030578802816  0.87083500464347630  0.87693296491902184
  0.88367097612582135  0.89093464551028867  0.89901400532465892  0.90823043208644949
  0.91917245165289663  0.93270115038373058  0.95401906974254325  1.00000000000000000
 -0.01803021379740671  0.10202318406505799  0.13584234665758776  0.15803365428747670
  0.17744239486037794  0.19559135943401654  0.21297553458567420  0.22924777067492519
  0.24482658698875520  0.25925805889874198  0.27368151259674711  0.28830210228886588
  0.30311222358339462  0.31776441862623556  0.33218912182026150  0.34604369110649258
  0.35913610732123419  0.37165314478416128  0.38301658753614548  0.39363996022303327
  0.40354851378494272  0.41300422689949590  0.42220000637391231  0.43123259678021253
  0.43995938679443913  0.44838524859368029  0.45648041617311103  0.46418692290048319
  0.47193733967281520  0.47946972827493578  0.48634917329021976  0.49317389192605687
  0.49953615794574718  0.50546300991009829  0.51117716045104034  0.51684911211640849
  0.52246916750611350  0.52792222613847939  0.53322085067942226  0.53849061538116372
  0.54363915708192845  0.54878975637686300  0.55382790362649514  0.55883190478348010
  0.56394000975447955  0.56921465282988748  0.57447721809476060  0.57966224918625087
  0.58481668624403016  0.58998121904651757  0.59526417868443215  0.60066182656082268
  0.60595069504205956  0.61120687742309554  0.61647232719938749  0.62168251577622402
  0.62674306197451823  0.63163554563542090  0.63653028190725625  0.64156059197167370
  0.64647132905190041  0.65130232464210591  0.65603138443883091  0.66072570296121047
  0.66539487961205324  0.67004952860744993  0.67478520790022756  0.67967923687088649
  0.68465906315104796  0.68964206421989283  0.69460729170174862  0.69939779134393021
  0.70431759332760979  0.70947728796656051  0.71499764529517362  0.72065971040006116
  0.72631495202960694  0.73204555786342174  0.73794674752904343  0.74401250849638145
  0.75038930737413734  0.75723785297414392  0.76437490270223085  0.77161311041804415
  0.77900048925474452  0.78664046621254224  0.79500937174891850  0.80441890143379657
  0.81449672413163099  0.82551052041300343  0.83815714935518570  0.85296534361818666
  0.87009928059403518  0.89261652963681914  0.92767653778255643  1.00000000000000000
   8.0601280581639279E-009  -1.0000000000000000     
 F F F F F F F F F F F F F F F F F F F F F F F F F F F F F F F F F F F F F F F F F F F F F F F F F F F F F F F F F F F F F F F F F F F F F F F F F F F F F F F F F F F F F F F F F F F F F F F F F F F F F F F F F F F F F F F F F F F F F F F F F F F F F F F F
  <DiscreteSampler_grid>
  grouped_processes
  1 # 1 for a reference and 2 for a running grid.
  10 # Attribute 'min_bin_probing_points' of the grid.
  1 # Attribute 'grid_mode' of the grid. 1=='default',2=='initialization'
  0.0000000000000000 # Attribute 'small_contrib_threshold' of the grid.
  0.5000000000000000 # Attribute 'damping_power' of the grid.
 # binID   n_entries weight   weight_sqr   abs_weight
    13   10   2.686969782211020E+001   1.783057166212965E+003   2.686969782211020E+001
    14   10   2.686969782211016E+001   1.783057166212961E+003   2.686969782211016E+001
    16   10   3.506993555068403E+001   4.480193796068113E+003   3.506993555068403E+001
    17   10   3.506993555068400E+001   4.480193796068113E+003   3.506993555068400E+001
  </DiscreteSampler_grid>
