  0.00250169714405702  0.02003755273117261  0.03454294547144333  0.04640761468299504
  0.05712476725536485  0.06745594098207638  0.07754991720182766  0.08747894269988329
  0.09737976071890733  0.10716872955177141  0.11679346607398453  0.12643757087284557
  0.13610198141095406  0.14578070818230801  0.15542407908101499  0.16509641363051186
  0.17485719917765330  0.18468994675999389  0.19454255558058414  0.20445255968077261
  0.21448769047938940  0.22462115242178432  0.23490327248586992  0.24529222864760561
  0.25568435399715095  0.26593154681677306  0.27592279504981820  0.28579354553002234
  0.29563949696224151  0.30534490755676541  0.31494471468779672  0.32463308561181475
  0.33439077515907767  0.34412167964324525  0.35397119005040323  0.36428970477769596
  0.37485617420657452  0.38536296888379701  0.39580713181696175  0.40621823106466592
  0.41650860452548721  0.42672422418982653  0.43697517636125727  0.44732812460028482
  0.45778067596057032  0.46843297245458876  0.47928248914560251  0.49009039802473175
  0.50062939510734428  0.51087888940993809  0.52103107812139016  0.53101494588522880
  0.54086049893197807  0.55080155562656452  0.56095853493792502  0.57120372078110326
  0.58135113691545937  0.59131885167456910  0.60109656406915934  0.61075085845341615
  0.62047000421655141  0.63046199735230479  0.64064806256713547  0.65085961108175938
  0.66110097225686970  0.67148344087924294  0.68194150922543451  0.69227343619723536
  0.70241608209712336  0.71239805043056870  0.72236675962067620  0.73249170384295270
  0.74274283906032956  0.75302620837720746  0.76341877743353148  0.77410786040893065
  0.78505982800808627  0.79601992278744405  0.80689967774435167  0.81773800166705568
  0.82848272155818525  0.83921320563640855  0.85010656816665719  0.86121118074232661
  0.87242456767975884  0.88343804719334229  0.89415408225013171  0.90475810277306845
  0.91555918188575558  0.92662034306835495  0.93788544239358851  0.94937796796880702
  0.96105836782413756  0.97298913435254886  0.98571301546886525  1.00000000000000000
  0.00000048583270970  0.00000841660651205  0.00001947158239456  0.00003343080603173
  0.00005018746436855  0.00006857949526945  0.00008825509380171  0.00010993545236726
  0.00013260677402756  0.00015613564842818  0.00018217714871225  0.00021009389131152
  0.00023898307219268  0.00026804115075401  0.00029734496654750  0.00032762092148465
  0.00035900906174241  0.00039145646260934  0.00042492776751555  0.00045949694328616
  0.00049632175054836  0.00053429540030017  0.00057397386319548  0.00061498707655816
  0.00065754757046569  0.00070197876734091  0.00074746621061564  0.00079366593109659
  0.00084070382083301  0.00088996058645254  0.00094184211388186  0.00099646685892351
  0.00105027993352864  0.00110809862145182  0.00116840102457610  0.00123097646309864
  0.00129730527541916  0.00136668037155207  0.00143865389932784  0.00151359606492298
  0.00159197321134651  0.00167275593168291  0.00175510053505752  0.00184058831763968
  0.00192916285467511  0.00202074626220262  0.00211683205751149  0.00221877392800961
  0.00232435078396435  0.00243249826214372  0.00254822149335700  0.00267247902898507
  0.00280285679443405  0.00294095640332033  0.00308808570225661  0.00324234942620840
  0.00340485768505520  0.00357900915032717  0.00376468999936665  0.00395982196976176
  0.00416201742560408  0.00438005355574676  0.00460901735942698  0.00485425176676678
  0.00512565385728198  0.00540694967277027  0.00571407946940188  0.00604590101305171
  0.00640087883329213  0.00677801557595726  0.00717757345768070  0.00759600127646014
  0.00804242636329094  0.00851873562429506  0.00903061928813283  0.00959149170122498
  0.01019813245538813  0.01083216772318392  0.01151810873502294  0.01229460460241471
  0.01315125507270929  0.01410942129155896  0.01518679393997037  0.01638822028238394
  0.01771786644460110  0.01917791203893030  0.02076174752163103  0.02263603051142862
  0.02487658049598638  0.02753344210309923  0.03078335474900313  0.03502462148595076
  0.04096730689291969  0.05087950366075475  0.21609941565521862  1.00000000000000000
 -0.00208492328379208  0.00855475034556627  0.01848031110732391  0.02875758366516686
  0.03946733155469899  0.04968664240622160  0.05975542351054566  0.07039758530848020
  0.08125113762929909  0.09171774005710724  0.10177025622058948  0.11183357913830255
  0.12229631808558547  0.13297945375474782  0.14369964151090245  0.15445159153046176
  0.16519721507508911  0.17583696020074452  0.18644754948788730  0.19731983744816178
  0.20799565946220630  0.21847394051096544  0.22893783410980964  0.23945291612039321
  0.24992536009439151  0.25992610523045240  0.26990061050101444  0.27993200673822849
  0.28995031245648506  0.30001231614020690  0.31025376157082091  0.32086133487199447
  0.33156309457849659  0.34198897113158450  0.35234392268421755  0.36273965573734646
  0.37325536516255814  0.38375529791042068  0.39432133105478107  0.40518613783754376
  0.41596939529629445  0.42669465792885430  0.43742886683317922  0.44813791159187599
  0.45864439270966245  0.46878514601532528  0.47895536648243081  0.48945363401808639
  0.50015234735466130  0.51083604212180833  0.52156746313435631  0.53246474683468126
  0.54354854961684496  0.55451138943609513  0.56532635015512434  0.57577051428453307
  0.58620059016863579  0.59671168998271473  0.60722766559252495  0.61777254570560947
  0.62828186045481160  0.63905639236501588  0.64999165176700580  0.66121389951165022
  0.67242422158870696  0.68347958650471574  0.69418109507115799  0.70463819309545728
  0.71502096378216951  0.72543659298162755  0.73567880672171759  0.74567361442886837
  0.75569363367850306  0.76590807347561540  0.77628367432108691  0.78677497806028662
  0.79702449072549753  0.80728936773353233  0.81757928131441782  0.82837650089314441
  0.83891005671281560  0.84931146853350359  0.85980821614423930  0.87030380230510052
  0.88075773273861702  0.89053649789252298  0.90075314364550030  0.91134045629636995
  0.92203685473425245  0.93319196534871174  0.94419131950779878  0.95595431283015575
  0.96680538101087943  0.97789515583985920  0.98885815592593129  1.00000000000000000
 -0.00258346543104848  0.00959721596950269  0.02005611992342737  0.03063339695633355
  0.04122554801897928  0.05189188137959883  0.06248664940649278  0.07301406322028842
  0.08326324189318156  0.09363964596665846  0.10413739484653005  0.11467159328465074
  0.12510135374687414  0.13559161218499213  0.14623755335146432  0.15677092324022074
  0.16738608958465220  0.17768856602129596  0.18810625109661772  0.19866512221608679
  0.20960779695181650  0.22086198431550791  0.23180085219508051  0.24216331154813336
  0.25239719541076433  0.26272102741536785  0.27338472712835082  0.28378360287861509
  0.29439504005969286  0.30525592784679761  0.31674501903223007  0.32843987666610186
  0.33985710521884499  0.35087578124002650  0.36152602838971065  0.37200932089440425
  0.38256172422256052  0.39347891085135983  0.40468494964967400  0.41573322422121883
  0.42657080226541166  0.43732178258672910  0.44793890479120929  0.45846925202955247
  0.46880900506216500  0.47909617657687287  0.48924951426665120  0.49952354893385698
  0.50985148840828076  0.52015147432333242  0.53025895852477700  0.54032452761764005
  0.55008429537901149  0.55983559180305897  0.56996213808600205  0.58046352836072090
  0.59096411566013529  0.60143315094693039  0.61208207180503615  0.62263373072924810
  0.63315993528819348  0.64365013639300661  0.65390817278912516  0.66395852389185095
  0.67385195381957497  0.68402553773970165  0.69454036617090842  0.70494750422592878
  0.71536907327971944  0.72569961725692400  0.73616151897418303  0.74681136881552879
  0.75730453620207228  0.76800313368915329  0.77838585938606419  0.78864632752843866
  0.79883487661252961  0.80937126356446376  0.81990869081529616  0.83022933253223963
  0.84106858554443875  0.85181704940767067  0.86273272408738011  0.87333394221817950
  0.88416252392747041  0.89522137115847977  0.90556336208308064  0.91655922968685977
  0.92707775554470295  0.93781798777732461  0.94778698584592858  0.95777662443963285
  0.96787858989009734  0.97835378484673619  0.98913440690118026  1.00000000000000000
 -0.00226046016920329  0.00926945567387764  0.01852839630625874  0.02867370848282612
  0.03858043552946214  0.04947618643350671  0.06050534359818975  0.07098993391192086
  0.08132428290974561  0.09225503519359103  0.10359346471936781  0.11432780892951436
  0.12503327420145227  0.13582422546059519  0.14671552115400896  0.15728606181777849
  0.16761055143496589  0.17776698839676294  0.18791790977177039  0.19831244535365208
  0.20902217579848842  0.22002815728980574  0.23062614974369461  0.24092857671794546
  0.25124858975726161  0.26168300059208593  0.27219723525124917  0.28241532525086616
  0.29270457401775080  0.30288659276622143  0.31310181801576603  0.32317571432072284
  0.33356827315340587  0.34418282090380803  0.35460515385616631  0.36478042242172259
  0.37504651640826381  0.38562164844929131  0.39596238642471254  0.40606686991124830
  0.41605007628810831  0.42625717326231377  0.43665472780869929  0.44709576089681130
  0.45753406882569697  0.46778384338414358  0.47821146758499322  0.48893623216615056
  0.49990382914212894  0.51087254268158422  0.52166993252314664  0.53247751158787981
  0.54331307465393475  0.55407545795934465  0.56471579564638630  0.57532263794740446
  0.58609916907648341  0.59716566822673822  0.60800573777569678  0.61857206582039526
  0.62886750334933039  0.63915620922483796  0.64959489575959128  0.65992216485893618
  0.66997057303921426  0.67997011123579731  0.69014705855013969  0.70063439561641272
  0.71130789722460142  0.72179200868743520  0.73212154949508323  0.74226673211333161
  0.75252917230536842  0.76327733394199682  0.77394063177637773  0.78509930782812531
  0.79604492817241179  0.80710115035033037  0.81797700392341821  0.82894849766347400
  0.84040512682412094  0.85205230821356825  0.86315209974967344  0.87417216737465087
  0.88494181048141540  0.89540620158916906  0.90560152762907642  0.91568910527683944
  0.92574927229232107  0.93580084805751274  0.94605755065551167  0.95646274444465884
  0.96695161798267293  0.97740527732432891  0.98843217897715996  1.00000000000000000
 -0.00160708721269666  0.25246407977114160  0.36450571559847145  0.43368190772352883
  0.47490824132107917  0.50084064557043306  0.52046215956456443  0.53579081365016468
  0.54783377584969917  0.55856748683946833  0.56785392488668307  0.57626567995457467
  0.58380487327579877  0.59057153261874751  0.59693757496820787  0.60291842050188549
  0.60849315412777216  0.61372782200259901  0.61875243247230893  0.62355632960687413
  0.62817786608762805  0.63263274293731764  0.63697213311167589  0.64127891877066701
  0.64550288993920424  0.64970171172877056  0.65377441710605388  0.65772448525045857
  0.66160653037455097  0.66546846323384246  0.66931849318798353  0.67311269001100249
  0.67683841339458750  0.68051171379727593  0.68413798620288113  0.68774833577156247
  0.69130202830741849  0.69484764911161578  0.69838217924880208  0.70186538146939081
  0.70529250807434307  0.70868275946310455  0.71202677433703498  0.71535322356437459
  0.71868420744287598  0.72199854742020475  0.72530585413130055  0.72862913869336121
  0.73190752726783337  0.73512377996810718  0.73832238666506422  0.74147865112271905
  0.74463094420224207  0.74774073880606873  0.75089760011668949  0.75405385716962436
  0.75727010327756061  0.76053059194564687  0.76381288016477344  0.76713190457247826
  0.77045956567860796  0.77376857182669234  0.77706958452179775  0.78036177450780475
  0.78364713197058455  0.78696933869236740  0.79037025373955339  0.79386410046048250
  0.79746173138184029  0.80107940176659809  0.80470906943273912  0.80837459589050042
  0.81206918962366492  0.81588213210728822  0.81979951008760310  0.82382780314377480
  0.82796312528572635  0.83219407065993212  0.83654089442882029  0.84098337738197149
  0.84549545021989736  0.85006524152765739  0.85478970525598230  0.85980267592044202
  0.86495140220033706  0.87018999130160235  0.87574222617925002  0.88175012064020541
  0.88822877541221479  0.89523258147936036  0.90313948044375592  0.91205819397349142
  0.92215870254609245  0.93473512996990582  0.95377179037825355  1.00000000000000000
 -0.02994392591545317  0.14453712974296545  0.18001669884938581  0.20084853118420751
  0.21623736884253686  0.22873913284140948  0.23981393629459155  0.24991675168731137
  0.25925386693463370  0.26789274558911069  0.27601084319770258  0.28371318380714405
  0.29112484991152893  0.29819059349699462  0.30500215437046929  0.31164233700803762
  0.31806536168465155  0.32423317558428361  0.33024828689252461  0.33615469601776093
  0.34197381208243699  0.34766283470481413  0.35328857691589088  0.35879044322803821
  0.36426830064019394  0.36976712633781073  0.37518192952279583  0.38046990383194046
  0.38560858224249933  0.39069023552318094  0.39577200592331835  0.40086032481727840
  0.40590091615154289  0.41087691932420511  0.41583932828846604  0.42076298891014263
  0.42561456078809834  0.43044327471396177  0.43529528760978714  0.44017496234282677
  0.44502196622209267  0.44982264471406702  0.45467041990723095  0.45954989943329666
  0.46445835830174859  0.46931265837973102  0.47412500616542719  0.47890811844550596
  0.48365113272489713  0.48841071946789882  0.49325180299446209  0.49815663092447654
  0.50303249773688108  0.50782333996945761  0.51259460617697294  0.51742328514334712
  0.52234679361445779  0.52737609694709475  0.53241456547373900  0.53744373654129363
  0.54260474884120513  0.54787552844144027  0.55317728828438373  0.55845988787007195
  0.56378853978440346  0.56918648080441103  0.57463284027710626  0.58011315741250102
  0.58561693042184004  0.59118883601126304  0.59689633738908554  0.60274516235532549
  0.60870299903561442  0.61467641389447480  0.62072243652468440  0.62687074464775416
  0.63322746142538455  0.63971653390139949  0.64632020881532037  0.65324950251691072
  0.66044453450649121  0.66798126643245903  0.67583575208323599  0.68388467017692089
  0.69246922019463186  0.70147825666155994  0.71106339704498200  0.72118324045324489
  0.73199508939792379  0.74365661681449557  0.75628673971138793  0.77057807959372138
  0.78790502510732963  0.81119448645598469  0.85239599278313316  1.00000000000000000
   9.2110687268617732E-009  -1.0000000000000000     
 F F F F F F F F F F F F F F F F F F F F F F F F F F F F F F F F F F F F F F F F F F F F F F F F F F F F F F F F F F F F F F F F
  <DiscreteSampler_grid>
  grouped_processes
  1 # 1 for a reference and 2 for a running grid.
  10 # Attribute 'min_bin_probing_points' of the grid.
  1 # Attribute 'grid_mode' of the grid. 1=='default',2=='initialization'
  0.0000000000000000 # Attribute 'small_contrib_threshold' of the grid.
  0.5000000000000000 # Attribute 'damping_power' of the grid.
 # binID   n_entries weight   weight_sqr   abs_weight
    10   10   5.011724719009925E+003   7.341635804560304E+007   5.011724719009925E+003
    11   10   5.011724719009950E+003   7.341635804560405E+007   5.011724719009950E+003
  </DiscreteSampler_grid>
