  0.00544976018514487  0.00883925864718660  0.01585296721896722  0.02365375135046474
  0.03277238308820979  0.04202157246919971  0.05150454191832421  0.06004982369783378
  0.07280644868931901  0.08640317225392873  0.09994695859961189  0.11041241560589825
  0.11997483397259301  0.12985648107434106  0.13906273182667039  0.14733780467787266
  0.15550844353942442  0.16384002536684869  0.17251233176859151  0.18160387846926088
  0.19080138066161789  0.20099579373328527  0.21116804929581287  0.22140372793213350
  0.23205419443896383  0.24361579551841719  0.25524073205154180  0.26715557408339607
  0.27903627660407293  0.29090966866651186  0.30255986155679759  0.31431012930272773
  0.32613592285745618  0.33857146210518568  0.35129998192425466  0.36325386875462912
  0.37498796625490827  0.38774231100175183  0.40063100225496617  0.41334329784910895
  0.42566733816739510  0.43765090340847473  0.44841125392329012  0.45851255900412469
  0.46878699103135407  0.47857438178234357  0.48718634593345983  0.49525330154399927
  0.50350091067312774  0.51185926698937401  0.52058360492168188  0.52973782231455213
  0.53821469114223530  0.54753066809973872  0.55806954843858358  0.56959989463881688
  0.58203420688613727  0.59350737018679733  0.60467104622815138  0.61609625502335874
  0.62613721442529668  0.63509804041163231  0.64380550597769259  0.65321287515361848
  0.66310223442001903  0.67312853095704495  0.68221431397599119  0.69158076916127575
  0.70169280560448621  0.71210282366266542  0.72252334147518160  0.73287945388952369
  0.74292841167417090  0.75240368649865019  0.76142440216447271  0.77063533775255810
  0.77979940482718235  0.78909158876567620  0.79882646611604946  0.80909413205240699
  0.82009953407231362  0.83214451118064792  0.84336433267888256  0.85324097464710902
  0.86261317516662606  0.87223218271869396  0.88310353495474325  0.89473417361551411
  0.90746735200006834  0.92030967029804600  0.93320509894286152  0.94639995035563695
  0.95936837815926435  0.97294394682954399  0.98611074451389080  1.00000000000000000
  0.00219491545115237  0.02730097874351280  0.04701193439612662  0.06245336810256450
  0.07493392396334726  0.08661903058292474  0.09834058022040897  0.10893254512817771
  0.11793546288492621  0.12673383171276206  0.13578192068543063  0.14424829359198610
  0.15231224509150484  0.16010377333558587  0.16936263305884847  0.18224306984712932
  0.19409159228297759  0.20465206960397803  0.21497587414654476  0.22547205611395951
  0.23622667143677917  0.24798961816569642  0.25882434326321657  0.26933672174711615
  0.28039341813400159  0.29195636650830559  0.30486207838866358  0.31676123982700094
  0.32826945878311026  0.33861531916252330  0.34905723507163039  0.36003405522147369
  0.37106777865130564  0.38202483652414149  0.39242604216212174  0.40272055266817736
  0.41302916219460634  0.42183182993846202  0.42962789134029017  0.43770957984545061
  0.44547252579863178  0.45315848380941204  0.46106150869339269  0.46970909416689172
  0.47873587478988461  0.49079392455513615  0.50307288008191409  0.51435532676946194
  0.52382174592104125  0.53114116387069965  0.53848756677356657  0.54696263506211962
  0.55577934561179498  0.56494774728656516  0.57392193267853264  0.58434485663574742
  0.59504779310561806  0.60530256165999785  0.61427266785219303  0.62313566217840721
  0.63270200111175667  0.64314802107156754  0.65382806302771712  0.66434249360431574
  0.67504118138192326  0.68633729792723974  0.69784504141074599  0.70910090894117828
  0.71929674468338323  0.72918822799897465  0.74017772353074296  0.75108386901480317
  0.76167482085989757  0.77222713515277319  0.78130928664352040  0.79041306789174115
  0.79908948840547789  0.80793371580913198  0.81724699068000639  0.82776533596867685
  0.83899710138922534  0.85118447629996019  0.86248609157314993  0.87347396533704458
  0.88559411664441201  0.89782759243297039  0.90997595894322547  0.92153383035487779
  0.93344298318309116  0.94361419216702869  0.95432453556068364  0.96478611693748828
  0.97495259000337431  0.98323670894874504  0.99233197832711539  1.00000000000000000
 -0.00153983611662652  0.00678653118082107  0.00925929865849537  0.01238487079522095
  0.01538757694610685  0.01920083061823573  0.02313164785933681  0.02721969139565372
  0.03191045584953575  0.03700118582592534  0.04230275742123885  0.04740446350244268
  0.05249328105416953  0.05807431178933894  0.06427060116571472  0.07080410279012923
  0.07737876350866123  0.08468826710546305  0.09149803495347650  0.09838720636040975
  0.10555415532811302  0.11241754849430613  0.11977203899732011  0.12799739061363199
  0.13605046500305273  0.14341655747694287  0.15105385224018494  0.15902486233852584
  0.16721928074848019  0.17545768710890017  0.18451593973158270  0.19374969256245611
  0.20310944133508788  0.21258174471799568  0.22205649488233253  0.23179353511397616
  0.24195556473216026  0.25204339515712126  0.26182308194170922  0.27181900803597936
  0.28170945096207806  0.29186242969735765  0.30260821178829200  0.31376935268974065
  0.32534034916758875  0.33742960690171581  0.35001502521692368  0.36172709269174952
  0.37367269928031466  0.38589824681541673  0.39912535918687220  0.41257660059331319
  0.42586823245409761  0.43859973855489948  0.45055006354985427  0.46190073069865578
  0.47318149113081842  0.48468585186708257  0.49658888300041026  0.50944631630206694
  0.52360749650616245  0.53726298849591470  0.54954257597504585  0.56078674637829795
  0.57204078999643515  0.58421206576155704  0.59574902426900223  0.60704765438369723
  0.61876290194000272  0.63236212072781017  0.64894122526464249  0.66538077039339327
  0.67951758245912020  0.69222265891240808  0.70447910075725784  0.71588499401736949
  0.72703597492017868  0.73873034943783522  0.75088870103023309  0.76314463144792866
  0.77643954967734397  0.78945905928757376  0.80200146512828197  0.81638366138602070
  0.83288031323023737  0.85169676992618515  0.86818270740716497  0.88351835658533207
  0.89830922682515546  0.91295160973911038  0.92779101045009271  0.94253702267505668
  0.95740886657257085  0.97188294207303216  0.98595777735775314  1.00000000000000000
 -0.00302625065209122  0.01066135066918164  0.02196381729594646  0.03200718766224193
  0.04241672911685069  0.05290762714561390  0.06343216021755577  0.07366789229782315
  0.08414394198929821  0.09612881266448707  0.10861124379929439  0.11957040556105640
  0.13010056173028470  0.14026873039010149  0.15054328029133124  0.16100700904039394
  0.17206748676768305  0.18391315092909877  0.19524935002316249  0.20678231612574116
  0.21807229446303070  0.22952676522927429  0.24078067765810474  0.25219547461124259
  0.26385450223618812  0.27456189276740461  0.28466819756066047  0.29537150725868455
  0.30660390159934814  0.31736689917228089  0.32749637732831183  0.33782133403614650
  0.34900426341019369  0.36012088100892564  0.37009706430173506  0.38042477226798210
  0.39050481882090599  0.40083586793651443  0.41146730186183367  0.42127859532889111
  0.43066663375027603  0.44037084658077252  0.45022352791950382  0.45956025165947006
  0.46825696167179504  0.47698707054938572  0.48651036410824910  0.49680453704682442
  0.50737865519169079  0.51810460546801207  0.52646290455411759  0.53444813981887163
  0.54274788382791583  0.55158189235453314  0.56022337175273351  0.56817459655080704
  0.57608715318692161  0.58521705607690810  0.59577876248741324  0.60603121178235164
  0.61555437519398670  0.62564675171264339  0.63692395837252136  0.64816410607286379
  0.65851229521680399  0.66835625058453152  0.67814065813589242  0.68800519982524511
  0.69791100554364272  0.70759414550162858  0.71773086448684220  0.72842526046452361
  0.74038518536586517  0.75240973789296128  0.76480929857189917  0.77767472610949884
  0.79072009574701574  0.80307478765089912  0.81392696836034284  0.82458822393352749
  0.83505849790183151  0.84610247996931831  0.85761880067772012  0.87045023256465748
  0.88322564475042475  0.89524881923154798  0.90489578529258075  0.91408311374736684
  0.92329858885727223  0.93279722835612289  0.94245995283869344  0.95255414455510878
  0.96343838330141740  0.97586938482118557  0.98781584939386147  1.00000000000000000
 -0.00127418151086291  0.00744559822571103  0.01529727266802746  0.02334338686303927
  0.03196100408181165  0.04033753050555861  0.04879106753321864  0.05704711252961545
  0.06607916833011818  0.07689260361775369  0.08827867437030322  0.09959647074893656
  0.11104149123392466  0.12185029075375220  0.13204138704210422  0.14235181660039184
  0.15278208375817295  0.16368756792243327  0.17339275775713400  0.18309691219022903
  0.19302658471721915  0.20231931822477592  0.21173357231702239  0.22181802046272403
  0.23275564197911275  0.24351228567017014  0.25425324354599826  0.26623152270876166
  0.27673427300627612  0.28697089342152665  0.29741587360023303  0.30794134453754607
  0.31815578944791578  0.32816074132076134  0.33815603059200755  0.34948387542898618
  0.36036256663561750  0.37142368934052755  0.38237814171273549  0.39406866045180461
  0.40596067148763654  0.41872712032263515  0.43014962652198646  0.44054438980110927
  0.45049075406277700  0.46019700299849453  0.47091134886811159  0.48094868232086729
  0.49171736038373620  0.50273296977131199  0.51367013698260267  0.52415670476144605
  0.53381215757062850  0.54335850097671123  0.55353646741264773  0.56467724416375786
  0.57730807199873357  0.58974436548925901  0.60295454634855694  0.61697305151780135
  0.62999083354228858  0.64293554552937382  0.65511249265695748  0.66871081384067921
  0.68088770994161163  0.69232800387743521  0.70338514278792730  0.71404354855169883
  0.72465383518957860  0.73528578159633173  0.74631894290907907  0.75771347926279475
  0.76956431987513507  0.78170059399279823  0.79288030117394548  0.80348198725953901
  0.81355671730298484  0.82484532225628993  0.83636764149039178  0.84878826205238977
  0.85981445899297693  0.86969257652110754  0.87888094502881708  0.88694898851824189
  0.89538604976836056  0.90440969608449651  0.91447559310447668  0.92442855577093419
  0.93387912165940989  0.94331569470464860  0.95298689997645902  0.96236524327492556
  0.97167838031928622  0.98106109753725446  0.99103085864729434  1.00000000000000000
 -0.00198114954746816  0.00797058086555360  0.01736614632878356  0.02717422434771995
  0.03777415308611709  0.04799679219590812  0.05806454863081508  0.06851155291446442
  0.07881089269452397  0.08881853536011916  0.09869859269598037  0.10848709453364935
  0.11781075696650896  0.12685811941886319  0.13527308095561452  0.14349611037649179
  0.15144160439381210  0.15948987654317351  0.16831101334697221  0.17782904776820108
  0.18750609758280701  0.19734408213019786  0.20697788138527834  0.21694231002382006
  0.22752565823458265  0.23925559174054600  0.25125058916296239  0.26249045786969649
  0.27303502614827924  0.28329447967610144  0.29355896039458618  0.30374861077011156
  0.31357005099298946  0.32240742539301820  0.33154000154963637  0.34218777875880740
  0.35340353052135154  0.36312279228987598  0.37224826201470701  0.38291595240102461
  0.39477132290953099  0.40673872078996154  0.41816628192664779  0.42947430537466685
  0.44031855714040391  0.45143237607723397  0.46250952311855797  0.47318148665328985
  0.48374066970215379  0.49428290072309522  0.50495711378377728  0.51591328269836723
  0.52645354074578843  0.53687032254470923  0.54747636770011499  0.55803242230808514
  0.56819640849720021  0.57828200155116904  0.58930383469477610  0.60132274322118151
  0.61327490397987283  0.62476118376553080  0.63640337634461586  0.64803982033981922
  0.65984575999590422  0.67159290030002805  0.68279339694567143  0.69351199407941722
  0.70338132952020704  0.71357030934494536  0.72403807506749840  0.73501667434594997
  0.74602880215858014  0.75713924693416590  0.76771303529431634  0.77711836042343130
  0.78612361278896159  0.79541980585679017  0.80510323178352894  0.81477678443294277
  0.82422838389166486  0.83476592405938443  0.84609731967407431  0.85672761988931467
  0.86689893641271443  0.87699791645313463  0.88828306134310098  0.90057562141754199
  0.91216769310450296  0.92369238545904209  0.93476353717679705  0.94606036558437179
  0.95790493678774746  0.97093468297633123  0.98497824252214261  1.00000000000000000
 -0.00124930417605597  0.00336163213022370  0.00776650326069479  0.01207285507922036
  0.01651101001365566  0.02131313801358305  0.02573151138197803  0.03027664656940336
  0.03471825902247049  0.03901291714033048  0.04329248048815169  0.04767160111177923
  0.05217847889251852  0.05680552433766893  0.06152108742326030  0.06620847998066144
  0.07128382113838519  0.07648904994324353  0.08152400948850468  0.08761153363609023
  0.09416280003905357  0.10096355676837203  0.10807830125190826  0.11522539591850901
  0.12230067206179092  0.12941578123413117  0.13668547498332612  0.14444919487935609
  0.15322422573622896  0.16261930638560473  0.17194306873489335  0.18118306104865434
  0.19122338841214184  0.20327698078407552  0.21482016384876645  0.22726913855053385
  0.24046066434543467  0.25478893054587098  0.26834684597763331  0.28225145836022930
  0.29750419393830901  0.31415419192272226  0.33189824711341109  0.35279418399680296
  0.37821791822537704  0.41136675755960411  0.46767771766834509  0.55831630995677628
  0.60014720559393087  0.63014224619526316  0.65246694641969349  0.67035350627900436
  0.68681063111707374  0.70302846158045917  0.71945919426118610  0.73517253735649546
  0.74950916250608157  0.76350365223181982  0.77670473457135591  0.78881851659358337
  0.79953156748853482  0.80940241608625774  0.81901496563171006  0.82805976249176605
  0.83714537103615350  0.84634999526974297  0.85509943503747077  0.86340278405817483
  0.87110744850301536  0.87850213245675435  0.88483423203186828  0.89116365026572963
  0.89700199671278003  0.90270789724922684  0.90839908525748714  0.91390128129717141
  0.91943169157487692  0.92439374824587484  0.92916720439679878  0.93372148493283358
  0.93824944812380473  0.94285717593649132  0.94734417877979282  0.95170678457520652
  0.95611943808439448  0.96012050487627609  0.96422775220067602  0.96829454964645068
  0.97212206976760618  0.97597892632543559  0.97991720343847821  0.98389701170888877
  0.98795598502178794  0.99205475662237930  0.99606903841242600  1.00000000000000000
 -0.00272476818335237  0.01191525152523972  0.02536186613346876  0.03807194831883083
  0.04996911139135001  0.06100659586729792  0.07116460011986606  0.08073460026139719
  0.08988171179724230  0.09881223467716183  0.10829110115186766  0.11842739856390888
  0.12885744842401572  0.14051018959039935  0.15088771140056934  0.16053496613578200
  0.17045868909215689  0.18007740111520254  0.18922068168661629  0.19843903974250365
  0.20730847606770123  0.21562341797593690  0.22408061122088843  0.23362016815447287
  0.24318339463045777  0.25210974759865956  0.26052844524223240  0.26930289745528252
  0.27835250063291728  0.28757772520005392  0.29800988302034109  0.30973557655192963
  0.32159924336548262  0.33336347291368124  0.34571180014710512  0.35819585254821446
  0.37100365583174166  0.38262789535448266  0.39343555310731348  0.40365093478410558
  0.41398042471997282  0.42436882531133807  0.43387995578248734  0.44379579799923263
  0.45381856695225986  0.46422377712399238  0.47488377507673840  0.48524516630039927
  0.49503777484628697  0.50445056911027208  0.51387625562705463  0.52379535200479033
  0.53354343246409919  0.54272326875893739  0.55249953502316174  0.56224277256673960
  0.57216156658626571  0.58241463544227379  0.59341838908354372  0.60486533178169710
  0.61606094217672269  0.62715246352012477  0.63875178225449514  0.65085023285391652
  0.66298954677344812  0.67482688784155376  0.68683201528118287  0.69825798752655788
  0.71041067712230233  0.72160152884758211  0.73175078385082770  0.74067111194315383
  0.74982693914091414  0.75914500411573682  0.76932124267092972  0.77963623945080007
  0.78976961524526557  0.79973715165558923  0.80917870482153820  0.82052647834575254
  0.83273855221038595  0.84365281776410517  0.85483040112350450  0.86507132669763953
  0.87433445225565676  0.88343329621259470  0.89279565581191689  0.90273008449214431
  0.91347237177914231  0.92519121338872889  0.93769944006116901  0.95058635350527898
  0.96299940732607558  0.97572600537105381  0.98756520011850735  1.00000000000000000
  0.08036836207355197  0.33397396155686404  0.38251883210187054  0.41841114175276423
  0.44350556870626662  0.46386290657564638  0.48178921034012928  0.49601513001914460
  0.50506846302387653  0.51178055421502866  0.51684999269245857  0.52103081038019949
  0.52467763175070548  0.52804679522743025  0.53140394416866010  0.53459796617098987
  0.53775531072433602  0.54077781288337079  0.54366211883497151  0.54636656411441165
  0.54893834110027961  0.55146568565497200  0.55396899874938055  0.55645293708907440
  0.55890345658213658  0.56126501750270019  0.56362458174737673  0.56599315943570683
  0.56842208890643420  0.57095254465337719  0.57350147960406483  0.57601881435997460
  0.57846465950663062  0.58088934861196129  0.58339106191903167  0.58575996937521568
  0.58812155677199907  0.59061941958907460  0.59325183329451936  0.59598332564364453
  0.59876524552056620  0.60148629698617551  0.60421307758427079  0.60695332741701691
  0.60972112893580610  0.61246455215558593  0.61518005769004913  0.61786123342144084
  0.62051907407956630  0.62322279583903573  0.62605202624025613  0.62893552152435073
  0.63209780141621896  0.63510254907218100  0.63805453748650132  0.64087722971073258
  0.64361293468675662  0.64635589589228093  0.64918417017649099  0.65216165580327667
  0.65538080869752413  0.65882163672002181  0.66219961363127278  0.66545410883807521
  0.66860010299573092  0.67165768953987615  0.67469267985684445  0.67771939154679672
  0.68089688741538812  0.68415667390810708  0.68748909398866909  0.69118268552525552
  0.69498984294738797  0.69906262714489231  0.70318840005612004  0.70723068725586913
  0.71142752339084558  0.71601146924980563  0.72099295602975633  0.72579784196237562
  0.73071453640379846  0.73595322802651231  0.74144931295939176  0.74740687685843465
  0.75405553003627346  0.76151797437320690  0.76973725650619240  0.77927696013947534
  0.78968414016880328  0.79989201908885432  0.81077015408822095  0.82347424151322757
  0.83983990378445428  0.86203528530102647  0.89541844496369838  1.00000000000000000
 -0.01877077875729696  0.12887412431278902  0.17450250672126733  0.20308571327289485
  0.22345515982600553  0.23935053498193601  0.25400509382548297  0.26725553537170316
  0.27809757811102509  0.28762819208563728  0.29688985563817510  0.30601141305048712
  0.31409633816843935  0.32140788665244507  0.32813143940569389  0.33468128491867982
  0.34089367005178822  0.34713542036909373  0.35336462754494008  0.35988010926225938
  0.36629040911063687  0.37261337452042687  0.37904027558243741  0.38546649420349521
  0.39180015593157741  0.39768333273742529  0.40313495952446143  0.40825543324025321
  0.41323379103361957  0.41794416593733225  0.42258147244668998  0.42725754137392818
  0.43205281812695051  0.43682402093157119  0.44134506133727136  0.44585164942867578
  0.45040715529225145  0.45493857325158893  0.45973379556150129  0.46451973074094877
  0.46942697150542234  0.47388276715189220  0.47794000700767875  0.48199989582375818
  0.48620623920236955  0.49048330893177688  0.49486506479471060  0.49933018654979111
  0.50383240033007304  0.50838704080812636  0.51288415681798616  0.51734330298750208
  0.52149540823718510  0.52556418278549932  0.52961675509165285  0.53395803883045123
  0.53861921526044942  0.54317022509149826  0.54753284750959796  0.55181444027579651
  0.55621427055411610  0.56089593048058894  0.56576337598614213  0.57046387573509949
  0.57509959339004801  0.57986380629868817  0.58448321153838700  0.58912146468793192
  0.59386983900757606  0.59856095647232022  0.60356001790427216  0.60999533999507882
  0.61664166067772141  0.62308778256174036  0.62896226823310764  0.63425355675808615
  0.64027365789399893  0.64635734858882266  0.65278705364975642  0.65967201893490468
  0.66675218172672090  0.67364852324189384  0.68025627836858293  0.68716034385873637
  0.69522946351248649  0.70373113340653282  0.71270164288462401  0.72203856360136420
  0.73228272851665988  0.74378878775803159  0.75685108510938481  0.77350661740987436
  0.79383762745217579  0.82342614869777475  0.87007499750088901  1.00000000000000000
   2.1103338200268684E-008  -1.0000000000000000     
 F F F F F F F F F F F F F F F F F F F F F F F F F F F F F F F F F F F F F F F F F F F F F F F F F F F F F F F F F F F F F F F F F F F F F F F F F F F F F F F F F F F F F F F F F F F F F F F F F F F F F F F F F F F F F F F F F F F F F F F F F F F F F F F F
  <DiscreteSampler_grid>
  grouped_processes
  1 # 1 for a reference and 2 for a running grid.
  10 # Attribute 'min_bin_probing_points' of the grid.
  1 # Attribute 'grid_mode' of the grid. 1=='default',2=='initialization'
  0.0000000000000000 # Attribute 'small_contrib_threshold' of the grid.
  0.5000000000000000 # Attribute 'damping_power' of the grid.
 # binID   n_entries weight   weight_sqr   abs_weight
    10   10   1.827331789610196E+001   9.321643165609773E+002   1.827331789610196E+001
  </DiscreteSampler_grid>
