 -0.00285572856757824  0.01335891555830564  0.02587530370736935  0.03732644271587868
  0.04846933422694125  0.05917496420689686  0.06967777150320359  0.08034286726951352
  0.09082869437126062  0.10158152783609616  0.11228604505636619  0.12315651375047833
  0.13342220841545605  0.14356028548658387  0.15314284998545488  0.16249207730583176
  0.17215129000811893  0.18207747161051635  0.19284339865406530  0.20363150038470484
  0.21415441765924392  0.22387162145422043  0.23386048330179465  0.24376828262329264
  0.25352560474134128  0.26293983654672609  0.27215582445378406  0.28215369553059755
  0.29211587402192957  0.30257283569921417  0.31307547869777469  0.32360927933792388
  0.33426105472046469  0.34485343846719002  0.35542780493230069  0.36600034850752516
  0.37664753525889699  0.38733989147557552  0.39802203023354304  0.40866153826306950
  0.41898350637215920  0.42869160265439138  0.43799910980205609  0.44727181722317449
  0.45653699461488656  0.46585409903684649  0.47519985981018026  0.48481399882473508
  0.49450532820191340  0.50417008160522403  0.51388967586374612  0.52391757828610430
  0.53387306407839286  0.54359879483072493  0.55306797721859879  0.56214153478434392
  0.57117919023838459  0.58030477642317313  0.58987012048699006  0.59995911749283204
  0.61026966229914648  0.62083945579381683  0.63116491780492379  0.64126112320745476
  0.65124638253176415  0.66112048747640828  0.67135348499890501  0.68184078043335727
  0.69219141629058323  0.70247414832089694  0.71282050535448060  0.72338703569727558
  0.73387153221075097  0.74417339647802805  0.75462568262158747  0.76537942821185689
  0.77617354168879515  0.78674442386649834  0.79706399476668000  0.80711147255835269
  0.81686885594918590  0.82653715767663494  0.83680151461260921  0.84794113816175232
  0.85943084986666185  0.87088978625100766  0.88235778113923558  0.89397148208708765
  0.90492305331042722  0.91566954345855511  0.92658925282722460  0.93785025510996967
  0.94937126036100339  0.96267516288659183  0.97954327567914901  1.00000000000000000
 -0.00524437298514835  0.02511825047162732  0.04227619885460496  0.05586458686193763
  0.06806307571550525  0.07938245446083268  0.09059936742825196  0.10203451324911170
  0.11288906129222501  0.12327804767108419  0.13319891742338180  0.14339596266156396
  0.15402514405044609  0.16386987267280714  0.17375935132707129  0.18350378254976937
  0.19313424319792960  0.20297246608059505  0.21321393659789623  0.22409731242239667
  0.23484875227423058  0.24504806612261401  0.25482427165146010  0.26424097429325188
  0.27336803132005705  0.28208536621599289  0.29062862281324098  0.29927872099705444
  0.30800344803899321  0.31679303248767693  0.32568819754125372  0.33505254969938980
  0.34519417263773822  0.35495090521962247  0.36463436786392311  0.37397264474678721
  0.38311173934659404  0.39241018238301706  0.40160783806914430  0.41072330838703941
  0.41961211192767855  0.42826534889238738  0.43744558345219414  0.44713090962509322
  0.45664188375507109  0.46622597187971870  0.47566535833937840  0.48517334452920874
  0.49468930928000110  0.50406824811656203  0.51322612465247464  0.52246818727169952
  0.53232051112876200  0.54226470506343560  0.55190740998199550  0.56118950124162414
  0.57030789145945271  0.57966644761452402  0.58923657868720525  0.59862814546026288
  0.60833805497994864  0.61865374334778023  0.62932846095385808  0.64023587528774706
  0.65133626800489219  0.66278528820230120  0.67330705034389060  0.68318639246186408
  0.69297379195145359  0.70237183702507477  0.71212768021455020  0.72183435713797484
  0.73150185626199837  0.74123773466417953  0.75115669115832207  0.76131892577780147
  0.77153341613152226  0.78154783255596127  0.79188983991211592  0.80265062529071385
  0.81393040044567189  0.82600099370236690  0.83753074322066290  0.84839022346156201
  0.85902353848708946  0.86954194456373735  0.88049972812267674  0.89146171872519209
  0.90310303113944967  0.91435196731852875  0.92584760785942455  0.93773915741599589
  0.95044506656124517  0.96485753050670708  0.98133838117477867  1.00000000000000000
 -0.00006219629463576  0.00117086302759407  0.00171102068767061  0.00211713866500548
  0.00244807424474465  0.00273525012626544  0.00299988397960495  0.00324931193516081
  0.00349246843848563  0.00371750379758986  0.00392575481558718  0.00412815987601305
  0.00432030846561798  0.00451152316436461  0.00470524784955990  0.00489352048745791
  0.00507667412562907  0.00524679877455382  0.00540714288422975  0.00556391912321629
  0.00571524579633589  0.00586792356057219  0.00602322021716994  0.00617762622695907
  0.00633112378818306  0.00647929050575002  0.00662744441026701  0.00677800498848862
  0.00693052179714063  0.00708691404804246  0.00724580690603466  0.00740369272458690
  0.00756265626198116  0.00772528128530561  0.00789016276484235  0.00805541437955747
  0.00822455474948918  0.00839647073630129  0.00856876927957251  0.00874359967056381
  0.00892215498620080  0.00911003716233563  0.00930845057202050  0.00951443059069496
  0.00972233870615597  0.00993422315247611  0.01014958262536109  0.01036686858621789
  0.01059387312532536  0.01083193711076579  0.01107456882078389  0.01132578491238100
  0.01157490311973786  0.01182795826463863  0.01208295345114225  0.01234910522803967
  0.01262167524605735  0.01292933998740477  0.01324917452530746  0.01357277436558494
  0.01391460915525805  0.01425816871153215  0.01459602624921664  0.01497719905417210
  0.01538922893532457  0.01581371937287698  0.01624275314620145  0.01666228072091025
  0.01710440253435887  0.01759543124720515  0.01813078979126946  0.01868484666207631
  0.01924010353106129  0.01983260399617177  0.02048093792821670  0.02119168844109990
  0.02194693182488764  0.02271628656681657  0.02359047632561275  0.02455469990322364
  0.02558577688139768  0.02669335585580886  0.02794450706728767  0.02929110244346381
  0.03071416811471614  0.03244900332660812  0.03449388809289625  0.03688430688159480
  0.03970325810833306  0.04310332520430317  0.04740976384506136  0.05341423377945188
  0.06156003561067257  0.07449685406843932  0.48775234087927255  1.00000000000000000
 -0.00270852022367794  0.01010725384147505  0.02086681864102670  0.03146422559488671
  0.04221717064380417  0.05328509994037519  0.06402084595307531  0.07450290890687074
  0.08512066577552668  0.09628799749474014  0.10715630577479454  0.11791133300935297
  0.12831140877200561  0.13841590709446061  0.14791042731879911  0.15713384190773616
  0.16617927833100965  0.17523354282067166  0.18456373222995040  0.19458372986003394
  0.20481592555314340  0.21481145225595197  0.22473562288011933  0.23485829513627460
  0.24543824598129216  0.25567588608811831  0.26530888496521038  0.27482405845274788
  0.28446826637845701  0.29431216435169699  0.30451511710850765  0.31483123354345466
  0.32644402244138143  0.33855894419237748  0.35073242721923675  0.36211885070176042
  0.37301276356728746  0.38350890581258718  0.39408928933824011  0.40491213289704958
  0.41564452876266633  0.42647291636754736  0.43770823259990066  0.44942646022463001
  0.46111113357382133  0.47246934616307135  0.48345747602125894  0.49446498062368999
  0.50554038374003230  0.51683758481322373  0.52822112690850143  0.53945876657714065
  0.55047194409263245  0.56093123469223738  0.57100694245153516  0.58103738945833250
  0.59139027715645998  0.60190567181177390  0.61256978272386753  0.62312150515373599
  0.63356011323276573  0.64385683723988685  0.65444109487521640  0.66445634838101675
  0.67460807835439174  0.68458153644315833  0.69522557181126743  0.70540767200909482
  0.71579408903950414  0.72639086522883012  0.73744927472622079  0.74828384494382427
  0.75854910624435345  0.76870766765787790  0.77922841946787269  0.79034708163391254
  0.80142867366797343  0.81226187292623442  0.82327312623040994  0.83430746174010939
  0.84519207418435627  0.85633726051773029  0.86764492364686951  0.87880726871190296
  0.88947424371945805  0.89994102626985428  0.91049193525130345  0.92130952910560371
  0.93176821384529240  0.94145970939957235  0.95094470524573382  0.96090978325079979
  0.97121453115246115  0.98133963292951853  0.99068705214552844  1.00000000000000000
 -0.00220044424050979  0.00943597380706374  0.01953105005995746  0.02990013809346035
  0.04028794865265133  0.05102157198373069  0.06195566425830869  0.07256343507148702
  0.08321980691070788  0.09375779120370885  0.10449909513843447  0.11458500537798837
  0.12467245410464711  0.13488480049309715  0.14489318624890160  0.15562743935564938
  0.16662580956935397  0.17883619301124556  0.19038957819384059  0.20175003111353990
  0.21301279921562125  0.22439482897557042  0.23524900803657880  0.24575932937945291
  0.25621988715802974  0.26648043633970114  0.27645261349760342  0.28619629896968468
  0.29621450285638284  0.30636830057480929  0.31683551951672223  0.32764825411234832
  0.33863231362396512  0.34967190785966146  0.36082029904228496  0.37216155540879153
  0.38338972385040609  0.39428277193791456  0.40467305088326866  0.41490835715781110
  0.42474914772279054  0.43434778062879820  0.44389844033899628  0.45337359118298293
  0.46302397868345346  0.47277360572585264  0.48242671182244462  0.49208955772777629
  0.50205626376121804  0.51210362990185498  0.52200217796214254  0.53177179372929140
  0.54158128687117102  0.55180526840969979  0.56214457893432634  0.57233483524964457
  0.58248268296458616  0.59276757044877626  0.60273965171131472  0.61279197030426347
  0.62287463317786462  0.63350282730258012  0.64446180213809046  0.65543682940190251
  0.66614841890009180  0.67612586118500795  0.68583724453409245  0.69613865947111875
  0.70666327810920948  0.71741295403869643  0.72859702227601608  0.74015149616880194
  0.75119565883182515  0.76169539230945738  0.77261773496108055  0.78428457539800700
  0.79511272570491343  0.80541905284747695  0.81611773674693355  0.82704080031198102
  0.83788190736686763  0.84805604297420212  0.85857832332676487  0.86906143031634808
  0.87981157209375715  0.89053149763422534  0.90132310933882287  0.91233213664539470
  0.92340347947857204  0.93517542393572839  0.94658642099328527  0.95817149641975974
  0.96942681254919727  0.98001257005302045  0.99003393501659176  1.00000000000000000
 -0.00280705065159280  0.00990472428375680  0.02136865098008666  0.03310140780373003
  0.04525792724835397  0.05732938452495022  0.06919901380541753  0.08053014687363703
  0.09173922100275700  0.10288535567768931  0.11396294724777559  0.12508261323409889
  0.13628730930138400  0.14724042835749013  0.15762907410620997  0.16810288088956513
  0.17893330650835798  0.18977063127546995  0.20046476360347057  0.21097544534198701
  0.22123366771491465  0.23104870976505518  0.24068908015837392  0.25086880916466509
  0.26147638200238077  0.27185550963268318  0.28232040102276235  0.29272160320848456
  0.30356387830848997  0.31415679757482373  0.32460086622632550  0.33538145331078290
  0.34615309858348059  0.35657772680163219  0.36656848011390958  0.37676479136182739
  0.38728116129931922  0.39797769316475246  0.40869124550246649  0.41946202270067212
  0.43037798289237778  0.44140169945158308  0.45195586945437005  0.46234802994231972
  0.47282562365173508  0.48324345224502274  0.49319988965415029  0.50298833395684350
  0.51315991044798026  0.52383304905506800  0.53475103144780312  0.54554905565986478
  0.55651793316966292  0.56712933561186518  0.57758494685752870  0.58756526066211767
  0.59738253335050484  0.60712227811665309  0.61702269000490795  0.62716055134487925
  0.63776561202195381  0.64816127488911468  0.65818179493249140  0.66823887049463859
  0.67812378743439872  0.68774687456951455  0.69696239609960908  0.70647989659920407
  0.71644029423976863  0.72675402245900322  0.73681424648818772  0.74685568523591161
  0.75721479274914372  0.76749371904624253  0.77755047192009119  0.78758927233228171
  0.79791936927082374  0.80876368162806922  0.81944860105361306  0.82998343420051057
  0.84021165768583339  0.85059648439378532  0.86131575794969828  0.87189757321522621
  0.88227704128634543  0.89266117256454014  0.90360709104532622  0.91472829567301173
  0.92549005519974847  0.93587779422465844  0.94619522287660451  0.95669632000960281
  0.96779727718218544  0.97872481585336646  0.98963297189248878  1.00000000000000000
 -0.00220447758861631  0.00972458210740190  0.01978020083666007  0.03045878747026268
  0.04131531483851520  0.05218707544032088  0.06311665498114008  0.07391367622473598
  0.08434755402000339  0.09423759361509901  0.10442928716928224  0.11533823943961827
  0.12576792547649102  0.13621611241856879  0.14658956638796122  0.15816041670213574
  0.16951832340270345  0.18044959638779484  0.19149192186766373  0.20190137585793680
  0.21207098944546396  0.22232983275463211  0.23283426384126513  0.24355006937312537
  0.25356298786379583  0.26299723567852573  0.27312840637302727  0.28379255252319724
  0.29446786508902384  0.30517468504350692  0.31576131894856629  0.32670048824400627
  0.33705265290170022  0.34682207338979776  0.35655431208559507  0.36573887891837581
  0.37494471579291794  0.38464658421059300  0.39516870982021263  0.40635432002750954
  0.41757154326232798  0.42845635193506398  0.43951047883971572  0.45093196730648172
  0.46215208758067866  0.47276721661565130  0.48311992648650687  0.49346835389476068
  0.50389768917378552  0.51471294173218596  0.52561826409619861  0.53684168710502789
  0.54806941544490739  0.55907973384866372  0.56965857612064696  0.58026343770381350
  0.59077530568590431  0.60136866456987015  0.61159559508598205  0.62170048642222897
  0.63167554859365582  0.64194636412952422  0.65327775043960268  0.66580804576112540
  0.67740501758835581  0.68911541025363576  0.69979537047828055  0.71114616006968412
  0.72191444325425058  0.73244126212705829  0.74260364719833716  0.75304755239774690
  0.76384796114481301  0.77416316924951989  0.78435082928583799  0.79402920367610097
  0.80420527935507924  0.81428796890627608  0.82447363404674956  0.83458197460453520
  0.84474183885267540  0.85526549568581678  0.86613782057714961  0.87714267552033975
  0.88803691869115431  0.89880619228292313  0.90980929584665093  0.91990598138866608
  0.92919211920912981  0.93861867685023326  0.94873421349625275  0.95842414922508812
  0.96792305502126519  0.97706794021510879  0.98814744945903532  1.00000000000000000
 -0.00207585826990653  0.00993835285723709  0.02053903839431168  0.03181237478261550
  0.04289483097291920  0.05337456564421811  0.06355664110967545  0.07333454752256034
  0.08306973210720615  0.09268625425293073  0.10266699176955205  0.11289885206394680
  0.12342926697357726  0.13365828868875376  0.14450474512134076  0.15461861476059885
  0.16455674444008656  0.17439164310282321  0.18470507161646474  0.19515436896899124
  0.20591381696131017  0.21721813995471964  0.22884566529629968  0.23990446328869772
  0.25041915173682328  0.26069835772626637  0.27108980912602088  0.28164164444788720
  0.29209802078643554  0.30256249728374229  0.31280466784021188  0.32340076512437738
  0.33406658229628966  0.34455830408566873  0.35548375461512560  0.36574233406244849
  0.37610749909146529  0.38646331274636281  0.39672076411517143  0.40684144877808082
  0.41676054891429704  0.42700598196888268  0.43755366531732803  0.44832382921579472
  0.45880802386855013  0.46888968779001683  0.47889121347986441  0.48900973546709725
  0.49925986320096571  0.50945782880554924  0.51987406361288091  0.53066179933008661
  0.54193975696815244  0.55369822018113424  0.56523647774732211  0.57629136027673100
  0.58712126916942509  0.59812324969281794  0.60887485017659870  0.61933160480247518
  0.62994466996684251  0.64089615245963549  0.65168200767645934  0.66213780763500607
  0.67204096987186013  0.68148798053566217  0.69095009000190744  0.70064616746645381
  0.71089731048291860  0.72145556399611377  0.73207164950614978  0.74285044849115089
  0.75386936772991209  0.76477681114509655  0.77596692117675814  0.78633692972454960
  0.79621668093406783  0.80604500968382375  0.81628786102042716  0.82715162356806837
  0.83811056487258462  0.84922689848319610  0.86021426906076293  0.87111841803718859
  0.88239107877095879  0.89370065898315709  0.90401419480522027  0.91414527712321270
  0.92469720574485859  0.93530124668696013  0.94591349818042403  0.95641496003232618
  0.96771454006993674  0.97916494862083292  0.98975438728342513  1.00000000000000000
 -0.01384631235884038  0.13415320951239440  0.18898726062344515  0.21651052482194796
  0.23031486702352044  0.24003204611407894  0.24862601526345979  0.25602642543986559
  0.26273578760367422  0.26914194254721918  0.27488344692741851  0.28022908319516127
  0.28539560026640348  0.29035593838870871  0.29516953710047827  0.29994553555768383
  0.30462607439143374  0.30915212675492193  0.31351001861157290  0.31768080527759507
  0.32181480830315712  0.32608594962350412  0.33023979864835773  0.33442027870208457
  0.33854779813807317  0.34273586483077417  0.34693443165037252  0.35110665842463185
  0.35534925207789375  0.35979789995021982  0.36449843384360187  0.36926968193247567
  0.37388792214187777  0.37830387503705987  0.38255927926818278  0.38687159180041553
  0.39126079033644662  0.39575927257286375  0.40028362235490295  0.40475883508446348
  0.40928670833250430  0.41372612124783975  0.41822195985052768  0.42280309250808484
  0.42732747419874445  0.43188585595841911  0.43652383364440256  0.44120231417551437
  0.44591368968756917  0.45072499879160294  0.45561843796706647  0.46058486343651733
  0.46548754528553721  0.47032479899778479  0.47506986970201731  0.47984136517275994
  0.48468742861090719  0.48959546131567461  0.49461577878349050  0.49974877243785459
  0.50490502554311856  0.51006528143758978  0.51522023273628215  0.52045293802755221
  0.52603766670820740  0.53187761549924706  0.53774193242752877  0.54366141911994248
  0.54961329284930782  0.55582632586779845  0.56219224757205588  0.56866627090123967
  0.57515178928591926  0.58168128321550616  0.58839411000573205  0.59531687006601353
  0.60231446130458266  0.60982152349592467  0.61746311860931113  0.62531339210986225
  0.63416366871411922  0.64316060830684174  0.65252533799468992  0.66248976724644804
  0.67311915075723783  0.68463205935365257  0.69666597244186690  0.70930295589889036
  0.72211339292332222  0.73567068019652926  0.75057318899698933  0.76800800952273285
  0.79075274681915986  0.81970101536717266  0.86278772940408432  1.00000000000000000
 -0.02106920848968914  0.13172071408456518  0.17396720738599680  0.20061056132304986
  0.22077722977443401  0.23712928913480816  0.25153720450945483  0.26444529429331509
  0.27598964963672085  0.28653693342262171  0.29613507281110696  0.30517625478095978
  0.31379798743032478  0.32198220119371551  0.32976508612650557  0.33712245691312409
  0.34396772539199261  0.35056767932168270  0.35686440048704959  0.36271461166043956
  0.36875948488686855  0.37451016440868284  0.37989238946632320  0.38515024465646724
  0.39037252148275792  0.39544914856873109  0.40034890967811954  0.40518228939843015
  0.41006140961675253  0.41495614840923173  0.41978650345322149  0.42466832046808378
  0.42978024018769628  0.43493604793510499  0.43989818793550833  0.44456053109797250
  0.44894150232916097  0.45326347006313228  0.45766911911172375  0.46215810124187245
  0.46663157523098120  0.47109278419370915  0.47559599543498998  0.48007151352407723
  0.48469591964156594  0.48944657741591380  0.49416846672676684  0.49899012822095401
  0.50359791118469377  0.50807060851273556  0.51251535014076621  0.51692981685739414
  0.52125451822262503  0.52550444045089983  0.52978030963961942  0.53402607402399904
  0.53826899426071328  0.54253336448083411  0.54696118549006889  0.55138912216099623
  0.55594626739677666  0.56066705327320154  0.56554582543331733  0.57054083455897797
  0.57548382838577872  0.58026874137274220  0.58499888954499302  0.58977426396096333
  0.59468070684505014  0.59963597983657868  0.60462461001564693  0.60969010070078489
  0.61487548648928647  0.62007331811392119  0.62535431327541513  0.63080934535309685
  0.63652718345473058  0.64256471728893383  0.64904426256483605  0.65593097037052484
  0.66308455745921002  0.67061816979678124  0.67841596833377560  0.68633639718238537
  0.69448951089179023  0.70300277471634498  0.71229059033665454  0.72250194307139493
  0.73376697842550787  0.74622660483588643  0.76039765311680796  0.77650272091930028
  0.79607034378692909  0.82193416056679103  0.86397642591399859  1.00000000000000000
   8.6387760397227485E-009  -1.0000000000000000     
 F F F F F F F F F F F F F F F F F F F F F F F F F F F F F F F F F F F F F F F F F F F F F F F F F F F F F F F F F F F F F F F F F F F F F F F F F F F F F F F F F F F F F F F F F F F F F F F F F F F F F F F F F F F F F F F F F F F F F F F F F F F F F F F F
  <DiscreteSampler_grid>
  grouped_processes
  1 # 1 for a reference and 2 for a running grid.
  10 # Attribute 'min_bin_probing_points' of the grid.
  1 # Attribute 'grid_mode' of the grid. 1=='default',2=='initialization'
  0.0000000000000000 # Attribute 'small_contrib_threshold' of the grid.
  0.5000000000000000 # Attribute 'damping_power' of the grid.
 # binID   n_entries weight   weight_sqr   abs_weight
    13   10   1.264466518036050E+001   4.687801936999229E+002   1.264466518036050E+001
    22   10   1.271447050666947E+001   4.713398107195288E+002   1.271447050666947E+001
  </DiscreteSampler_grid>
