  0.00000033916506526  0.00000176682067046  0.00000398422957807  0.00000834420590896
  0.00001710443884665  0.00003440382565025  0.00006550795054507  0.00012037991037155
  0.00021469587888579  0.00034197789164451  0.00048246993316055  0.00064496083115009
  0.00080077251449417  0.00096272309601758  0.00111790013163663  0.00125654776053824
  0.00138465810756676  0.00150333005978240  0.00160949419104876  0.00170505247693332
  0.00178764449831629  0.00186266602836330  0.00193829765150349  0.00201667634558273
  0.00209871867455149  0.00218478353242815  0.00226000673541131  0.00232928882220208
  0.00240491381841330  0.00248176956514175  0.00255317161326072  0.00262623598611142
  0.00270362532405366  0.00277818495517006  0.00285208244475561  0.00293233228669507
  0.00301324813412591  0.00309022984224724  0.00316403244704510  0.00323575052253722
  0.00330285359052714  0.00336709352976579  0.00343516576988866  0.00350511705489002
  0.00357276089593358  0.00363998688502179  0.00370870698032829  0.00377706162957399
  0.00383843216150543  0.00389366400028886  0.00394882688577695  0.00400296110555258
  0.00405840930707421  0.00412403892170766  0.00419173277155420  0.00425258032755686
  0.00431143950604178  0.00437127931564076  0.00443427338994812  0.00449939460418674
  0.00456941730777850  0.00463849565204899  0.00470550177099749  0.00477757609636615
  0.00485004567973534  0.00492951232475667  0.00501065857527721  0.00508820175081271
  0.00515913731704434  0.00522095594692853  0.00527638167009385  0.00532978452222936
  0.00538404374789846  0.00543386078702140  0.00550083899391615  0.00558089560984252
  0.00566083763013757  0.00574064012579183  0.00582437033982106  0.00591345839693524
  0.00600436668606503  0.00610090863908965  0.00621110896069256  0.00632945734481806
  0.00647417070586455  0.00665949273589986  0.00687275280694448  0.00710910764975622
  0.00737620787821711  0.00770090959563877  0.00814637904446673  0.00886204391753314
  0.01005513717468554  0.02511530077183083  0.58626248887427812  1.00000000000000000
 -0.00000814806679702  0.00004953847819583  0.00010088832456286  0.00014645678911952
  0.00018731395222024  0.00022320584507847  0.00025387921349426  0.00028160558037083
  0.00031014542227198  0.00033914007704161  0.00036950411687966  0.00040016098290648
  0.00042956739777720  0.00045710440990716  0.00048530849939432  0.00051539220821298
  0.00054579199117093  0.00057657332269901  0.00060794467174067  0.00063972203573024
  0.00067377446480964  0.00070967750508086  0.00074690673947585  0.00078524842472717
  0.00082308189818192  0.00085959721085295  0.00089545516862425  0.00093222399336461
  0.00097203646146582  0.00101437031985734  0.00105752534767296  0.00110050556627359
  0.00114466027363683  0.00119071004708433  0.00123781838824266  0.00128745206170686
  0.00133934482112594  0.00139330133329678  0.00144564055489100  0.00149961947019112
  0.00155902679362491  0.00162542176245724  0.00169659172422170  0.00176580103363636
  0.00183059949209700  0.00189719877484564  0.00196703818008385  0.00204204371657551
  0.00212774261140360  0.00221889449337934  0.00230432477273639  0.00238879692685093
  0.00247926582436210  0.00257277049555296  0.00267183150082906  0.00277643848741909
  0.00289067344832116  0.00301543092523371  0.00314667377872219  0.00327825864145723
  0.00341661422208845  0.00356995572850192  0.00373544368845787  0.00389583203146606
  0.00405170107494058  0.00421215344530374  0.00439192383742593  0.00459210945062421
  0.00480413083664488  0.00504375911443567  0.00529563792488927  0.00557480452283667
  0.00588109584375517  0.00621392825104285  0.00659095737981948  0.00701911170059961
  0.00747133007753043  0.00793877399851147  0.00842165892555037  0.00892767321049081
  0.00941828770361426  0.00989184336209866  0.01048910144048942  0.01119505073128324
  0.01201341700307751  0.01296403794809300  0.01404373471238453  0.01522696299910065
  0.01718804244021709  0.01916058030177821  0.02161268009666299  0.02423667500235947
  0.02755062710024657  0.03368454518884148  0.04389803728519667  1.00000000000000000
 -0.00273672066308097  0.01028857192689872  0.02126393538267368  0.03287748778319435
  0.04365465358823618  0.05435278422505228  0.06522589661841999  0.07686345085550553
  0.08876370501837468  0.10028957875802295  0.11129394962661003  0.12209235591601549
  0.13319197609923161  0.14486319686473545  0.15683365938220245  0.16849886846355822
  0.17954619807891650  0.18935091487594324  0.19849505388193314  0.20807589988707478
  0.21830831259370978  0.22715179246220044  0.23678978349376226  0.24595552517161967
  0.25541861965962004  0.26546062163707118  0.27555117750738695  0.28614675296612296
  0.29679713532759328  0.30755942297804473  0.31933660073050724  0.33040554346867779
  0.34110319210489548  0.35142358911705934  0.36151265372846869  0.37180952506857867
  0.38191549473319686  0.39238102001122582  0.40261677333248047  0.41295855594200781
  0.42257965048075569  0.43219732411587458  0.44158227056422233  0.45188737560815895
  0.46211650056664738  0.47214957890619974  0.48217213829606653  0.49349297708479717
  0.50495590895994591  0.51548473803641626  0.52521429185762114  0.53430773742079551
  0.54385416713565715  0.55357171734297506  0.56304281213817309  0.57202776233063657
  0.58178825723144956  0.59247524934774209  0.60364668661641241  0.61467657717797930
  0.62519696352899778  0.63514381039109102  0.64483107828763575  0.65517318430285831
  0.66660824038108601  0.67886471832863904  0.69034813368221015  0.70106933763483015
  0.71106390196303471  0.72097202328976495  0.73127130468657153  0.74225407076454686
  0.75335448809591277  0.76397658790745204  0.77430991242775282  0.78471929587072886
  0.79548364070474431  0.80666602600435477  0.81781078357255654  0.82911434823038221
  0.84013817581029060  0.85128251248600584  0.86182535069963673  0.87242238056887134
  0.88263296208120789  0.89282757699010717  0.90295180582559564  0.91372055979115596
  0.92505015261556556  0.93657026323225923  0.94773433494654669  0.95851046287247765
  0.96858757103350368  0.97883600638210622  0.98862509257630060  1.00000000000000000
 -0.00005425106013749  0.00020027040519158  0.00067201664729123  0.00098583399412654
  0.00122074240122188  0.00141657348613392  0.00159721647863574  0.00176808793235631
  0.00192800135848872  0.00208018148048719  0.00222855683143162  0.00237698165486621
  0.00252219204721355  0.00266411342538425  0.00280596022508290  0.00294983116662604
  0.00309907497266920  0.00325469372573135  0.00341356592346889  0.00357058297065377
  0.00372764416692987  0.00388581995282326  0.00404443798258458  0.00420347763565888
  0.00436947811483550  0.00455138730416564  0.00474858909139964  0.00495822674311981
  0.00518176399484047  0.00542037029619901  0.00568038484371504  0.00595207807110403
  0.00622159210699568  0.00647808908709738  0.00672485153551693  0.00697414971844815
  0.00722344977919012  0.00747850808358149  0.00773570561800961  0.00797729646619464
  0.00821414345536378  0.00846751433427832  0.00869249941133595  0.00892080373769339
  0.00915655312897608  0.00938728188957128  0.00963329579613053  0.00991540638550127
  0.01022366236066226  0.01052495545293660  0.01085704350697232  0.01118921734771124
  0.01151535856574531  0.01183387149081873  0.01216313341415808  0.01252268041052177
  0.01285887372845678  0.01315014853966091  0.01345561951549504  0.01377813525973816
  0.01408093699697541  0.01444424987876603  0.01483415532918569  0.01523981808917959
  0.01568724328622650  0.01612290719595140  0.01650862628737705  0.01687714041274053
  0.01721909351482493  0.01752522199253653  0.01787787090363040  0.01825087282089839
  0.01861272033245792  0.01895120648914612  0.01934362169559964  0.01978027340511204
  0.02024194945681298  0.02086260337554585  0.02156265975081274  0.02235398848571588
  0.02305484607323861  0.02372157520407363  0.02447954167771443  0.02530163476977260
  0.02630264969363509  0.02750358378969927  0.02904805119346758  0.03092469183995458
  0.03368485657829370  0.03614561101329556  0.03826127857085868  0.03985071792655349
  0.04336862510837077  0.04692576721350532  0.07571078525114952  1.00000000000000000
 -0.00174688095072990  0.00668807797572457  0.01465439420676789  0.02287555175164754
  0.03128598375499437  0.03980916052995296  0.04804041700492508  0.05599062256722763
  0.06382730553560223  0.07193217133721760  0.07984543627177963  0.08753848891964817
  0.09515601397516657  0.10306765137276418  0.11101166431557022  0.11895343324813860
  0.12674417578012526  0.13468975050002566  0.14279749557677487  0.15114896660823504
  0.15948523892088068  0.16786220317147091  0.17645196939050964  0.18534778159633594
  0.19461442799008061  0.20411677030181080  0.21369006922660327  0.22304865317293002
  0.23216670310924947  0.24152583434875516  0.25159123636628666  0.26258582375128958
  0.27449740525865751  0.28663832601788219  0.29837702563559332  0.31118605387327131
  0.32431010545243333  0.33785342489640524  0.35190427968973131  0.36631218827803014
  0.38042894081815837  0.39491076412099374  0.40946019328904298  0.42360329193482171
  0.43794946486255570  0.45462718146175451  0.47200336596110648  0.48778878996052766
  0.50041947385218621  0.51344078080428424  0.52948162399795518  0.54659075076479735
  0.56279428511072394  0.57889498957006824  0.59525996289075422  0.61235231939563972
  0.63037157925780063  0.64670428613572506  0.66032694724811480  0.67298501960195167
  0.68619871572282432  0.69991239609406541  0.71349184600692905  0.72662013446909757
  0.73863353899298301  0.74932625501641026  0.75940531378417719  0.76925549699645956
  0.77870474760893560  0.78770233391545774  0.79658056015353773  0.80558829621815209
  0.81488423783584629  0.82417440998044866  0.83314647814418863  0.84167585734080752
  0.84990445771678302  0.85758213324026400  0.86507201289128988  0.87282465853163782
  0.88048280395900280  0.88840768470062292  0.89688257825947670  0.90449467676516404
  0.91277146627634831  0.92083167430627455  0.92890600678806434  0.93725830261558984
  0.94512097258852523  0.95319227701090747  0.96124591571021356  0.96928555351480616
  0.97694461449123193  0.98473089467275288  0.99215366710377062  1.00000000000000000
  0.09044748928885496  0.44438243837493885  0.60370773100552277  0.70893644473757167
  0.77645123051541387  0.82003461178881354  0.85185856945753957  0.87596459324956122
  0.89470207965589343  0.90950284000972070  0.92108968507987377  0.93058537793775520
  0.93854848740160868  0.94506247979272517  0.95077835826137835  0.95586233475585203
  0.95998076089315243  0.96335851422554020  0.96638746553569677  0.96911005245849280
  0.97151447644468281  0.97366987964523577  0.97568047870994057  0.97757615456763092
  0.97932050582471242  0.98087494318968826  0.98229028617415948  0.98358013721260351
  0.98476344150395867  0.98586434239721998  0.98688791494622652  0.98783367050522963
  0.98870759617423254  0.98951805182948660  0.99027313658668770  0.99096600383184819
  0.99161399977049758  0.99221441184979053  0.99276580975657691  0.99327983585518587
  0.99375459496698881  0.99420462440203283  0.99463189268193009  0.99502691686526967
  0.99539005722770080  0.99572932939327419  0.99604825676009701  0.99635122638270968
  0.99663829829378048  0.99691336341055869  0.99717220308775056  0.99741185478203565
  0.99763352275605754  0.99783954964463295  0.99803561542366248  0.99822459991938184
  0.99840485301085968  0.99857658197092181  0.99873830650756890  0.99888326697264718
  0.99900699559424144  0.99910862544660739  0.99918335098813105  0.99923241738190016
  0.99926765292053221  0.99929781481222879  0.99932419230116643  0.99934830027823163
  0.99936909315670452  0.99938827493333382  0.99940623971157572  0.99942329443637135
  0.99943981669208481  0.99945561699840491  0.99947174830941332  0.99948749076827526
  0.99950323811914099  0.99951896637175153  0.99953462950407479  0.99955044040882912
  0.99956636553328737  0.99958183946126200  0.99959682089754631  0.99961157360950836
  0.99962716779885241  0.99964417173531006  0.99966188378703991  0.99968015365012874
  0.99969824209043856  0.99971881820397768  0.99974157935430874  0.99976643818335831
  0.99979486949225771  0.99983122238710809  0.99989098029158308  1.00000000000000000
 -0.01351632732280771  0.06494032427200493  0.09536045433598486  0.10964173479194282
  0.11842088492465858  0.12501732120533279  0.13079893682638222  0.13614561069409689
  0.14154303866258924  0.14595282053128109  0.15053631435617720  0.15576008807642555
  0.15923183828137305  0.16241832852126853  0.16641504557955369  0.17077122307902115
  0.17449524194123309  0.17790889903168669  0.18156491544021455  0.18534000203022566
  0.18909122754355598  0.19285283784015184  0.19687322850847228  0.20081576371482807
  0.20443041828174646  0.20769549438419982  0.21088960121261111  0.21426969486007452
  0.21754248672067009  0.22110957976656592  0.22503518363254907  0.22899249430833254
  0.23292750234422441  0.23690691789883095  0.24082791090401576  0.24467437686944865
  0.24833574443008091  0.25200870744996656  0.25586117889967175  0.25993965796577123
  0.26418101074318029  0.26876459921383627  0.27349330580965403  0.27793976665457432
  0.28257076635918416  0.28737637170386321  0.29239546392132854  0.29750523846020688
  0.30304680503513842  0.30915576212901108  0.31561584887722105  0.32236423456213364
  0.32918580427318261  0.33643939408132739  0.34383601074492226  0.35121467912384530
  0.35876733876869271  0.36632693740603911  0.37380195706811192  0.38100882547812714
  0.38828969142212971  0.39560682529176894  0.40302109248263118  0.41052933465287883
  0.41797636509113462  0.42557453751707824  0.43343638677162200  0.44155778388888078
  0.45000196371029477  0.45818501153491092  0.46672680462826921  0.47494449784542014
  0.48339492279267676  0.49211093123911254  0.50093714966476532  0.51017779705348232
  0.51984975281049217  0.52979583062552604  0.53998752253968918  0.55035195546712135
  0.56090794289398260  0.57175634142826248  0.58255014707060127  0.59393071625192895
  0.60604990976755779  0.61879702382723367  0.63236451989197795  0.64642994971929735
  0.66102937567243347  0.67612676483135459  0.69275109817786107  0.71265372355293544
  0.73642580350796516  0.76642498540475823  0.81268053808322038  1.00000000000000000
   1.8914652825189928E-009  -1.0000000000000000     
 F F F F F F F F F F F F F F F F F F F F F F F F F F F F F F F F F F F F F F F F F F F F F F F F F F F F F F F F F F F F F F F F
  <DiscreteSampler_grid>
  grouped_processes
  1 # 1 for a reference and 2 for a running grid.
  10 # Attribute 'min_bin_probing_points' of the grid.
  1 # Attribute 'grid_mode' of the grid. 1=='default',2=='initialization'
  0.0000000000000000 # Attribute 'small_contrib_threshold' of the grid.
  0.5000000000000000 # Attribute 'damping_power' of the grid.
 # binID   n_entries weight   weight_sqr   abs_weight
    19   10   1.192738432680482E-001   3.229462445782463E-002   1.192738432680482E-001
    20   10   1.192738432680482E-001   3.229462445782465E-002   1.192738432680482E-001
    40   10   1.227347113844755E-001   3.411159740794716E-002   1.227347113844755E-001
    41   10   1.227347113844755E-001   3.411159740794716E-002   1.227347113844755E-001
  </DiscreteSampler_grid>
