 -0.00008181099577986  0.00014706591053258  0.00055459949776402  0.00128620379369477
  0.00318553581580707  0.00750893081897017  0.01532325277826030  0.02630071048815737
  0.03793934633901302  0.04903767154192561  0.05963315438945491  0.06998811567663439
  0.08025514261035820  0.09045769625434870  0.10062018615444783  0.11093009141259637
  0.12126667130359071  0.13155218070259478  0.14185258610544910  0.15227479751138925
  0.16282751223296846  0.17333030356473308  0.18383265782400776  0.19437808079327823
  0.20486342413819233  0.21520224846392910  0.22551651465500969  0.23604167221397440
  0.24680315082535817  0.25758023793079404  0.26831088861622815  0.27902085236290480
  0.28972158578609741  0.30038879411109526  0.31106850693982396  0.32195059833053574
  0.33302452424047541  0.34404271257646385  0.35494227739879941  0.36585940974967679
  0.37684204822591816  0.38780108502850075  0.39864679832152827  0.40943060719198099
  0.42014836503815850  0.43086745196191700  0.44168863176952694  0.45256163652647224
  0.46343788728612018  0.47436435247286962  0.48541018327385144  0.49654328563744177
  0.50760718309482822  0.51852621723280190  0.52948020003027230  0.54053753430158513
  0.55159281744780941  0.56260345216315977  0.57360356746669217  0.58459754219549520
  0.59557585914327349  0.60658999843705885  0.61773350057486565  0.62892174232050446
  0.64006580531682733  0.65116628949436917  0.66220939826605607  0.67320978425854561
  0.68423367337376606  0.69530183729562189  0.70636549819455507  0.71741704249479255
  0.72846585561525368  0.73951627265225361  0.75047339192271767  0.76139214030766977
  0.77232383721633913  0.78337861703596956  0.79445966886059505  0.80557966842872608
  0.81685198715053453  0.82830703602778455  0.83982482383791468  0.85132301125926868
  0.86287418924304293  0.87445479913716695  0.88608603067891467  0.89779951379911715
  0.90957485261653581  0.92139128081566313  0.93331209990584596  0.94551660241404434
  0.95810087764636220  0.97117026046734245  0.98531927817791298  1.00000000000000000
 -0.00000080597851996  0.00000833771892107  0.00001836731490716  0.00003245915199868
  0.00004923549414367  0.00006871677926106  0.00009270437907483  0.00012395674156510
  0.00016266940153572  0.00020252262413174  0.00024666399921150  0.00029490831647742
  0.00034986106987569  0.00041029595766911  0.00047163171883453  0.00053674960687833
  0.00060389054830494  0.00067524008969399  0.00074761611095095  0.00083402350260579
  0.00092850552804796  0.00103053821427105  0.00113377291345528  0.00124067479739487
  0.00134669378133364  0.00145463890858289  0.00156456910023631  0.00168528615984413
  0.00182066306844583  0.00196555563330491  0.00211765979547899  0.00227934230484758
  0.00244825426306065  0.00262255425265230  0.00280471925508049  0.00299530152240808
  0.00318956026284772  0.00338133441441326  0.00358009463290817  0.00379202113769448
  0.00402393048452518  0.00426938411570818  0.00452301685084981  0.00478277881267271
  0.00505430184585021  0.00533788491337120  0.00562448905545035  0.00590935589196880
  0.00619665928506333  0.00649182968347202  0.00680868482045139  0.00714128481770476
  0.00748574863767929  0.00783483558647676  0.00819592428274407  0.00856744032790510
  0.00895050220115633  0.00935723419252345  0.00979955114689860  0.01026660468522476
  0.01072901164842056  0.01119188620220217  0.01167990667727912  0.01218953150795836
  0.01271160300907383  0.01327488623037246  0.01388089940698050  0.01450954540428726
  0.01516891531736464  0.01586255348898430  0.01659026794701443  0.01735975956901395
  0.01817106076901269  0.01903501856716702  0.01992955311492744  0.02088487820946466
  0.02189921455372707  0.02297658952041883  0.02411815090799631  0.02532222907441282
  0.02661588134877969  0.02803630455600573  0.02961113665778133  0.03135840538855647
  0.03326318161290525  0.03526933333568957  0.03742955999463717  0.03987422666333184
  0.04275700866070716  0.04621296883648344  0.05049262451209708  0.05585879125251431
  0.06303984437985433  0.07459945750402924  0.20956621634180550  1.00000000000000000
 -0.00099681539696185  0.00403783195927651  0.00919856602975264  0.01453455234687122
  0.02008161463642818  0.02565586898726657  0.03118095243517049  0.03661562637121842
  0.04205804395566591  0.04752455507397762  0.05320532267348325  0.05891088706972831
  0.06470959878836620  0.07066609648919567  0.07626864013335891  0.08158318638244029
  0.08697095609097452  0.09240834383271897  0.09827287652318370  0.10430816272166835
  0.11042502150759806  0.11662908501478926  0.12258059150913385  0.12867587475533657
  0.13472640602526553  0.14098751745241256  0.14763181097015746  0.15432747016123982
  0.16112520125507721  0.16775877502096515  0.17448126443918771  0.18094363716473910
  0.18757671957719624  0.19437785042529304  0.20131831108123138  0.20832274427905340
  0.21522424270204807  0.22224507061144330  0.22948996542778619  0.23679444409801387
  0.24424705143995329  0.25168735955024735  0.25920803145021687  0.26684564913708564
  0.27465350139259342  0.28268343903633442  0.29071345993804582  0.29849530788111511
  0.30603451594067355  0.31357212045480404  0.32132979435334796  0.32946055541553748
  0.33794217385396830  0.34681938426888659  0.35560021057504498  0.36380879944001776
  0.37191667675627615  0.38026273977072600  0.38929460633524871  0.39902414253058383
  0.40861235248437877  0.41838333976964787  0.42842036161786740  0.43860701868721330
  0.44867650615470095  0.45881405317532303  0.46908150217158134  0.47941620376146316
  0.48955129786096824  0.50023269320101516  0.51221554801761726  0.52425362294177413
  0.53668692121982409  0.54997726028771599  0.56346449392436260  0.57628093251254298
  0.58890835027274213  0.60237455774009951  0.61760166182844789  0.63404658722032436
  0.65117842904484780  0.66907657643133545  0.68438818944399460  0.70059260576770910
  0.71803237198753844  0.73553788365022754  0.75591096995862306  0.77798330304471797
  0.80359711352940755  0.82920258444358685  0.85152233690919266  0.87892258373953080
  0.92158078496346851  0.95885311503474835  0.97818194260124769  1.00000000000000000
 -0.00215752699678796  0.00855928925785092  0.01837133947455989  0.02962561275834881
  0.04037637031701402  0.05100993248197225  0.06118567463973458  0.07213154841410087
  0.08288939870309187  0.09393232279806718  0.10480441370256609  0.11488895473376425
  0.12455575329696301  0.13421293527746017  0.14424957948417513  0.15435128519080271
  0.16470254066169976  0.17538140493234602  0.18566866781891506  0.19566204737051790
  0.20595550428923803  0.21665980901593862  0.22708027869962893  0.23686988306881021
  0.24695922223342653  0.25770171188899771  0.26914935664216227  0.28029425732510144
  0.29192412758406161  0.30323965661801894  0.31512650887657068  0.32696836181645977
  0.33909275167840530  0.35086495570032639  0.36222707739602322  0.37305552146584675
  0.38399385646945655  0.39503379233787050  0.40623419917894399  0.41751075319762077
  0.42901785669244208  0.44045919388375859  0.45115768262228551  0.46146258605149926
  0.47194277390093720  0.48298738797734597  0.49442258042023424  0.50619999386361469
  0.51673823416670928  0.52593617558622185  0.53459358177103367  0.54313760833601032
  0.55274099714722147  0.56310584310224088  0.57379598781480479  0.58450834070958180
  0.59528890167394344  0.60613103959070436  0.61675733971578450  0.62702813785746536
  0.63731051703280295  0.64744980964608623  0.65728395233491077  0.66714675579623206
  0.67762650201420704  0.68913382277492097  0.70100438002150445  0.71214467525781100
  0.72301136314858039  0.73406011968528018  0.74329708363957980  0.75266625688431188
  0.76240024298691522  0.77312847966518494  0.78393209817599929  0.79414330961130231
  0.80425043683526731  0.81466789549103991  0.82565032361340240  0.83706566141497341
  0.84770084266211243  0.85691450543896941  0.86565758755672317  0.87461775923928498
  0.88504403441147328  0.89559037580913625  0.90564718183185355  0.91607010667157640
  0.92613265504147602  0.93654980002397514  0.94666931196943960  0.95762359438686218
  0.96847119382692470  0.97910593164130710  0.98937015532738415  1.00000000000000000
 -0.00235260445832179  0.00911981971016359  0.01973324376560524  0.02985283502949782
  0.04061923748902790  0.05119278132264030  0.06111101161727184  0.07100641362402008
  0.08084430760931112  0.09165932383233373  0.10285945754762166  0.11424964764626022
  0.12560939372859131  0.13639834810468257  0.14651833778074719  0.15639217752341003
  0.16677186224348067  0.17840984347858210  0.18857039825429625  0.19809147462239110
  0.20747817379447994  0.21734976192544939  0.22781567875099334  0.23856644059743684
  0.24864659035839926  0.25904855442224167  0.26989799477916232  0.28063500336326103
  0.29065886181520223  0.30034356038432386  0.30918099995543408  0.31885621962196470
  0.32857028880096550  0.33911769110098033  0.34950543781831694  0.36003450765079609
  0.36996160916198279  0.37889681911700118  0.38818795013441854  0.39714417832460958
  0.40658264478303441  0.41725171861112975  0.42815963054087242  0.43864282010180106
  0.44899363296286698  0.45917825047331073  0.46910170414699348  0.47846721925318358
  0.48761647131086733  0.49709758985735036  0.50749826036162071  0.51840287611029823
  0.52929477227236921  0.54025449049565666  0.55104030927210446  0.56137119063609497
  0.57127904861084466  0.58100468979568853  0.59140449537583606  0.60281838350955386
  0.61481120336183515  0.62688119883390558  0.63878034204792311  0.65066316380612954
  0.66233908549951914  0.67301040528618905  0.68293563818101355  0.69305025608081094
  0.70349420492511860  0.71407332312970140  0.72477738783001444  0.73599619629927948
  0.74760617147790842  0.75911443872560658  0.77046707285193472  0.78163973142397292
  0.79247289857204928  0.80283069330062262  0.81320457466975482  0.82426500306174733
  0.83580177973961978  0.84677203062818085  0.85761319090598620  0.86773983563108348
  0.87843008068361850  0.88939540496413816  0.90053523892810028  0.91123029268710420
  0.92179376096309673  0.93257358957058734  0.94361108948022365  0.95476340412428806
  0.96590340853691325  0.97723577208153833  0.98853426042736947  1.00000000000000000
  0.00000629238973200  0.00000904390143584  0.00001453044611271  0.00002387026176700
  0.00003280334616529  0.00004767006455967  0.00006848740693854  0.00009261001363639
  0.00012366229380250  0.00016045926203318  0.00020171113277354  0.00025088602467886
  0.00030556090374285  0.00036784566259232  0.00043969737903279  0.00051902169591333
  0.00061322827497085  0.00072129924702977  0.00084257941457174  0.00100347190663787
  0.00122209854307102  0.00148371728882742  0.00180824025666223  0.00219556755252595
  0.00266148531387282  0.00318444922940231  0.00393003303585301  0.00552975574196458
  0.03108161760801714  0.12560000960094353  0.19418802422293804  0.24658912530421179
  0.29269480798350145  0.32712413454972389  0.35362723107402649  0.37523959415501096
  0.39483583278353707  0.41261243568920264  0.42887731275663865  0.44394533667776881
  0.45798237426734351  0.47113560529361009  0.48333722219393360  0.49472034820696642
  0.50547322538185546  0.51608095011324950  0.52631116619026574  0.53627182103083282
  0.54595903191670625  0.55531490581799348  0.56420420689507689  0.57265841794689476
  0.58098257819071930  0.58930967109177756  0.59754095039857535  0.60562076853320534
  0.61354934335742384  0.62124865669827789  0.62911161606510846  0.63690660594760184
  0.64438109496438478  0.65187690637838203  0.65927053936443891  0.66690316796428983
  0.67457511211279220  0.68219856836484949  0.68973743830139211  0.69724449789799925
  0.70470659477831121  0.71204342434328738  0.71928769689522243  0.72653494277577868
  0.73377706526440256  0.74103383035209092  0.74828226030737532  0.75554292041119453
  0.76284885303833405  0.77021238970857253  0.77760723421774236  0.78503850812048492
  0.79261283753397282  0.80035944266703662  0.80826632085733219  0.81627681536873675
  0.82433245873198502  0.83259108425587192  0.84115037302074092  0.85003670111394902
  0.85929544867327512  0.86911388807789403  0.87955166672410701  0.89084169962977888
  0.90346295508263419  0.91852821863107970  0.94127546966499565  1.00000000000000000
 -0.01795497738350530  0.07800210494391116  0.10411306718642294  0.12027185942818848
  0.13286287704113642  0.14322343811052321  0.15178269059769747  0.15923041072627198
  0.16602103624380934  0.17220587828990297  0.17800929055466819  0.18370011170788314
  0.18928755678461692  0.19465130563589933  0.19981005111429759  0.20459080135214627
  0.20906656151852954  0.21342132241562267  0.21784664280701821  0.22219508796787679
  0.22643805091771646  0.23051812049139372  0.23456685773936581  0.23861291021432082
  0.24270506537389619  0.24671761818786153  0.25073490216117461  0.25476672448198956
  0.25886312331556771  0.26303317713060553  0.26715388425813136  0.27126757509910082
  0.27532421439769494  0.27931519996813264  0.28326381079081941  0.28719565044646689
  0.29126218806471588  0.29546017656185430  0.29968055157755835  0.30395316330698319
  0.30818471683448412  0.31253876475611231  0.31703626465147200  0.32170035072631664
  0.32624747584424740  0.33083842177936912  0.33546187674752193  0.34000552521076122
  0.34438477147717628  0.34879854841701291  0.35331384855152970  0.35790580224856372
  0.36261054182237795  0.36753209628718658  0.37238355019163893  0.37755375670673480
  0.38280444162648380  0.38808766043248760  0.39366745291171945  0.39942826522935204
  0.40514753715737262  0.41089077387969353  0.41673104308476244  0.42286942740169181
  0.42922720515349838  0.43572516147397988  0.44227482088163028  0.44881530750351090
  0.45540118477680569  0.46210213554462137  0.46909500826985878  0.47619063584344995
  0.48319232946180651  0.49015893289530638  0.49735164609167509  0.50538196578648942
  0.51383188700179250  0.52266421235851168  0.53196720822637555  0.54120083074093450
  0.55063249950241677  0.56025258477110063  0.56989980912759164  0.57953443796902815
  0.58927119352996638  0.60023419360898023  0.61222379475152067  0.62452342109282766
  0.63757516871687403  0.65022375814270927  0.66454630158493899  0.68109269102880321
  0.70249482829079113  0.73164807664687026  0.77868471088165470  1.00000000000000000
   1.3824411249209898E-009  -1.0000000000000000     
 F F F F F F F F F F F F F F F F F F F F F F F F F F F F F F F F F F F F F F F F F F F F F F F F F F F F F F F F F F F F F F F F
  <DiscreteSampler_grid>
  grouped_processes
  1 # 1 for a reference and 2 for a running grid.
  10 # Attribute 'min_bin_probing_points' of the grid.
  1 # Attribute 'grid_mode' of the grid. 1=='default',2=='initialization'
  0.0000000000000000 # Attribute 'small_contrib_threshold' of the grid.
  0.5000000000000000 # Attribute 'damping_power' of the grid.
 # binID   n_entries weight   weight_sqr   abs_weight
    19   10   2.772745044177487E+003   4.376543155461687E+007   2.772745044177487E+003
    20   10   2.772745044177487E+003   4.376543155461690E+007   2.772745044177487E+003
    40   10   2.739421205524875E+003   4.209073864179074E+007   2.739421205524875E+003
    41   10   2.739421205524876E+003   4.209073864179076E+007   2.739421205524876E+003
  </DiscreteSampler_grid>
