  0.00505389801385731  0.01114532996034651  0.02007288519947427  0.02891414885792464
  0.03793363294190261  0.04709636534692353  0.05692606355505014  0.06683059858244707
  0.07750972219519815  0.08812857046301242  0.09879284167973425  0.10908599654658217
  0.11910543488925436  0.12930930390308101  0.13946386478714848  0.15004915907230229
  0.16068509092454933  0.17131642174144923  0.18183012366144310  0.19217445144436257
  0.20253100210008418  0.21322026634726440  0.22402560762353160  0.23484347504379996
  0.24557455753790672  0.25611027076108234  0.26656188378584267  0.27694899739265250
  0.28737387653315266  0.29777215166581833  0.30811377129026940  0.31836300561233721
  0.32869799534163335  0.33916820667817416  0.34980979333642570  0.36041773674567240
  0.37098280951791174  0.38172051886299802  0.39260220477917424  0.40346129489494348
  0.41418395148583059  0.42473274339702621  0.43515969698871976  0.44550725307303463
  0.45578156767392103  0.46599468034036251  0.47614291340873938  0.48633513206919537
  0.49661314288799541  0.50701634250311112  0.51758370638117912  0.52819886748541067
  0.53867692257851552  0.54912365132057195  0.55977571791655056  0.57057713998696036
  0.58142426735055242  0.59228470640597963  0.60298969619263665  0.61345523748586805
  0.62382927874857008  0.63420365729551853  0.64442456160453909  0.65443864163983489
  0.66459741410369977  0.67484097165638424  0.68494257812505366  0.69491418426114648
  0.70503933102666894  0.71536996914654638  0.72588065097017351  0.73656191167062568
  0.74717688577101538  0.75760325747081281  0.76792520543784193  0.77832578113312456
  0.78876969790041673  0.79907054642815523  0.80927222136177557  0.81947118541605324
  0.82972994525480925  0.84003177147155206  0.85044579920654439  0.86100147844704122
  0.87179831294510379  0.88246922134621075  0.89309919669632609  0.90360749257469619
  0.91443495520461682  0.92560758465143500  0.93713123373239859  0.94848198978566356
  0.96021539699740655  0.97149991187139328  0.98225405200513638  1.00000000000000000
  0.00201059240875488  0.02406384659283714  0.04127702114477591  0.05464911519927129
  0.06656896231080567  0.07779752727136324  0.08875665507664136  0.09965175681060318
  0.11043422581448968  0.12077705799011620  0.13106212565824688  0.14134823903108221
  0.15201340639212976  0.16271093253723759  0.17347571133963141  0.18413791695265183
  0.19458842256072800  0.20484529200831658  0.21482294912007999  0.22494501880940149
  0.23494725556808332  0.24489134844977373  0.25465007680304513  0.26431574525728435
  0.27401115388465930  0.28386660451948548  0.29357084187357313  0.30335669896210327
  0.31300185504384281  0.32290200593063922  0.33279534057927407  0.34299945979467583
  0.35325068372729773  0.36342783409582813  0.37359501499547026  0.38389968174895484
  0.39435909824494780  0.40471254012094376  0.41515084999154728  0.42593788599579180
  0.43677666514926383  0.44731470771211179  0.45755927576927918  0.46773527592003811
  0.47780230019801478  0.48752158421380293  0.49716604211272142  0.50702701591146759
  0.51696159356204285  0.52685536920540699  0.53676720193374050  0.54690987448269190
  0.55707958734174889  0.56699095264248101  0.57673016919200182  0.58648529397774962
  0.59648172616181716  0.60658457556634815  0.61649859158615417  0.62613639604672655
  0.63560408844705707  0.64515797877423242  0.65483820625298617  0.66452202201394406
  0.67422168610990263  0.68398123218931361  0.69389754690915073  0.70403094607537509
  0.71427256841249132  0.72458011727429372  0.73484523694811810  0.74486067834849001
  0.75467918446181215  0.76450645184052290  0.77455045041558401  0.78486148111844012
  0.79510334772286539  0.80509516532279790  0.81501460000468606  0.82529643386070595
  0.83569856515530649  0.84569886787618054  0.85588789288126177  0.86593132195983491
  0.87609758532132453  0.88595164390307757  0.89592651478977514  0.90608909869285137
  0.91645200801229654  0.92704914952304052  0.93781390334955550  0.94880682584226783
  0.96001025762701786  0.97075630384398892  0.98167488171470607  1.00000000000000000
 -0.00012566220482201  0.00175977141739889  0.00233669696958022  0.00271039818177548
  0.00300892710731352  0.00327711004915795  0.00353380940329596  0.00376744287105595
  0.00398380197400327  0.00418542743768074  0.00437672266440801  0.00455995961499666
  0.00473758361857265  0.00491009714925195  0.00507856978064901  0.00524109987860445
  0.00539726678967779  0.00554774081112888  0.00569161841584692  0.00583153097095248
  0.00596776890563138  0.00610058068924288  0.00623100782258923  0.00636081687053697
  0.00649093391342420  0.00662183329231578  0.00675395374721383  0.00688739137110928
  0.00702187591275370  0.00715660662178883  0.00729002044504156  0.00742247356698469
  0.00755713890287636  0.00769777607836358  0.00784336719727959  0.00799130531428374
  0.00814436112917651  0.00830025636539209  0.00845957062532828  0.00862115046173854
  0.00878466729078109  0.00895064278346281  0.00912043327605627  0.00929588706263292
  0.00947695368147726  0.00966189289051081  0.00985185802659764  0.01004845749257216
  0.01025108825223315  0.01045948889870918  0.01068034950152947  0.01091629262429317
  0.01115711474860396  0.01140773512515882  0.01166607960153454  0.01193093082794742
  0.01220475320647250  0.01249106482057620  0.01278513138146928  0.01309039916903571
  0.01341000832480176  0.01374565891910674  0.01409190834607412  0.01444952864708765
  0.01481601364350920  0.01522280969688057  0.01564419936036646  0.01609025727243978
  0.01653979231689939  0.01703241797694925  0.01755703125392829  0.01811333203267611
  0.01869529235954103  0.01928606363806608  0.01994650116835948  0.02067135184299507
  0.02148463716865943  0.02233851196799377  0.02321779707932497  0.02418051641056998
  0.02527476997680904  0.02651489004433056  0.02788147054542686  0.02935415728992615
  0.03092405122050605  0.03272012330450314  0.03491284125160821  0.03751061664285066
  0.04045112391423537  0.04389399698288127  0.04805744632924693  0.05344501889563648
  0.06077839154723694  0.07248002381957060  0.09525784629985309  1.00000000000000000
 -0.00212990464437515  0.00863281907672728  0.01800256306172910  0.02849402920411598
  0.03875663035745675  0.04898008184294834  0.05965717454176785  0.07052155150836008
  0.08141399781091703  0.09235393450886271  0.10292044734664980  0.11319706893164840
  0.12321150271497604  0.13344869758444594  0.14397316721316541  0.15470818165436820
  0.16515502203160273  0.17615180259288662  0.18749333704481208  0.19857103678211657
  0.20966139748200707  0.22015519462615929  0.23050728701668846  0.24065871210345677
  0.25087835075732751  0.26143599438124715  0.27193488901826851  0.28232761346923751
  0.29242813517406147  0.30257667292788987  0.31291632427908644  0.32360960836178804
  0.33459086525303794  0.34637647881569461  0.35759096820564756  0.36818499666477744
  0.37836187935700499  0.38849817018228278  0.39863474764357731  0.40875946401653768
  0.41940285664919169  0.43057848201123794  0.44180581984498557  0.45277689655996867
  0.46372379615878984  0.47474553569362521  0.48576418466425836  0.49640581066326833
  0.50686369338293413  0.51737156236699977  0.52797791475760147  0.53857256601619996
  0.54918399348501890  0.55979642061238311  0.57034905127464730  0.58090248677345935
  0.59145509220588910  0.60208627842249995  0.61271688046229744  0.62333808844877370
  0.63395572020746571  0.64470614642323276  0.65545864528723652  0.66620575789701708
  0.67695650601301305  0.68769766664879628  0.69838265520149478  0.70891646806216158
  0.71925083905042253  0.72948982408609508  0.73965171632154758  0.75004220115340259
  0.76068560395151807  0.77157346137858751  0.78240972097253725  0.79313673384789085
  0.80359699550329533  0.81408966365821855  0.82488261766505355  0.83567803642014604
  0.84639638504623849  0.85693446238720883  0.86719270836153250  0.87733689066145870
  0.88729208771359380  0.89727720375083886  0.90720761811587125  0.91711291562431574
  0.92732984509926553  0.93778877914705305  0.94825057302802218  0.95892092111332927
  0.96925493869959967  0.97976504034206191  0.98987881840159375  1.00000000000000000
 -0.00232626781694575  0.00942454801216754  0.01953592980703723  0.03008460944791324
  0.04070129200831275  0.05094085217697344  0.06124518333128200  0.07155297799042067
  0.08193188966749156  0.09197770002520828  0.10203064859751107  0.11245459707400191
  0.12319760067865204  0.13407450600859455  0.14478410496647426  0.15601655754471339
  0.16681456581006335  0.17792444672868712  0.18878166917199163  0.19986642591071674
  0.21102242511307231  0.22155266839803853  0.23204910848222202  0.24298097270560259
  0.25381052270836812  0.26463960600979292  0.27530527885733957  0.28629807285738579
  0.29712607287339332  0.30765168469814941  0.31860949604828664  0.32994828317645170
  0.34055006494224105  0.35107514671510615  0.36144540873920450  0.37191952688108798
  0.38185307954135245  0.39177817403258153  0.40210045250205850  0.41270616148159273
  0.42354639811568462  0.43413292598363701  0.44505653788778954  0.45583571618409441
  0.46686697655318610  0.47804687257553785  0.48941948320105949  0.50056474159317388
  0.51124787420888185  0.52178676003394053  0.53232313246023333  0.54301693846804278
  0.55369232972064197  0.56439008226612652  0.57502108909425331  0.58571483071060626
  0.59651109753526954  0.60733916607689364  0.61806793853133879  0.62862921442384456
  0.63897839827889502  0.64930695898425295  0.65969637364346467  0.67040799389543149
  0.68124524995423974  0.69202305942560483  0.70264625044264084  0.71315668503108531
  0.72356979575302038  0.73388915079117967  0.74419033637105481  0.75460569079899464
  0.76507558363870465  0.77554311206939741  0.78605650226863855  0.79670387617557148
  0.80734598875634844  0.81767165299535882  0.82766385071827653  0.83753900800855019
  0.84739066026778509  0.85715272399921361  0.86696362251035364  0.87689169494098129
  0.88690457501150732  0.89678032636634442  0.90666380277854475  0.91662855300901369
  0.92716719796862723  0.93762363926844494  0.94822812722647432  0.95872537269242952
  0.96936023960300188  0.97991475389151084  0.99002537324772377  1.00000000000000000
 -0.00235309518859036  0.00926068018091184  0.01949342916764703  0.02974997678649851
  0.04014232247406863  0.05046217399516701  0.06071846314214263  0.07076527001992217
  0.08072468023470102  0.09090831674873617  0.10129767917400563  0.11134077653431200
  0.12139140994072858  0.13148801182682548  0.14182655259289786  0.15202569040437508
  0.16216810082890601  0.17228114518952387  0.18265384469773618  0.19296838007733780
  0.20343221923558150  0.21383804700744818  0.22447888407427555  0.23512610270439491
  0.24562571966187580  0.25562287031730013  0.26559424122287500  0.27577255140928414
  0.28612857266292668  0.29650986932592427  0.30727712587590461  0.31840461832819950
  0.32977764309064739  0.34098747048342259  0.35222253062591369  0.36328424592522579
  0.37405144802824453  0.38484465191340694  0.39556367025548927  0.40599368776934225
  0.41639570097960604  0.42689941191031294  0.43768222791944250  0.44833962113677689
  0.45899163694538248  0.46996339319289654  0.48083004147720154  0.49165688940037161
  0.50215923805390017  0.51253092097875330  0.52288270598231845  0.53310981034199412
  0.54342538053813572  0.55367791937552935  0.56400377418075986  0.57460173821120453
  0.58573823548048065  0.59664450670905966  0.60749647310880239  0.61832477032381195
  0.62901468912592207  0.63962459638216962  0.65020886138369316  0.66117992930589875
  0.67192583603236677  0.68258393366153347  0.69341632492635452  0.70463716334518334
  0.71565339285018748  0.72657132765714394  0.73766239410629741  0.74878987602338543
  0.75958137172278517  0.77022705517841339  0.78043115335252677  0.79055246100432108
  0.80047335712882151  0.81040451866270680  0.82058939829336941  0.83078529132481960
  0.84131548867440709  0.85181140429100177  0.86253993207645818  0.87316908268187332
  0.88374888247060079  0.89446718742990527  0.90551765787385741  0.91663841523723766
  0.92713174129076414  0.93786897914855560  0.94854774266673125  0.95930793697322336
  0.96936314880076868  0.97951876542093474  0.98981265744736169  1.00000000000000000
 -0.00248132740319774  0.00984215393059407  0.02048366229790501  0.03074720053513475
  0.04123786833099417  0.05140701486663279  0.06161540911382643  0.07234367059425351
  0.08276906992802251  0.09372964940299093  0.10447361474985709  0.11497150806405522
  0.12571733850686106  0.13586172833001833  0.14625668484194024  0.15651042206616650
  0.16636412497822031  0.17678384255999210  0.18712761507129291  0.19803256257980623
  0.20878934272918653  0.21927974277803447  0.22979678955531391  0.23966766039132370
  0.25001208742202957  0.25976812624788925  0.27001190434527567  0.28014305490915370
  0.29021743376266768  0.30023413870162974  0.31037980956225009  0.32071951158482770
  0.33102355929496713  0.34107836455998175  0.35126849500323609  0.36174488306576719
  0.37249056624057097  0.38321040317768629  0.39399351708474589  0.40487134636155137
  0.41589936063728811  0.42675186985748387  0.43748331075725944  0.44852033801969310
  0.45970494611660168  0.47082421622400644  0.48192187745358261  0.49315484569372026
  0.50417855981184700  0.51525150930522168  0.52580971819946076  0.53648690568858959
  0.54704485445918793  0.55737907158084210  0.56761591948649637  0.57767407880372668
  0.58790249484036872  0.59786929202564054  0.60779074649370368  0.61792109551769092
  0.62822752483619893  0.63878354754937439  0.64947257170845152  0.66013159880565364
  0.67078289405691316  0.68110329649337154  0.69197088519254202  0.70306456242783966
  0.71430111787542272  0.72519530679347721  0.73573029520469879  0.74635081747466914
  0.75707445341546820  0.76798321488772603  0.77905484129284852  0.79007467752317084
  0.80112251660171974  0.81186490685792367  0.82285243617184534  0.83323333366858077
  0.84370153225419187  0.85384013952537352  0.86416877983697493  0.87442820997869519
  0.88508700517789096  0.89549312395214198  0.90577766752378119  0.91626905290618021
  0.92678901894158983  0.93728960615097601  0.94769198216902473  0.95836713973602095
  0.96906953187597888  0.97963387086964704  0.99007337133754125  1.00000000000000000
 -0.00238475612255715  0.00906517531859703  0.01901504083849201  0.02918797158108039
  0.03935072800228739  0.04921665467431044  0.05925832647861015  0.07000295032357436
  0.08069875368024386  0.09137340006993483  0.10211113100266259  0.11299904896123410
  0.12392105780141977  0.13441644344240811  0.14489530438091464  0.15536792279583289
  0.16568817371365702  0.17591739659682809  0.18572955171958749  0.19617124859204857
  0.20659769434709929  0.21762684538263435  0.22868047767484317  0.24012095118701629
  0.25110043379517510  0.26157501960765489  0.27230008471453132  0.28319103550518321
  0.29421483615249927  0.30500896622002743  0.31580341561538433  0.32647016249027555
  0.33721993912734677  0.34800515538246507  0.35875121771575014  0.36926006439949738
  0.37955084573583420  0.38985464222699096  0.39997556069836615  0.41009879339910066
  0.42001839269754221  0.43000279398446850  0.44034252312358502  0.45078670478669186
  0.46133168882304937  0.47161137479957749  0.48197023779959086  0.49215826323510375
  0.50246917046599260  0.51279128128463725  0.52278380666260726  0.53255707325330692
  0.54216344320516485  0.55251356246563399  0.56299384326017698  0.57386387345652468
  0.58449826340768585  0.59484751766868849  0.60568544372509359  0.61621862372645175
  0.62678958387607564  0.63704734499855920  0.64730833171263247  0.65821691689099104
  0.66902915851014799  0.68028077177693114  0.69106660112921325  0.70286960284329381
  0.71439216792449900  0.72629812419683049  0.73794536243455600  0.74947362085825764
  0.76050634032035014  0.77157218755888823  0.78265990826859222  0.79335779709757803
  0.80389071324617256  0.81421139839294199  0.82457323322091958  0.83494388954072263
  0.84515166715476353  0.85517531578559980  0.86532820120573806  0.87546320273900535
  0.88559412224825451  0.89562551548312885  0.90610650581887564  0.91682396456464066
  0.92702982870449357  0.93715338489160360  0.94728918100241732  0.95772443461789436
  0.96785327478031391  0.97816056221740910  0.98897877732160222  1.00000000000000000
  0.23965578894254935  0.39394406646841862  0.45051538907496208  0.48414418685351124
  0.50317885150461672  0.51515127299586516  0.52377299075503236  0.53027689299694936
  0.53563892531230828  0.54014770375362331  0.54409054833632708  0.54765913644268793
  0.55103516842843991  0.55428741419381400  0.55745179424133795  0.56057315735403890
  0.56360636418670784  0.56650441156754539  0.56930100466309741  0.57203645988676599
  0.57468977652704212  0.57732760582997755  0.57991889340581304  0.58247485708763347
  0.58501241100834800  0.58753217414596592  0.59006851599258769  0.59260522020007456
  0.59516830463567227  0.59774536678221879  0.60032845008519686  0.60291125088716535
  0.60547300641676705  0.60800398861241045  0.61051305331644856  0.61300324834377640
  0.61547676578812061  0.61794961914843471  0.62044298806737719  0.62295577913141609
  0.62549513302270998  0.62799921640703193  0.63053628252979144  0.63313019124959657
  0.63574995237484389  0.63838204220450989  0.64102320470596463  0.64366036877487864
  0.64629511097921100  0.64894725225070538  0.65162088941498630  0.65432388313069345
  0.65709684773367605  0.65994123990424558  0.66279879445776113  0.66566117597446883
  0.66858241390276685  0.67155210180934399  0.67454395187430150  0.67757455172225611
  0.68065313733915778  0.68377430910184767  0.68683750509306041  0.69013268620111290
  0.69346996064126398  0.69685365958528234  0.70033005600245479  0.70386722750366870
  0.70751334534478227  0.71127552895228707  0.71509227462032132  0.71896616051553852
  0.72294056587881428  0.72706611328710768  0.73138841554390777  0.73583740016060073
  0.74035927398941614  0.74497422926622270  0.74974716339748093  0.75471283040932136
  0.75979170625224335  0.76497399336016836  0.77043055945299432  0.77623229648132908
  0.78232076286568886  0.78872512022659380  0.79562076830318851  0.80304080180772641
  0.81098442648094970  0.82001340295523761  0.82974021800998088  0.84100341413908986
  0.85469171333912253  0.87312214794702159  0.90268450414804946  1.00000000000000000
 -0.02977876111889113  0.15005601216850808  0.19614069088125258  0.22270833518198935
  0.24174389285460537  0.25717504162739468  0.27057243084462690  0.28230790724977162
  0.29257138075826511  0.30173726195966744  0.31021360834423106  0.31816679636777384
  0.32563005731721123  0.33274885868258969  0.33954861637370509  0.34609239296110866
  0.35247079491757149  0.35865946752698752  0.36468758007523366  0.37058849489384471
  0.37619839137831212  0.38150648433285317  0.38665429712238297  0.39166124016831344
  0.39656638690982016  0.40133597782712388  0.40603895955389280  0.41072748096343026
  0.41531751781519838  0.41978276560926281  0.42424198824456205  0.42866648785297345
  0.43307641608751796  0.43747377369474910  0.44185913984386704  0.44621333059902413
  0.45052263894206790  0.45480598875646844  0.45907842216129630  0.46337421465946055
  0.46767257457084171  0.47185520718894985  0.47601150289644883  0.48018109861153996
  0.48433373801310570  0.48847831011198950  0.49263072932054669  0.49677563903340505
  0.50091223002458551  0.50503494741763466  0.50914271201633021  0.51328415607891065
  0.51740751988318634  0.52153194794957691  0.52581063423435426  0.53012677218678772
  0.53440449474412599  0.53872189496705647  0.54302010917979293  0.54731393258954719
  0.55167680415814146  0.55610546561250496  0.56055851472746410  0.56503812066116432
  0.56958333531013017  0.57422530104212088  0.57894319395005278  0.58367347816820747
  0.58835884562036533  0.59298614538080652  0.59760647968091640  0.60231033582841320
  0.60718376518139416  0.61229172970923051  0.61757621072544289  0.62295395955828448
  0.62863982742537861  0.63448242840592761  0.64043016731447000  0.64660061028446625
  0.65318018002711342  0.66001318759547778  0.66705254428842564  0.67438051052974790
  0.68216785207193842  0.69072312238747635  0.69990607251236514  0.70950853242858170
  0.71979781743271554  0.73132398054399650  0.74432765560599790  0.75914490062621476
  0.77783718871094709  0.80346318930397720  0.84881581298783848  1.00000000000000000
   3.3534807509046156E-009  -1.0000000000000000     
 F F F F F F F F F F F F F F F F F F F F F F F F F F F F F F F F F F F F F F F F F F F F F F F F F F F F F F F F F F F F F F F F F F F F F F F F F F F F F F F F F F F F F F F F F F F F F F F F F F F F F F F F F F F F F F F F F F F F F F F F F F F F F F F F
  <DiscreteSampler_grid>
  grouped_processes
  1 # 1 for a reference and 2 for a running grid.
  10 # Attribute 'min_bin_probing_points' of the grid.
  1 # Attribute 'grid_mode' of the grid. 1=='default',2=='initialization'
  0.0000000000000000 # Attribute 'small_contrib_threshold' of the grid.
  0.5000000000000000 # Attribute 'damping_power' of the grid.
 # binID   n_entries weight   weight_sqr   abs_weight
    10   10   2.038481224312599E+001   1.899314135375886E+003   2.038481224312599E+001
    16   10   2.038481224312599E+001   1.899314135375888E+003   2.038481224312599E+001
  </DiscreteSampler_grid>
