 -0.00012894860452455  0.00038781785445889  0.00135883806866997  0.00370147748832289
  0.00989029213197998  0.02053379682310013  0.03144804739073948  0.04193827339799194
  0.05235294291396693  0.06275464187524263  0.07302303131608634  0.08323221369625226
  0.09343506336043880  0.10361490805949185  0.11376525720522448  0.12390921689542096
  0.13410586892125503  0.14436461077506879  0.15462645654015178  0.16493188420814059
  0.17532573593483780  0.18576449602651984  0.19613345938816909  0.20645150131636197
  0.21676555914046783  0.22708109453693293  0.23742566590327796  0.24789922937626546
  0.25844715447326766  0.26892912255499890  0.27925475154389812  0.28946987949163505
  0.29969105745453184  0.30996956660217784  0.32038270896744098  0.33095378007831555
  0.34166675139590363  0.35238116418461313  0.36313117249269689  0.37394609451971939
  0.38478560917434240  0.39560389872135604  0.40642315094723069  0.41725500250227299
  0.42810084710951130  0.43886778035744006  0.44954361660086750  0.46007023635562633
  0.47051173020889675  0.48101411731508203  0.49162251719181749  0.50231193653183182
  0.51298928929438614  0.52361730908291526  0.53426676995464173  0.54497504871663716
  0.55568344652000856  0.56645102301089922  0.57726262619117852  0.58810638301395890
  0.59882991013504661  0.60942660968936024  0.61997988496291756  0.63051342087215811
  0.64120166833045877  0.65200487765096049  0.66283934587005267  0.67360687467607383
  0.68457774578326602  0.69565097299969902  0.70662535303903473  0.71753587228005944
  0.72850107644175499  0.73951223829794721  0.75062393017278284  0.76179271765939616
  0.77289318514807159  0.78378932288909597  0.79467704286558649  0.80561201647768910
  0.81670168281353450  0.82767164090541867  0.83880950069522930  0.85010617527335541
  0.86149903326005528  0.87283859815266718  0.88417733974261092  0.89575098714607515
  0.90753302139848779  0.91936464368396442  0.93122110045519624  0.94344960474583750
  0.95598490759580756  0.96898830681289194  0.98377759529199638  1.00000000000000000
 -0.00000038739379337  0.00000734478158163  0.00001720528858403  0.00002963819266416
  0.00004237800320330  0.00005723987559385  0.00007769330897726  0.00010071560888001
  0.00012542736221842  0.00015352852802157  0.00018728834456195  0.00023018367302323
  0.00027959904128259  0.00033423469981359  0.00039251642687731  0.00045377700921254
  0.00052042972934164  0.00059480638882492  0.00067540736772673  0.00076004062200733
  0.00084688068975825  0.00093665555382211  0.00103399505357733  0.00114007674714401
  0.00125369869340873  0.00137235952695196  0.00149191932671099  0.00161358685716284
  0.00174232589201707  0.00188215505263709  0.00203302902831541  0.00219006583065447
  0.00235350929350825  0.00252480719110367  0.00270299962849814  0.00288904859524912
  0.00308713887432839  0.00329393726692230  0.00350687191352300  0.00372625469859766
  0.00395387090576271  0.00419397647561032  0.00444568755889208  0.00471017307862151
  0.00498813096002200  0.00527675032479341  0.00557143769991899  0.00587811168350062
  0.00619872283961736  0.00652392021473639  0.00686111322959970  0.00721004465795387
  0.00757042865826922  0.00794995600002625  0.00834615192655290  0.00875819970113665
  0.00918135157620569  0.00962735870598601  0.01009884577167471  0.01057933235346756
  0.01108631910893927  0.01161257901817478  0.01215127956303154  0.01271288549642573
  0.01329722341123276  0.01390227480946576  0.01453427627043670  0.01519633794946608
  0.01588919648489430  0.01661789086772744  0.01738145893675829  0.01818307890362366
  0.01902312335237820  0.01989567713766486  0.02080838842900913  0.02178119232183278
  0.02282214299085282  0.02393364984507925  0.02512699364092311  0.02640829324792747
  0.02780818516062035  0.02934604693851213  0.03103503992061689  0.03285481387240789
  0.03483600959496001  0.03703663457908948  0.03958307246926374  0.04238567267153323
  0.04559055944854251  0.04945680751314173  0.05414376689860799  0.06009237822169528
  0.06926081818742905  0.09181750116119891  0.68271464155824846  1.00000000000000000
 -0.00098807789523841  0.00398321979728025  0.00921809917881663  0.01450512987250809
  0.02004516296418892  0.02541123275648044  0.03074151046188035  0.03608600283488956
  0.04125162742784672  0.04690040208345750  0.05229431921863704  0.05779872773480902
  0.06358961784871729  0.06943777826460934  0.07531766319444130  0.08117712700740498
  0.08706189285756614  0.09298335869024341  0.09895644625251949  0.10501978135988729
  0.11116840328687945  0.11749464542365544  0.12388950873390768  0.12962315466817936
  0.13529592318278941  0.14112308377206331  0.14686904070274728  0.15264576809146546
  0.15858019619134381  0.16463767262266099  0.17069031956867881  0.17676414840112242
  0.18284573831026571  0.18910507281408406  0.19570319873350595  0.20234438045151007
  0.20904315681106761  0.21598858816593067  0.22317903235421155  0.23052267615707434
  0.23799978897899335  0.24551808247317924  0.25300210146309865  0.26051081737586829
  0.26810291107054313  0.27584895916003077  0.28372367672485721  0.29142029567561656
  0.29861993034918299  0.30566714214131963  0.31289293186485606  0.32050033742014966
  0.32866910711651237  0.33697564687025544  0.34525639253541429  0.35367207407506235
  0.36211982572586848  0.37079516900759268  0.37997634557202864  0.38937610979541065
  0.39884349714996220  0.40818971759258427  0.41780108165255181  0.42771870730795780
  0.43797561334684204  0.44839152060169135  0.45903610456662919  0.47033246332971429
  0.48192944679953154  0.49386086366371729  0.50623544892093830  0.51905583103608688
  0.53220985090544781  0.54543734577945246  0.55869496802539464  0.57221935695019632
  0.58622019952268545  0.60135703261668549  0.61779882009398424  0.63448329992978103
  0.65035073068671767  0.66645914964517838  0.68392849903881658  0.70281068867341179
  0.72262666983935686  0.74248519029950744  0.76389812700954651  0.78666071996639242
  0.81005182056534741  0.83451038170319281  0.86149749912451679  0.89162531237621934
  0.92129069530836438  0.94813195906756809  0.97383117204929648  1.00000000000000000
 -0.00243202021401895  0.00920455898760394  0.02007944016060401  0.03084938679315226
  0.04221664437100317  0.05295448525500692  0.06402199665294285  0.07461191987583307
  0.08564173892916035  0.09679951959432577  0.10743338774291429  0.11773075096629444
  0.12813337557890900  0.13869924419618757  0.14884169612901871  0.15760162445824832
  0.16603320679979394  0.17460928440342732  0.18411541930124029  0.19406122162610653
  0.20361298829802885  0.21363916490478685  0.22469824840435240  0.23583701693117037
  0.24661643328618441  0.25695884943220587  0.26714401585041253  0.27759466921426768
  0.28823865395959503  0.29892996184698067  0.30967691589710289  0.32055410080563523
  0.33148214093350603  0.34240892649400689  0.35305974202243012  0.36321859252030653
  0.37345689858420772  0.38353679707556793  0.39389496517741834  0.40402181573504942
  0.41403716432489418  0.42416322548341501  0.43429051673322649  0.44514449455933131
  0.45618501903822095  0.46736914924768502  0.47848557105286676  0.48934265101876112
  0.50027485224983459  0.51126087338462944  0.52235796934583645  0.53343855445965693
  0.54436107265814948  0.55480262347296161  0.56501239328198605  0.57535533972594033
  0.58636220528449678  0.59773307442952384  0.60928353420976888  0.62065917529762726
  0.63173374552520789  0.64235280975076114  0.65279141277411579  0.66308001403401995
  0.67346871756037763  0.68356570707218911  0.69339605845841046  0.70321667512047370
  0.71280081033844422  0.72299910762149844  0.73364688797517097  0.74365639318542165
  0.75412038098677969  0.76502457037371485  0.77580598864770645  0.78648630366013106
  0.79674693014028430  0.80707800832682008  0.81788590607586209  0.82904303218557696
  0.83985644698856876  0.85023973009140041  0.86059419287994421  0.87114480429717367
  0.88220863173997055  0.89322916956491127  0.90408132066530600  0.91476365481645805
  0.92571803036302569  0.93671111048427202  0.94737131576220868  0.95821100496747291
  0.96907372985340934  0.97966404462931822  0.99017184576459361  1.00000000000000000
 -0.00242333871239167  0.00932663919262579  0.02031748877819013  0.03156564415553296
  0.04215110864282685  0.05281230370707126  0.06302325167681369  0.07379519297524177
  0.08484857092678647  0.09616527587452317  0.10746534355873824  0.11857695444195090
  0.12963369932505342  0.14059002241683047  0.15159982271413711  0.16255467686684150
  0.17345549930066614  0.18392001302646985  0.19360176065310666  0.20251576722760498
  0.21160282878890244  0.22066848068045461  0.23063201311366588  0.24114906245451465
  0.25217928957965080  0.26377152328914111  0.27530013382346613  0.28657801248153153
  0.29758567735856900  0.30860628999897360  0.31971332819381437  0.33078220892129262
  0.34122777029443047  0.35105540385603135  0.36072708416776389  0.37090642227727211
  0.38182027202164770  0.39277700102339574  0.40324408090984826  0.41325697476626988
  0.42311925500559394  0.43332440565598823  0.44404853495834928  0.45516167096895527
  0.46624602147448491  0.47692525086736426  0.48742361841654125  0.49786239807677429
  0.50873109748575607  0.51969539096618755  0.53085385336974200  0.54188755598852134
  0.55285451124972851  0.56391421052713098  0.57504066468247994  0.58606060576128249
  0.59709968289613413  0.60830686311283466  0.61967667787396286  0.63085824968373438
  0.64110146970049575  0.65110052836437116  0.66112168397238114  0.67227609092994545
  0.68341695319531082  0.69468067988330207  0.70545402745058017  0.71553568529105627
  0.72544459987634835  0.73542721718435289  0.74594440198882517  0.75628071594455115
  0.76631361715945157  0.77635544332853967  0.78666975000522377  0.79687484237609685
  0.80687321214205610  0.81702921107297011  0.82770592041871893  0.83876009713702582
  0.84973582587058505  0.86035573993412995  0.87070005803135220  0.88101550876346835
  0.89116356630702087  0.90034662693982581  0.90915152127276222  0.91872865788082669
  0.92842166862744357  0.93775193010329039  0.94691648903415004  0.95609757603370260
  0.96721390522613515  0.97904048221834761  0.98969535473568837  1.00000000000000000
  0.00000444329814075  0.00001159556382410  0.00001958053262764  0.00002794712755394
  0.00003617573170431  0.00004854378196376  0.00006168263921839  0.00007490614816870
  0.00009232998488162  0.00011494158364422  0.00013945652822053  0.00016674424897879
  0.00020220619170919  0.00024245621465501  0.00028688083165599  0.00033740391309412
  0.00039563746576522  0.00045332120292164  0.00054188050000687  0.00064322722017823
  0.00075454601360165  0.00087634288332750  0.00101342739157293  0.00117683018599763
  0.00137899572110251  0.00160053983774388  0.00185045837239115  0.00213411422674529
  0.00247377763268912  0.00291344099132163  0.00347990518380110  0.00446209856293415
  0.02228214390338254  0.10453166525914875  0.19663255007894692  0.26567795620084184
  0.31514444274439074  0.34911289679533991  0.37509385191951705  0.39651407216086937
  0.41509460884419908  0.43200093094047232  0.44757925154517947  0.46170330057714204
  0.47495221589278941  0.48750099895030824  0.49941734129115273  0.51077684616682040
  0.52171838054355146  0.53238294493538862  0.54272899817625175  0.55268347086467184
  0.56230372588498212  0.57169349571895245  0.58086421422884127  0.58989012600814061
  0.59870959555656544  0.60722796077335794  0.61552318469609268  0.62367763388441111
  0.63185602360195103  0.63996831161075618  0.64797288617699544  0.65585305323673970
  0.66368082690816133  0.67142955918423164  0.67917363400106889  0.68692809122411358
  0.69464343500910641  0.70229724036497276  0.70983734134860244  0.71728310465160539
  0.72470039433900868  0.73216006795869348  0.73966977243124932  0.74721119970779382
  0.75476517409657806  0.76233758675111196  0.76995191459716428  0.77762798520504017
  0.78541324860106509  0.79337126236489408  0.80140761550063422  0.80954378173708685
  0.81783490874742693  0.82630924753507196  0.83506403578597632  0.84417545642300018
  0.85370064059009709  0.86361230463660543  0.87409000247807833  0.88556000239295973
  0.89857501435930254  0.91392945774877909  0.93792737439778162  1.00000000000000000
 -0.01896430349204147  0.07950227015049222  0.10615859494569843  0.12165189629367118
  0.13343944032095451  0.14316061185683726  0.15149999728771560  0.15894479516322452
  0.16579824760816181  0.17215143390587526  0.17799126841701957  0.18343776869376277
  0.18871118864066930  0.19385660932729162  0.19888617900291466  0.20377244657888427
  0.20844765976631241  0.21278091383858572  0.21699327235940150  0.22111903045272530
  0.22527152650302934  0.22953381034728190  0.23375210896694606  0.23790783709861049
  0.24204926883217498  0.24609208904840446  0.25010420213994367  0.25408153225451108
  0.25814577342533845  0.26222863756631265  0.26623601206120062  0.27016626067524285
  0.27412331520086053  0.27816533147158545  0.28221493594344133  0.28626162510218395
  0.29040042145627176  0.29459258802686378  0.29884646255399344  0.30314092573719448
  0.30733582068139836  0.31167852362287768  0.31609724397808009  0.32066590951058455
  0.32523268170356701  0.32988445186764292  0.33455968615502990  0.33917034744364816
  0.34373508189505958  0.34840995418713422  0.35319215589080760  0.35813639872340886
  0.36294507289599204  0.36757676119760790  0.37217538764932451  0.37692708914833056
  0.38206666603029527  0.38744950168796571  0.39286982038944618  0.39820197578050559
  0.40377701729478654  0.40958640823009751  0.41567307132606135  0.42200220256535192
  0.42837528864163815  0.43480210276229259  0.44146247606617711  0.44840001076512181
  0.45533230289124788  0.46201072138528060  0.46876494260684415  0.47540806768718347
  0.48214797637940188  0.48929611082929075  0.49702592459535361  0.50499053456943954
  0.51297116899294859  0.52100863746562609  0.52930005729071661  0.53798219261387625
  0.54700576352038432  0.55658412599690887  0.56687787282035840  0.57709700439629374
  0.58798194463583386  0.59909138960489616  0.61088943430089637  0.62338107254961295
  0.63593804634177586  0.64904935752179549  0.66347761687640183  0.68053426306969267
  0.70110509464060200  0.72789880171239585  0.77958087564500467  1.00000000000000000
   7.1258486535583624E-010  -1.0000000000000000     
 F F F F F F F F F F F F F F F F F F F F F F F F F F F F F F F F F F F F F F F F F F F F F F F F F F F F F F F F F F F F F F F F
  <DiscreteSampler_grid>
  grouped_processes
  1 # 1 for a reference and 2 for a running grid.
  10 # Attribute 'min_bin_probing_points' of the grid.
  1 # Attribute 'grid_mode' of the grid. 1=='default',2=='initialization'
  0.0000000000000000 # Attribute 'small_contrib_threshold' of the grid.
  0.5000000000000000 # Attribute 'damping_power' of the grid.
 # binID   n_entries weight   weight_sqr   abs_weight
    19   10   5.027228537031446E+002   9.534754927034017E+005   5.027228537031446E+002
    20   10   5.027228537031446E+002   9.534754927034024E+005   5.027228537031446E+002
    40   10   4.972315528510835E+002   9.276704146173447E+005   4.972315528510835E+002
    41   10   4.972315528510836E+002   9.276704146173463E+005   4.972315528510836E+002
  </DiscreteSampler_grid>
