  0.00000038809977660  0.00000146656057913  0.00000305640939432  0.00000597050019961
  0.00001170221997643  0.00002275565370733  0.00004438019616215  0.00008597293843127
  0.00015276589467927  0.00024564080062774  0.00035624994422317  0.00047934286274977
  0.00061561526960642  0.00073975615126035  0.00084970265218105  0.00095978745912575
  0.00106467957960810  0.00117795178903920  0.00129886315713924  0.00142017992572838
  0.00153678562355496  0.00163813544195209  0.00172647747419544  0.00181247320263736
  0.00189946987944264  0.00198847075922762  0.00206898662526470  0.00213666384404496
  0.00220774665775115  0.00229045378835187  0.00237989457450566  0.00246916603803649
  0.00255942877679631  0.00264559137386101  0.00272360554836857  0.00279388864559392
  0.00285892677955392  0.00292573601251417  0.00299523100095984  0.00306268523104464
  0.00312975086214035  0.00319557654698943  0.00326165867875527  0.00332924658767958
  0.00339641717228152  0.00346428629534888  0.00353320246010022  0.00360358937159587
  0.00367537045840340  0.00374279924108889  0.00380807360224743  0.00387543140808854
  0.00394556984305767  0.00401761130069408  0.00409168313940360  0.00416675072309288
  0.00424490477447867  0.00432316132785085  0.00440017429565688  0.00447901702985911
  0.00456138245678586  0.00464388020755653  0.00472792892991211  0.00481092876536559
  0.00489079104589490  0.00496927855849415  0.00504846298971453  0.00512852556107452
  0.00520688266343254  0.00528074176990752  0.00535582101797339  0.00543003572432530
  0.00550530068582536  0.00558167920413004  0.00566096417400646  0.00573779253293114
  0.00580462905542622  0.00586389320339448  0.00593742629577079  0.00602789513465118
  0.00612527494123372  0.00622241213154232  0.00631738996010367  0.00641580800918764
  0.00652489920015987  0.00664718830243206  0.00678661027839990  0.00693614394780727
  0.00703790207322874  0.00714876806873836  0.00931852701366265  0.01191019383774008
  0.01518057987662950  0.03142219207319995  0.93485486812307150  1.00000000000000000
 -0.00000973096865420  0.00005220202839113  0.00010543982235398  0.00015277708526289
  0.00019773637332533  0.00024147336925674  0.00028387195567897  0.00032461323878960
  0.00036411076397324  0.00040319119150049  0.00044303648473023  0.00048342942112977
  0.00052483348679911  0.00056733270022029  0.00061061896768435  0.00065404704186817
  0.00069808943123068  0.00074327230633246  0.00079131824294555  0.00084207058146175
  0.00089290103966285  0.00094302297666811  0.00099387091274663  0.00104715198321392
  0.00110474653851381  0.00116565454779973  0.00122621997609330  0.00128697338079934
  0.00135055575178898  0.00141974308412557  0.00149315165903205  0.00156869334459533
  0.00164465064845652  0.00172297855877045  0.00180668303519250  0.00189282768214437
  0.00198312573898638  0.00208200250231770  0.00217265288694040  0.00225390017552543
  0.00234697173351725  0.00243877734387511  0.00253992433835037  0.00265816917082423
  0.00278741419426630  0.00293083250459878  0.00308902056785452  0.00324681052272490
  0.00340573717966767  0.00358843741684336  0.00378849331581265  0.00399601664958713
  0.00421612649808483  0.00445218103154304  0.00470296445651472  0.00498470672430692
  0.00529858174794558  0.00563575990800613  0.00599876927236897  0.00637571265167351
  0.00677935482833294  0.00717758908884753  0.00750806711480771  0.00784782151076511
  0.00830497674740386  0.00879371867196738  0.00928610795994880  0.00978148937015983
  0.01029342101468269  0.01083554273117481  0.01139942746952746  0.01197689091358234
  0.01251091848109167  0.01303168778307481  0.01357121317214254  0.01416891985270042
  0.01482615436626410  0.01546831456585688  0.01608599121324711  0.01681648472111878
  0.01760170463799817  0.01842259433430743  0.01914395610021309  0.01981484267481544
  0.02049532959182810  0.02124837863703062  0.02229445050844487  0.02358091949798497
  0.02496807694874450  0.02606791047270599  0.02741271286524173  0.02934630475416461
  0.03303839366358177  0.04361382337129627  0.19827766959863188  1.00000000000000000
 -0.00240177581443278  0.00926329398354287  0.02053012108974617  0.02970265160667221
  0.03960822529272152  0.04955591185802374  0.05885646868802011  0.06776854869719956
  0.07746471180140332  0.08805987069357264  0.09895145251465426  0.10948437437176763
  0.11903066700415001  0.12775711184496108  0.13629681522226333  0.14502756877444814
  0.15519680921672255  0.16653019360897325  0.17799141132028759  0.18898737463693233
  0.19928673142014391  0.20947510593271279  0.22001078813601288  0.23088946935800758
  0.24206575536871924  0.25325523576893394  0.26436660444351212  0.27556706393669589
  0.28667749504588808  0.29762293250319793  0.30856395610801685  0.31925859374071225
  0.32966577880411574  0.33966853504701383  0.34952353871904002  0.35952342581946339
  0.36996746570649974  0.38091817418393448  0.39211606178789488  0.40349188776322986
  0.41489917891477912  0.42594475748563543  0.43656312560748228  0.44713746550364053
  0.45806033000706436  0.46918443996077558  0.48025788619181148  0.49101065176553965
  0.50182274845470787  0.51284004924487137  0.52362090901659264  0.53450681311080572
  0.54553464627070369  0.55668624577402914  0.56798775882863728  0.57893376206923541
  0.58951109074462638  0.59992736422121806  0.61047128999193689  0.62148883664048726
  0.63227008287248199  0.64257548435268230  0.65271875677112023  0.66302217515525586
  0.67371547721076896  0.68398350169753552  0.69396194859335991  0.70296143346496454
  0.71188536181785256  0.72145859920722610  0.73244250370958186  0.74384640358317999
  0.75502755539141120  0.76583165816612286  0.77641661390207872  0.78683446048909933
  0.79738490465403999  0.80851459095659606  0.82001703369917589  0.83162980958224653
  0.84313334750640134  0.85415474109015066  0.86507064369581743  0.87565814185739543
  0.88630877187104840  0.89676745392369417  0.90672022297271204  0.91597548429292519
  0.92527090583867788  0.93558806734398658  0.94583040309061783  0.95689401876788949
  0.96819218802730678  0.97934423963756023  0.98981690682907775  1.00000000000000000
 -0.00007310226454823  0.00025995701787705  0.00060625710190612  0.00089597173164110
  0.00114842455550918  0.00137462250195804  0.00157987309443592  0.00176750725489534
  0.00194889570186102  0.00212818986893817  0.00230751584586968  0.00248486388516375
  0.00265975297907129  0.00282946066592386  0.00299475697065344  0.00315940680005943
  0.00333058649786636  0.00350885626383234  0.00368598234150008  0.00385786333676368
  0.00403098446682380  0.00420979705856625  0.00439830746612549  0.00459164591519276
  0.00478577831314854  0.00498716695905895  0.00521000116368309  0.00543310360648848
  0.00567070361053952  0.00591604271104111  0.00618432697443071  0.00647107846985398
  0.00677381770026191  0.00707859099906837  0.00738580245888234  0.00771550566722886
  0.00806213797562082  0.00838766253002538  0.00871397614669817  0.00903877997651834
  0.00938300274765419  0.00972377229036587  0.01006522365248112  0.01033895507210163
  0.01059659593535069  0.01087314516485863  0.01112773248733488  0.01139282553039337
  0.01173412520073262  0.01205811686231305  0.01238772569405029  0.01274491759551887
  0.01315319738126922  0.01360835242217613  0.01408253540673302  0.01456509079097165
  0.01505891494133861  0.01557995418782579  0.01611688899867281  0.01663675080582284
  0.01714363618320357  0.01765128205697096  0.01816101155376788  0.01867981798638832
  0.01921336674435789  0.01972501701643697  0.02024532742076771  0.02068775350413371
  0.02108728515086491  0.02151761169618514  0.02206561874251732  0.02273896451499214
  0.02351911030693585  0.02436908949963099  0.02512213620138003  0.02577082734833261
  0.02652649130728353  0.02748344171575448  0.02848927261288699  0.02925376325358156
  0.03027788765282779  0.03141504724191816  0.03269131304636649  0.03398031835021826
  0.03526030084589196  0.03658983385533437  0.03796423915592702  0.03946000204141425
  0.04107113710688417  0.04288956575205671  0.04511605248506216  0.04800823850402808
  0.05168011777752435  0.05674342259952714  0.47702258027820899  1.00000000000000000
 -0.00169330184794579  0.00680010888272037  0.01506182715334756  0.02355637219521465
  0.03202884123459791  0.03990404753655930  0.04766727865564059  0.05485076530415188
  0.06191989437372481  0.06906737356537036  0.07642397417806239  0.08386590948336675
  0.09129886515842150  0.09883343598946702  0.10657903005271369  0.11437464427904256
  0.12224600673040907  0.13024663089993180  0.13839100460545892  0.14645189444694126
  0.15428991936091718  0.16192336157526083  0.16973676065868953  0.17827697453393085
  0.18723681806451711  0.19618893492698763  0.20485616526298278  0.21336918347385228
  0.22121951230694892  0.22898470458198592  0.23601626099983800  0.24310812608475671
  0.25196370187042633  0.26269741587667428  0.27427228089201633  0.28600087718534917
  0.29785178126109796  0.30998602817741883  0.32281085059267256  0.33694272612709825
  0.35260545693047013  0.36965066549799186  0.38766474580038568  0.40650372922157185
  0.42582488153546094  0.44448233941306697  0.46233466275124507  0.47955222002701425
  0.49670889149538122  0.51451466950738867  0.53280332068838454  0.55145955422931592
  0.57050051827028703  0.58934955587448645  0.60736100410043170  0.62404410917396891
  0.63993222421878748  0.65527200704985034  0.66973937126284511  0.68369553352469781
  0.69699839971145650  0.70925961967791296  0.72107600069832833  0.73267032746287486
  0.74382882380538995  0.75460220226493002  0.76491463695618245  0.77486429616161723
  0.78433720020725795  0.79352298092478946  0.80263419328354901  0.81176171695150812
  0.82058872966383090  0.82885332036493253  0.83674513563224706  0.84434870667341910
  0.85218077017045690  0.85971575026577218  0.86680439336101534  0.87349307922725317
  0.87995996691475087  0.88722382593818350  0.89527483160358146  0.90388224338246748
  0.91186442546268820  0.91909620202389697  0.92634235301535228  0.93392543876745271
  0.94155628999507957  0.94955437065499904  0.95755268361099866  0.96563193872532815
  0.97377628972820263  0.98222814292609772  0.99104155484632872  1.00000000000000000
  0.03422178330083425  0.48584198843859627  0.66206441937717686  0.76283319147477346
  0.82142813111568780  0.85830497099628222  0.88400418619067944  0.90279563809260044
  0.91753325748543157  0.92889238679786534  0.93786829722572185  0.94514223677430698
  0.95136315166163188  0.95666629023297300  0.96099400078718900  0.96466364396478343
  0.96792699110318436  0.97082702844431645  0.97339932821775821  0.97569234228512614
  0.97776255956048796  0.97962143144348646  0.98128938242637653  0.98279583074173738
  0.98416185446633964  0.98540388058489059  0.98654363107052123  0.98759356572552959
  0.98855586237345283  0.98943365504946057  0.99024146736251151  0.99098687906196603
  0.99167249824987613  0.99230490365613744  0.99288696511659325  0.99343083677348532
  0.99394387771667925  0.99441873892475685  0.99485937149762138  0.99526620942819333
  0.99564511067720074  0.99599555484001423  0.99632027892511155  0.99663163484753947
  0.99691866060284984  0.99718005881907723  0.99742051830428335  0.99764486561809118
  0.99785750144127794  0.99805675143102413  0.99824279231129553  0.99842059648164105
  0.99858600957689836  0.99874030790574497  0.99888562894600530  0.99901404538848360
  0.99911395094194644  0.99918205492676260  0.99922758802143474  0.99926212671063452
  0.99929083470820756  0.99931337310272628  0.99933430818945113  0.99935373086166812
  0.99937201704022027  0.99938920713867752  0.99940561648731474  0.99942164740058070
  0.99943735896728381  0.99945247322796427  0.99946685228160392  0.99948037491588038
  0.99949356568794179  0.99950662916775379  0.99951969252614348  0.99953291681592271
  0.99954638452750688  0.99956008935397567  0.99957393247099102  0.99958777742671256
  0.99960173532033358  0.99961594280546806  0.99963032035736932  0.99964502162355384
  0.99965980113782582  0.99967482596061319  0.99969032907172806  0.99970650253166893
  0.99972367547690788  0.99974224040826398  0.99976240989448939  0.99978449315861595
  0.99981028019442597  0.99984215624960571  0.99989523084967535  1.00000000000000000
 -0.01610543653233716  0.07373083914937290  0.10293797517232271  0.11657789335789108
  0.12659080143998247  0.13568484417638196  0.14370428830271359  0.15054932018052034
  0.15595833872905795  0.16049981083108797  0.16543226955102303  0.17016559481070848
  0.17462297896390394  0.17895480572814998  0.18322544269161933  0.18750431809674467
  0.19167307602335543  0.19598228628427974  0.20024505515134292  0.20429741269241167
  0.20859010847222220  0.21293018113265391  0.21704228800520470  0.22061317638067371
  0.22442760437245998  0.22815737337766376  0.23177469014670107  0.23535680522868740
  0.23903199119085797  0.24271257376918576  0.24611770236180583  0.24949399049094972
  0.25309530574193390  0.25671701359588678  0.26036641333217636  0.26446912510816217
  0.26882273221410524  0.27299567884011522  0.27714370579541198  0.28135829844125887
  0.28556238028211001  0.28958786478272597  0.29361197249812143  0.29797415244807146
  0.30235643421377173  0.30686017076147543  0.31165853943988814  0.31662380424393344
  0.32180048313747489  0.32726890636096667  0.33288409163438010  0.33871969789265738
  0.34494406606315159  0.35144690188490008  0.35801619038721644  0.36460530439258643
  0.37148813063851210  0.37857000021246712  0.38565741424027861  0.39267721033746505
  0.39954545040227574  0.40625350881371869  0.41279982109196461  0.41926431898018623
  0.42616318598486380  0.43355605292785504  0.44106118924218302  0.44907733617019974
  0.45724764671976176  0.46535659566791499  0.47352470203325481  0.48179159504781388
  0.49020950408526359  0.49886367518610569  0.50775183959604597  0.51686964357814769
  0.52611692861318826  0.53529135121787319  0.54448789962932476  0.55405836843843492
  0.56414193373780697  0.57467030263740504  0.58527886112420480  0.59597507530706206
  0.60684028302211801  0.61822953574527351  0.63031374668149953  0.64336720258581015
  0.65712534065751405  0.67243470090007063  0.68935173518657866  0.70882954881919547
  0.73247619708330958  0.76203286648876589  0.80811616118986518  1.00000000000000000
   9.7727037036618094E-010  -1.0000000000000000     
 F F F F F F F F F F F F F F F F F F F F F F F F F F F F F F F F F F F F F F F F F F F F F F F F F F F F F F F F F F F F F F F F
  <DiscreteSampler_grid>
  grouped_processes
  1 # 1 for a reference and 2 for a running grid.
  10 # Attribute 'min_bin_probing_points' of the grid.
  1 # Attribute 'grid_mode' of the grid. 1=='default',2=='initialization'
  0.0000000000000000 # Attribute 'small_contrib_threshold' of the grid.
  0.5000000000000000 # Attribute 'damping_power' of the grid.
 # binID   n_entries weight   weight_sqr   abs_weight
    19   10   5.362920647530551E-001   1.156694549511199E+000   5.362920647530551E-001
    20   10   5.362920647530551E-001   1.156694549511199E+000   5.362920647530551E-001
    40   10   5.380102348034500E-001   1.152041026691572E+000   5.380102348034500E-001
    41   10   5.380102348034499E-001   1.152041026691572E+000   5.380102348034499E-001
  </DiscreteSampler_grid>
