  0.00000060330250653  0.00000072974569755  0.00000087159593232  0.00000102296460556
  0.00000119338203855  0.00000138128068350  0.00000158516887229  0.00000180997706849
  0.00000206115616176  0.00000234448906526  0.00000265654516665  0.00000299197947698
  0.00000335378706415  0.00000375769201826  0.00000422393659785  0.00000475849228594
  0.00000535433641829  0.00000601610545901  0.00000677640573849  0.00000760484492651
  0.00000849583714474  0.00000946712140892  0.00001051955494977  0.00001165340338404
  0.00001292057164271  0.00001436510005740  0.00001601118084284  0.00001780896479249
  0.00001972761256570  0.00002171783956072  0.00002379108135046  0.00002604773332197
  0.00002857062467016  0.00003136297179256  0.00003446295941549  0.00003800824994342
  0.00004200620890614  0.00004661027570704  0.00005102362449669  0.00005521853450933
  0.00005976674818643  0.00006447098503034  0.00006974505672577  0.00007578689853806
  0.00008260245446962  0.00008992537181460  0.00009734429482595  0.00010509161010003
  0.00011336639470852  0.00012281003814322  0.00013384472141738  0.00014560721043735
  0.00016089771559348  0.00017802459293286  0.00019623912940760  0.00021487120773176
  0.00023269361576454  0.00025012264369866  0.00026856210767770  0.00028839712047107
  0.00031245724280023  0.00033691444532560  0.00036921931200404  0.00040331516067480
  0.00043956697215059  0.00047839265084686  0.00051844144654258  0.00056305854761480
  0.00060785407100153  0.00065482342659618  0.00071215591991700  0.00076663731625080
  0.00081984401024271  0.00087394435835239  0.00092893552089996  0.00098938205235169
  0.00106069356389749  0.00114237869510327  0.00123614033833142  0.00136169770605206
  0.00150756840385159  0.00164503871339460  0.00176370061700213  0.00190293399141276
  0.00206712048157527  0.00230026547323037  0.00264183848191319  0.00310779881533651
  0.00373085166198645  0.00448313898463773  0.00521390513361326  0.00606031381986166
  0.00738814923973406  0.02434522026114563  0.21514908854113216  1.00000000000000000
  0.00000061760236453  0.00000071521466092  0.00000085555554249  0.00000101925365056
  0.00000121176329692  0.00000142658481874  0.00000165551373440  0.00000190726330665
  0.00000220254982272  0.00000256180265010  0.00000300368671132  0.00000352771116966
  0.00000411565820202  0.00000476770413177  0.00000551052589278  0.00000637511770642
  0.00000740609923988  0.00000861215403029  0.00000995978617407  0.00001146277269994
  0.00001315675922946  0.00001516638428071  0.00001745322195075  0.00001999426045585
  0.00002278214417502  0.00002581053544218  0.00002914766716545  0.00003276104058508
  0.00003657348409063  0.00004081315415327  0.00004554529825093  0.00005046190875454
  0.00005588239590592  0.00006195579909143  0.00006862381867434  0.00007562137110684
  0.00008319304628656  0.00009228164058141  0.00010236822726804  0.00011225506575124
  0.00012220094148455  0.00013276797009182  0.00014426065422698  0.00015681410539906
  0.00017013743678131  0.00018426856572833  0.00019925460954194  0.00021531074184003
  0.00023260547394915  0.00025101370958385  0.00026974233628334  0.00028848281581486
  0.00030881648238368  0.00033048086486303  0.00035361446905657  0.00038041959505295
  0.00040906963854839  0.00043817432833502  0.00046922761434057  0.00050343293018791
  0.00053783135170287  0.00057003180232860  0.00060019932458936  0.00063267750583463
  0.00066649955497983  0.00069612836189848  0.00072448294810659  0.00075504835260665
  0.00079223554191877  0.00083421107754547  0.00087452336019932  0.00091392639750190
  0.00095720607060014  0.00100682393650636  0.00105833541225212  0.00112438957546787
  0.00120329326367772  0.00128337000943243  0.00136934587671446  0.00146529790776606
  0.00156513594595825  0.00168839929288668  0.00182199449487748  0.00195717443396380
  0.00208788287616324  0.00221861454265089  0.00234132717184987  0.00246485242542838
  0.00259934238224833  0.00280807727867089  0.00319944856586733  0.00390629357475346
  0.00491701749975609  0.00608005483453130  0.02718386013259561  1.00000000000000000
 -0.00000104304470567  0.00001613490049856  0.00004057434646846  0.00006760930515944
  0.00009594437683694  0.00012575875579852  0.00015609811884377  0.00018530002379936
  0.00021456899463795  0.00024458220009681  0.00027546551067308  0.00030782460837386
  0.00034011438503366  0.00037400627126630  0.00040842746391902  0.00044450511203815
  0.00048239209568236  0.00052369139053202  0.00056694642831265  0.00061140146005770
  0.00065690018645979  0.00070363792856918  0.00075224382053938  0.00080116740923422
  0.00085019304097966  0.00089897539254545  0.00094876686047777  0.00099998104036683
  0.00105244585898307  0.00111150968952639  0.00117403061518149  0.00123451715331903
  0.00128978993026019  0.00134116539736673  0.00139725042753613  0.00145597880831538
  0.00151332636915311  0.00156800263395341  0.00162287031258411  0.00168399736546160
  0.00175519990169904  0.00183225191443018  0.00191179308161046  0.00198638158323325
  0.00206718266348729  0.00216723064899848  0.00227771145124660  0.00238576076051338
  0.00248576493044259  0.00257631338673923  0.00267041128240148  0.00276908905324298
  0.00288073614537027  0.00300841978499861  0.00314350752284911  0.00326586880188328
  0.00337459297149513  0.00348945345596945  0.00360203556309310  0.00371462707820986
  0.00382838992132926  0.00395051922665799  0.00409281632480145  0.00424595545232508
  0.00439630498518683  0.00454678867988385  0.00470397490953471  0.00485545790708690
  0.00497623763041358  0.00510473404928266  0.00523103001181515  0.00535251821724443
  0.00548508466735599  0.00561925651787234  0.00577296746514894  0.00595151788956528
  0.00614818136401650  0.00633555752372646  0.00648469047678552  0.00666735266183499
  0.00686621835211061  0.00707598095748376  0.00728983662917286  0.00750445093567814
  0.00774222971274611  0.00798023187185196  0.00825953075004241  0.00854363384368448
  0.00885428762528868  0.00917937748950734  0.00948075351806419  0.00976139733890677
  0.01031641883998880  0.01106507016974288  0.49389426833101779  1.00000000000000000
 -0.00282767374164365  0.01036792490014500  0.02141257943748837  0.03151835509541472
  0.04128424563287074  0.05085022968591270  0.06164028963822353  0.07043262294954983
  0.07919556984962935  0.08833595321635648  0.09812585481897920  0.10793697307567360
  0.11762757707475860  0.12732549569752002  0.13760741127812018  0.14828506702223782
  0.15902164473007957  0.16968005417153117  0.18034794449967440  0.19046974940860509
  0.19961551219750442  0.20832410431439943  0.21672775677028966  0.22588226038104053
  0.23556682309976182  0.24510369885021069  0.25491209307468471  0.26534117036843341
  0.27647115146826884  0.28805722100365011  0.29982568536373122  0.31131400373342871
  0.32199265113566650  0.33224480912620352  0.34253270494420052  0.35284780249106790
  0.36291397512776763  0.37296871820310384  0.38298176485006757  0.39303300097376342
  0.40330924242584698  0.41402288184285102  0.42506732671479658  0.43579097267588829
  0.44519361210438263  0.45423122442748198  0.46314957275151492  0.47293182784313342
  0.48358196031462031  0.49478663371946263  0.50576431250835185  0.51616927078695685
  0.52636080769228477  0.53639556388537535  0.54665988699631329  0.55708843817137677
  0.56805539136590122  0.57935903304360237  0.59094926643945112  0.60260528855103568
  0.61431642514764506  0.62603435605611057  0.63751956822052736  0.64901376213917461
  0.66030455314229974  0.67124736868507429  0.68201510252327835  0.69267077032700619
  0.70280306252517133  0.71271035628309198  0.72244485592048957  0.73250009528846405
  0.74264478611661111  0.75291035897216163  0.76345143033396967  0.77428819559867101
  0.78532747278873616  0.79652840095035371  0.80809546836960899  0.81962354233000145
  0.83104116673619333  0.84244603650002881  0.85352616943266513  0.86423049090801574
  0.87470978825741652  0.88511959341137658  0.89563761774658746  0.90604932081879241
  0.91648585168884800  0.92739717672467459  0.93873215436410806  0.95046296022402454
  0.96260575014879068  0.97482843671810526  0.98753793011429869  1.00000000000000000
 -0.00005926732582863  0.00017462868618239  0.00086972737687755  0.00114642111490973
  0.00138992372297063  0.00160909234875898  0.00180912037294420  0.00199633383865330
  0.00217244605563670  0.00233775144594092  0.00250252485788620  0.00266859547084338
  0.00283506276634706  0.00299847372403479  0.00315829622243795  0.00332136524146453
  0.00348533392755417  0.00364942794492966  0.00381634527522069  0.00397082678487544
  0.00412114823950741  0.00426462089722349  0.00440669252179240  0.00454973453124619
  0.00469824748541813  0.00486662668131412  0.00503825175124312  0.00521473314410897
  0.00538424082563404  0.00554908817979305  0.00569000767821249  0.00583723285518140
  0.00599267403924533  0.00615247471110488  0.00631074926741666  0.00646413691873519
  0.00663872265269895  0.00680018782181694  0.00697601201716053  0.00716950039851656
  0.00737307159279710  0.00758458414006048  0.00776063802546838  0.00794463130652342
  0.00813125146466617  0.00832797594697366  0.00849163949180005  0.00865207881588165
  0.00881702105461369  0.00901721482293541  0.00923853079928878  0.00945559996072359
  0.00965081017421225  0.00984069677589084  0.01005953080118180  0.01027962727762363
  0.01050460696168620  0.01079735550712233  0.01110014984852683  0.01138050061896751
  0.01161405398800286  0.01183541669833358  0.01204594000435569  0.01224619376924690
  0.01249549885387591  0.01272698897996876  0.01297958760518784  0.01328250433304305
  0.01353008717263910  0.01379990722506679  0.01410836684268103  0.01444509175718097
  0.01488801433966030  0.01524853020267536  0.01558528071047924  0.01591711119311831
  0.01634416221068237  0.01682681026582382  0.01744680357582255  0.01813288080196441
  0.01882325492866779  0.01952697140290508  0.02024664543164242  0.02086534144250981
  0.02184035080394357  0.02298283155511683  0.02451867433866507  0.02695644654304021
  0.02974244884520696  0.03290372831903916  0.03465313820351915  0.03663979323552147
  0.03889865411481961  0.04499730912370151  0.05237097000889297  1.00000000000000000
 -0.00211617590538763  0.00839724366374948  0.01811208715836086  0.02871018206329838
  0.03923163065385869  0.05020937139240457  0.06116808100944923  0.07247214631929512
  0.08366543275798499  0.09545721512405567  0.10751437711622013  0.11905768768169606
  0.12920740728229105  0.13858469618629185  0.14814685654149784  0.15763117613651276
  0.16691231414026408  0.17658850412097729  0.18688095323688539  0.19809913927383754
  0.20885240139300509  0.21988605626793636  0.23099514292887455  0.24249939426578057
  0.25362936790025592  0.26450037380910379  0.27521768647497769  0.28594199021310807
  0.29723713089594705  0.30807648082125655  0.31861722824899574  0.32926510762307898
  0.34039101279058992  0.35217743734477586  0.36437609393610804  0.37597256351292213
  0.38673058451622050  0.39747061440271791  0.40866439048410308  0.42015708492167114
  0.43149292727695066  0.44224731703087644  0.45246351502443211  0.46244390310566763
  0.47234638569641019  0.48224476987885495  0.49209509907631194  0.50166475003667166
  0.51061988529669156  0.51872979045867429  0.52679295921281100  0.53534799870572614
  0.54514111268492182  0.55560808371686421  0.56625883454941506  0.57704994865886150
  0.58831702687141685  0.60013808870868834  0.61173096592429210  0.62305364680321051
  0.63360113692488240  0.64338493327399415  0.65284841919903180  0.66246161652837565
  0.67247921717493886  0.68269885193770030  0.69346122873929483  0.70431628052014217
  0.71495074006686954  0.72545596002272816  0.73510940191731677  0.74494657604502268
  0.75511359350387774  0.76613268842515758  0.77693296374364329  0.78696225663705155
  0.79764488218693252  0.80857790874098434  0.81922351426362672  0.82953111444232819
  0.83980785473753661  0.85050159087735266  0.86247664641896427  0.87517423172132902
  0.88761346511245076  0.89928818756473561  0.90986366490188963  0.91958341004670807
  0.92917144665315810  0.93922524536110552  0.94898108277462945  0.95867410647132700
  0.96847905409351476  0.97841049239893907  0.98898750156228299  1.00000000000000000
 -0.00011540535959232  0.00043646303364538  0.00068630307573063  0.00085850804160530
  0.00102005786620870  0.00116936888105993  0.00130478519494108  0.00143420901632637
  0.00156186721891915  0.00168757603501822  0.00181362411074540  0.00193652705042681
  0.00205584166756722  0.00217484039077713  0.00229430298614621  0.00241634128218731
  0.00254365713942138  0.00267285586547538  0.00280657845581515  0.00293763765578704
  0.00306289229889468  0.00318691077214312  0.00330868630790617  0.00342901610742488
  0.00354618196693866  0.00365583929939973  0.00376147112673802  0.00386055690621582
  0.00396305382753333  0.00407700462457022  0.00419920503770720  0.00430887082363315
  0.00440912185998944  0.00450371377822702  0.00459788144151219  0.00469452929462704
  0.00480226723762012  0.00491034881268354  0.00501860212404390  0.00511956196030964
  0.00522018178090410  0.00532385581725875  0.00544567356844132  0.00557677147160644
  0.00568967315577313  0.00578920366493612  0.00588195814315859  0.00596346344090037
  0.00604267531782981  0.00612797180925468  0.00621077390208066  0.00629575050082170
  0.00637875330544839  0.00648749710295927  0.00662317202006826  0.00677824265079962
  0.00693269024123125  0.00708730083866359  0.00721463532389342  0.00732278104051124
  0.00743360909964540  0.00756076329791912  0.00771612337676346  0.00790079171761864
  0.00809296690143937  0.00829114254690239  0.00845036672381989  0.00859664630415173
  0.00878603293135351  0.00896410245626890  0.00913547017904940  0.00934580968061259
  0.00960191387524531  0.00992178383317277  0.01011537910164058  0.01026534571611480
  0.01042421701906750  0.01059154655415560  0.01074779287897898  0.01087441135370878
  0.01100522714741489  0.01124744286370160  0.01148896544669460  0.01173898335999856
  0.01194694487050625  0.01211344392857730  0.01230581949026135  0.01269026229391052
  0.01320077512790712  0.01358679159945999  0.01396015727395172  0.01443454492897739
  0.01528454544014528  0.01692885080777037  0.02025375417760695  1.00000000000000000
 -0.00210467016098995  0.00733551758827263  0.01620412850851526  0.02466965680601675
  0.03295950037624653  0.04104511846189907  0.04897050663626930  0.05687811700792138
  0.06488747484468377  0.07299587483522579  0.08129292407194648  0.09005417742003884
  0.09933310854992909  0.10879868122271480  0.11808420308949656  0.12715900905920796
  0.13636028217583621  0.14599750325467037  0.15581844275736137  0.16531610464629820
  0.17512180421768658  0.18541687640186708  0.19615922825011070  0.20732072393962170
  0.21846456705499739  0.23003196575332768  0.24180544390958852  0.25355296010058137
  0.26516905830423898  0.27672345037040957  0.28855285054028362  0.30020937862896674
  0.31102330521956895  0.32148041578870828  0.33219484330460397  0.34354213891264140
  0.35594824671300557  0.36971838772346188  0.38412889470543343  0.39874291231462528
  0.41317591089382116  0.42697273941994618  0.44029503108696016  0.45288744744885706
  0.46483181804583701  0.47708663393218070  0.48966396102832721  0.50206126828254527
  0.51410990705736903  0.52536770317123016  0.53672427929067545  0.54786552992530069
  0.55956626222562034  0.57159405641228200  0.58369293380958354  0.59599185525997245
  0.60785558846577969  0.61997145213163252  0.63213960401084057  0.64450332876205541
  0.65624774197216473  0.66801034421920280  0.68041064878272550  0.69261219544089558
  0.70438303886147402  0.71587474729993894  0.72721770690885745  0.73756000363204732
  0.74757757267856617  0.75793147248212278  0.76792236515186940  0.77768083727448523
  0.78726571386209576  0.79779515884747731  0.80904742426153042  0.82001500095971380
  0.83037258628576116  0.84033608101881541  0.85044334971790381  0.86057580681616874
  0.87035897327628609  0.87948790843303892  0.88781511167237215  0.89579071601312399
  0.90363653554989420  0.91180619217110814  0.92054928932419577  0.92959435973823101
  0.93876717713854774  0.94783912549850724  0.95666322856688291  0.96540264549215637
  0.97415229795614811  0.98280588619360343  0.99135399291582849  1.00000000000000000
  0.15751266347265053  0.49529361532762634  0.55343828612735990  0.59905449677721478
  0.64379820625999740  0.67920083295237343  0.70878564792888310  0.73503996601982124
  0.75824973913087301  0.77860376300947332  0.79703911319623977  0.81307814875938489
  0.82702097831655019  0.83962608034632791  0.85160187781451213  0.86255751537246661
  0.87239116865959321  0.88147656348702663  0.88991778074172945  0.89737678366610918
  0.90411822794284269  0.91034492375534570  0.91601354007961255  0.92091933861695541
  0.92559673047902102  0.93020218923859366  0.93457872308414669  0.93852172740429562
  0.94192954628697978  0.94517646807011335  0.94818894609416982  0.95109937581350845
  0.95386278941520708  0.95647196999780426  0.95873619963067325  0.96057783134535124
  0.96233334596066111  0.96399494449177681  0.96555212435347326  0.96703581916774584
  0.96847751179117447  0.96988504507459039  0.97126045000560357  0.97257179816236372
  0.97381279434951207  0.97501059671274104  0.97617344274719742  0.97725519577215858
  0.97828058269315799  0.97926864233015554  0.98019606470759113  0.98107589172512111
  0.98193093937432063  0.98278003891487054  0.98359230102870410  0.98436621067409424
  0.98509517961675419  0.98578767916848853  0.98644856049765295  0.98707948014560998
  0.98768231918934091  0.98825596475973010  0.98879155922906381  0.98930570454328115
  0.98979826507115254  0.99026170800973523  0.99070363777208914  0.99112886781074594
  0.99153997441174901  0.99194195550686159  0.99233335153863755  0.99270280730801919
  0.99306308313197889  0.99341807942159510  0.99376772827504967  0.99411114054695215
  0.99444731328981950  0.99477730625667848  0.99509525207605687  0.99540381284892065
  0.99570478211837010  0.99599902015669051  0.99628060281445263  0.99655691080688813
  0.99682546063541311  0.99708851762452400  0.99735973943736267  0.99763023450345256
  0.99789941861892961  0.99816721532379382  0.99843375417979940  0.99869851669787235
  0.99897841641656027  0.99928163460191888  0.99962163860708597  1.00000000000000000
 -0.01717856717404199  0.13203421800232784  0.16544613968312102  0.18523764594315420
  0.20154342872069850  0.21577816323818835  0.22858645283823717  0.24040835185523049
  0.25158061770405377  0.26190844615575315  0.27127852393790408  0.27974979767569524
  0.28772283108899815  0.29546850181939432  0.30339828589396262  0.31131742843270455
  0.31841259224651070  0.32485806735976130  0.33122212188682087  0.33765288921067527
  0.34385458887226972  0.34981086225633423  0.35564367989412571  0.36147853146281217
  0.36725141538244932  0.37285051772395855  0.37869503468377619  0.38478700463886034
  0.39074808523292848  0.39669007485277952  0.40243272199906049  0.40777036313447301
  0.41326150510754972  0.41898669920414627  0.42469780076019464  0.43032004792767331
  0.43583183004758297  0.44109264490789934  0.44619324224005458  0.45137110740703995
  0.45653921204207765  0.46166805567876951  0.46668789001629957  0.47164748507866872
  0.47671427799049554  0.48182350489694598  0.48670948671220321  0.49140577106002931
  0.49632596730446549  0.50144149399057225  0.50668890483021867  0.51190492076843763
  0.51697105619750094  0.52188358333493445  0.52672477912098703  0.53156343980719301
  0.53633789250074593  0.54109160451032989  0.54591263084998265  0.55083839563472081
  0.55594476318261721  0.56117227149361726  0.56659211312744551  0.57223850805989329
  0.57802526933668119  0.58381157052483845  0.58970069381687029  0.59567425167901722
  0.60159484784645501  0.60741767041412853  0.61320482179443969  0.61904928106723067
  0.62494554422343074  0.63094176887745412  0.63702442738743437  0.64327459333541503
  0.64953947441848914  0.65607844055129694  0.66282059214709677  0.66979372276137006
  0.67694501377230709  0.68439449546824316  0.69217248366393336  0.70045262029742017
  0.70906759332008074  0.71804358640897226  0.72714201968577419  0.73661935589235827
  0.74681987810545747  0.75814434053028656  0.77034337324462043  0.78383818279930051
  0.80037352310701793  0.82379301101536839  0.86080314486620835  1.00000000000000000
   9.4762788678668257E-010  -1.0000000000000000     
 F F F F F F F F F F F F F F F F F F F F F F F F F F F F F F F F F F F F F F F F F F F F F F F F F F F F F F F F F F F F F F F F F F F F F F F F F F F F F F F F F F F F F F F F F F F F F F F F F F F F F F F F F F F F F F F F F F F F F F F F F F F F F F F F
  <DiscreteSampler_grid>
  grouped_processes
  1 # 1 for a reference and 2 for a running grid.
  10 # Attribute 'min_bin_probing_points' of the grid.
  1 # Attribute 'grid_mode' of the grid. 1=='default',2=='initialization'
  0.0000000000000000 # Attribute 'small_contrib_threshold' of the grid.
  0.5000000000000000 # Attribute 'damping_power' of the grid.
 # binID   n_entries weight   weight_sqr   abs_weight
    13   10   9.587618789364359E-004   4.509079459467964E-006   9.587618789364359E-004
    22   10   9.613847734059596E-004   4.552984197229376E-006   9.613847734059596E-004
  </DiscreteSampler_grid>
