 -0.00005227906415055  0.00032523237826527  0.00053983728422659  0.00071035359472919
  0.00085122269191328  0.00092945718296670  0.00100377119153712  0.00109052674668097
  0.00118860913911708  0.00127757256435496  0.00139427771494955  0.00151729246656304
  0.00162372483810927  0.00172380779963702  0.00183641195182918  0.00195957893449113
  0.00209334742596603  0.00221291396849584  0.00229392208069357  0.00236208118063694
  0.00244575833769761  0.00254620141167913  0.00263143249641956  0.00269386079650146
  0.00276289559372463  0.00284736634283695  0.00294367329318493  0.00300028877990121
  0.00309690672081328  0.00319400397097388  0.00328238735593616  0.00337977251692743
  0.00349774450844706  0.00362049972021044  0.00371695755984284  0.00375021989666752
  0.00376403107478745  0.00377784225290739  0.00379165343102732  0.00380546460914726
  0.00382049659917904  0.00383589361689243  0.00385129063460581  0.00386668765231919
  0.00388208467003258  0.00389689390591200  0.00391157206248942  0.00392625021906684
  0.00394092837564426  0.00395560653222168  0.00405364391320875  0.00418474056812455
  0.00430524665912586  0.00440933527285944  0.00450775302562972  0.00462324300360837
  0.00472402476965045  0.00481142312143172  0.00502082243118765  0.00524977651772877
  0.00548091288901694  0.00572895866167750  0.00598328016245711  0.00625836889958687
  0.00653876404682664  0.00683194473801361  0.00715577013489025  0.00751775848398307
  0.00787650923348865  0.00821610672838131  0.00854673652679420  0.00891661633919581
  0.00929222815165797  0.00966715166791157  0.01007218735916283  0.01048050519994168
  0.01091817155592470  0.01151881615792934  0.01213956877920927  0.01277714143205173
  0.01368806540926737  0.01467392810047763  0.01574793245450598  0.01685948939277480
  0.01803765137472950  0.01939299595519028  0.02093015722275746  0.02252088786233403
  0.02431058967648390  0.02627153889882178  0.02838967741481595  0.03535295057601370
  0.06051579281794650  0.13487010118357701  0.51713448585345090  1.00000000000000000
 -0.00006805910605746  0.00038226185904493  0.00059812439581598  0.00074763895405309
  0.00087866813019035  0.00101666534260655  0.00115040108487844  0.00123398670251970
  0.00131339441540573  0.00134054526331684  0.00136032330949264  0.00138010135566844
  0.00139977269556793  0.00141928727702135  0.00143880185847477  0.00145831643992819
  0.00147891512879761  0.00149960326652756  0.00152029140425750  0.00157745267982561
  0.00168663452998455  0.00179149138649359  0.00189303000778670  0.00198932777201981
  0.00209421882987933  0.00219743141178900  0.00230002177235944  0.00240382952565660
  0.00251042958098964  0.00261683505310966  0.00271724626109683  0.00282168541097666
  0.00293259957426008  0.00304150975744030  0.00314632352985695  0.00325240364095337
  0.00336160985275873  0.00345800931467058  0.00353378589911468  0.00361012754884861
  0.00369875571668542  0.00379927207711107  0.00388998667814212  0.00396964112850763
  0.00405067008776609  0.00415064739544963  0.00426606128857754  0.00437047229013135
  0.00446227448836578  0.00454316071291221  0.00462353329449833  0.00469024569235759
  0.00474918501836725  0.00483335274586663  0.00491411087301484  0.00498669250875971
  0.00503672428480300  0.00508609620947909  0.00514363858188883  0.00521534917302200
  0.00531375782856298  0.00541955825593137  0.00550724036990957  0.00558521723762288
  0.00569759187321011  0.00585634906505253  0.00603565502777120  0.00621974790161428
  0.00636547285030245  0.00648303404019344  0.00659504754939994  0.00670439659739716
  0.00682622429597425  0.00693419326308888  0.00706227338590435  0.00722274677308527
  0.00729654477090561  0.00733376685205515  0.00737319702936992  0.00741140438243087
  0.00744852934397879  0.00749891644057755  0.00757269326849960  0.00764614676959473
  0.00771720805952511  0.00778608894716154  0.00785564114620770  0.00792449954383195
  0.00797245331253663  0.00799139101441788  0.00801032871629914  0.00833498291968032
  0.00892948056107698  0.00952397820247365  0.01011847584387033  1.00000000000000000
 -0.00006045615188566  0.00033302561194268  0.00055823392610636  0.00072812449570240
  0.00087837708623078  0.00101519886426100  0.00114329304871972  0.00124691609447527
  0.00134001887759456  0.00143779129299698  0.00152611460787334  0.00160993720693512
  0.00169922654979303  0.00178609005600316  0.00188005273434286  0.00197402929177904
  0.00204830668494229  0.00212553904662105  0.00220331726652487  0.00230736583026403
  0.00238969966028238  0.00246631672232014  0.00255584417305682  0.00265458977860945
  0.00275885344565329  0.00286326471012474  0.00298432633770583  0.00309943660781272
  0.00321668040946932  0.00331809076977929  0.00338744616279058  0.00346444849365720
  0.00357599912258020  0.00371605021162905  0.00382516775186038  0.00392180013614698
  0.00404547265391003  0.00417134355372644  0.00429222450258263  0.00440019559862614
  0.00450912737326548  0.00462779167926987  0.00478092725249345  0.00493788369713366
  0.00509565107586045  0.00523644147698822  0.00535875532016090  0.00548797461320140
  0.00556068500274327  0.00572692078235157  0.00599240645690185  0.00636843316262122
  0.00658635917204427  0.00666338925524265  0.00674041933844103  0.00681744942163940
  0.00689447950483778  0.00697147304858743  0.00704827394917694  0.00712507484976645
  0.00720187575035596  0.00727867665094547  0.00735547755153498  0.00743180355586840
  0.00750798795555267  0.00758417235523695  0.00766035675492123  0.00773654115460550
  0.00791864780493218  0.00828046078998638  0.00867403352442528  0.00911262011662468
  0.00961896114454931  0.01006069511211566  0.01048124256049904  0.01089967873446814
  0.01130057372190491  0.01172352730145941  0.01219761270181305  0.01265040906887770
  0.01308918315641493  0.01354267621559672  0.01399079939301642  0.01441228940815166
  0.01489767397509958  0.01532137030208953  0.01560029168833918  0.01578204510282255
  0.01633614838011601  0.01859520910955518  0.02110608398072254  0.02384846110314863
  0.02714064383292381  0.03079978954588523  0.03450629144551338  1.00000000000000000
 -0.00274676943737459  0.01147878802399795  0.02299573493648105  0.03554815550397435
  0.04967896877110285  0.06620715900691995  0.08307310622571547  0.09813932752531791
  0.11170772335343364  0.12479415044255597  0.13954017728187340  0.15588872040116825
  0.16902209820369840  0.18037816949855096  0.19022792472067024  0.19979918595386351
  0.21008353976132235  0.22085750611035457  0.23242771671677842  0.24533525457185917
  0.25499515016991131  0.26333724722132090  0.27264248650620065  0.28236535993117251
  0.29467801595012622  0.30698402621039750  0.31910997235669253  0.32309783378283979
  0.32537682696384651  0.32765582014485317  0.32993481332585983  0.33221380650686649
  0.33443724203658248  0.33664204339047282  0.33884684474436311  0.34105164609825345
  0.34325644745214373  0.34527030121420293  0.34718884064836991  0.34910738008253694
  0.35102591951670398  0.35294445895087095  0.36019124095107324  0.37194793145813432
  0.38523405968094659  0.39930958224606961  0.41330422820357932  0.42527948178751185
  0.43606770358697844  0.44531433978328333  0.45463949979109664  0.46453298343535565
  0.47865391358980247  0.49428607653658646  0.50942073975793989  0.52477598697930405
  0.53954859345548900  0.55261078994671775  0.56369234709091709  0.57099108340570681
  0.57944381785421906  0.58949846156622709  0.60215401106018651  0.61741266022684416
  0.63324287472096830  0.64690102837874175  0.66020752927998960  0.67394795170144506
  0.68892957665455223  0.70338547373839044  0.71851278321584122  0.73269827881512639
  0.74406565387101564  0.75456791858459160  0.76552395271811691  0.77815414213298628
  0.79108980320647071  0.80240059194069024  0.81325470769109054  0.82708863121902187
  0.84223922544453211  0.85562270999709211  0.86869993745888541  0.88040453770445259
  0.88631609858137939  0.89272376587965108  0.89913140591580287  0.90542851716422668
  0.91494663015074662  0.92557340295039436  0.93520996836944836  0.94678085905764442
  0.95891797552609248  0.97153385229908018  0.98481782924011185  1.00000000000000000
 -0.00039603545542120  0.00208674145147910  0.00304837376752822  0.00374241720968255
  0.00435001126224889  0.00486054219656113  0.00535850922044716  0.00583256145873468
  0.00627846377936525  0.00681259395143197  0.00740285765893295  0.00797619482724107
  0.00849507844201275  0.00902365350001628  0.00966860619064841  0.01034683442635023
  0.01093647359796497  0.01149393306378730  0.01205833017866064  0.01264290567451553
  0.01337283641372111  0.01412652788467125  0.01493119714560300  0.01569375892359026
  0.01645309854734385  0.01709056601303910  0.01774469226026415  0.01836834485118320
  0.01891776130565455  0.01958305654512718  0.02022436893750832  0.02075015235198726
  0.02133203436393501  0.02192935299728165  0.02256879296725789  0.02319039975057216
  0.02394188526922189  0.02476713998343396  0.02546602800741589  0.02605202803529062
  0.02664734694145845  0.02727624319087317  0.02809095259927107  0.02899350775192200
  0.03006857516175026  0.03110781477435424  0.03185313645256254  0.03234055887773135
  0.03289741954179269  0.03313335639368035  0.03339322544960004  0.03380025362696480
  0.03420913095644686  0.03474693657770287  0.03532737784121703  0.03635785438543753
  0.03726075689820188  0.03801472205400475  0.03883108011964415  0.03958174568024540
  0.04084489758446504  0.04278612757085415  0.04489459232480457  0.04702863055863256
  0.04936368825847068  0.05164144105238331  0.05548568230564354  0.05934005032168767
  0.06025631184699470  0.06086785069351777  0.06147938954004082  0.06209092838656388
  0.06270246723308694  0.06331400607960999  0.06392554492613305  0.06453708377265610
  0.06514862261917917  0.06576016146570222  0.06637170031222528  0.07100950765576858
  0.08815167905122551  0.10529385044668246  0.12243602184213942  0.13957819323759638
  0.15672036463305333  0.17386253602851029  0.19100470742396727  0.20814687881942423
  0.22528905021488119  0.24243122161033814  0.25957339300579507  0.27671556440125206
  0.29385773579670904  0.31099990719216597  0.32814207858762312  1.00000000000000000
 -0.00149381307623800  0.00647708970701830  0.01526327281452133  0.02424121742926501
  0.03249733843056769  0.04120682086949026  0.05175205859537111  0.06222472937368589
  0.07306159394773491  0.08451469442917244  0.09583507437725675  0.10581543954086771
  0.11395529186866812  0.12270745544495013  0.13064914798876326  0.13871673559271636
  0.14652404617270803  0.15557453725188694  0.16485650893619325  0.17477160010039258
  0.18610125047215012  0.19831801853032546  0.21112894517428435  0.22433025973945858
  0.23488384339114446  0.23997690216811460  0.24495693007047173  0.24981988317257453
  0.25600235895814166  0.26804043461303267  0.28217523376562947  0.29732570517817375
  0.31756691149561395  0.33725739500986529  0.35412443148385242  0.37256767059133689
  0.39478420668381242  0.41507246824957877  0.43089509368553780  0.44800889375661679
  0.46091768383656379  0.46407931995718177  0.46666630706933632  0.46925329418149081
  0.47184028129364530  0.47442726840579980  0.47710616138591161  0.47992749160675019
  0.48274882182758883  0.48557015204842746  0.48839148226926610  0.49121281249010468
  0.49409403133137014  0.49698690426458453  0.49987977719779886  0.50277265013101324
  0.50566552306422763  0.51295299362511204  0.53389976643294790  0.56110888934321523
  0.58884265973495120  0.60784487853474412  0.62196023546694057  0.63616156657512235
  0.65169479157749077  0.66958228969685996  0.68631408366486801  0.70093545415701719
  0.71513318820692551  0.73144395943575247  0.74894655502001262  0.76625713613087620
  0.77931350475001959  0.79029754293073950  0.80309596654220106  0.81729386380503055
  0.83065127454283583  0.84265330187008158  0.85083595261963552  0.85847547903558796
  0.86650283677566553  0.87545571496937868  0.88524381147480358  0.89440409793213993
  0.90409464468505008  0.91455094744791798  0.92448154061483001  0.93440950146055612
  0.94384787548059956  0.95312279230473174  0.96208047455971113  0.97026731361935681
  0.97820959050078538  0.98577543094019970  0.99337275258597568  1.00000000000000000
 -0.00018950345161549  0.00092572349350645  0.00136202041260288  0.00170593699242937
  0.00201895165469397  0.00233350692026056  0.00259574634203579  0.00285545080193449
  0.00315435135898627  0.00345286152621228  0.00376875983829209  0.00410109820535895
  0.00440021845998115  0.00477009863634798  0.00516531796940623  0.00551379073645192
  0.00583610193429125  0.00627674919788445  0.00679417056660205  0.00721640850002706
  0.00752029701866282  0.00780887086023908  0.00811961010284212  0.00840814796189763
  0.00865640097702040  0.00887667323480225  0.00913519527081053  0.00939286214947010
  0.00964385560178434  0.00994013546149617  0.01023666808281567  0.01059386878878212
  0.01089283973739402  0.01118674380007248  0.01156710628768837  0.01189313286943770
  0.01210109957644160  0.01226152148233300  0.01240967728960842  0.01255567152610729
  0.01274372608025836  0.01305166267371101  0.01343456905836793  0.01377870592331992
  0.01401689684713946  0.01423990335468672  0.01446862545569748  0.01478075095333195
  0.01508803989535747  0.01550745531318685  0.01595959032658702  0.01639763831408525
  0.01684349288165645  0.01733331350812606  0.01784786698450849  0.01836227834402284
  0.01898079443306757  0.01975287081936494  0.02052388225190530  0.02113363136123213
  0.02167728950208308  0.02217350336741043  0.02269086653140833  0.02315047132037120
  0.02555523971442445  0.02846095492898684  0.03009899098396029  0.03152983231202643
  0.03254210621464781  0.03355438011726919  0.03456665401989057  0.03557892792251196
  0.03659120182513334  0.03760347572775472  0.03861574963037610  0.03962802353299748
  0.04064029743561887  0.04165257133824025  0.04266484524086164  0.04357751925650446
  0.04440414198794815  0.04523076471939183  0.04605738745083552  0.04688401018227920
  0.04771063291372289  0.04853725564516657  0.04936387837661026  0.05019050110805395
  0.05101712383949764  0.05184374657094133  0.05267036930238501  0.05349699203382870
  0.05432361476527239  0.05515023749671607  0.05587567184719169  1.00000000000000000
 -0.00214203969478814  0.00924871677179321  0.02052710050397121  0.03026761008085383
  0.03906606684254006  0.04810822492434451  0.05735610931527563  0.06651374992632832
  0.07535059290848233  0.08290839784653260  0.08967347103782450  0.09732467400345944
  0.10590252031623569  0.11514693169105611  0.12366406945323308  0.13131637325143317
  0.13957844146228579  0.14915900031516818  0.16116999569120130  0.17377424934424460
  0.18574270457061084  0.19861503152062665  0.21131844749764117  0.22362139195569475
  0.23470281859736511  0.24556493096174015  0.25751506438935401  0.27125743045656592
  0.28567901948116692  0.30005518680288973  0.31320449767042235  0.32614172390096685
  0.33834211791056962  0.35401919280509825  0.36907017783194768  0.38294216704784823
  0.39707313953410478  0.41327842730337244  0.43153463450948915  0.44974273479899157
  0.46939988914459657  0.49265286677079828  0.51732086750779671  0.54144889595691281
  0.56317087241310726  0.58381454030935209  0.59516460057524545  0.59811528456094709
  0.60106596854664873  0.60401665253235037  0.60696733651805201  0.60989345970174502
  0.61276712371440945  0.61564078772707387  0.61851445173973829  0.62138811575240271
  0.62421970911440361  0.62673936922820561  0.62925902934200773  0.63177868945580973
  0.63429834956961184  0.63681800968341384  0.64901211581876028  0.66113283638543863
  0.67383892801767820  0.68636550995017420  0.69924121823881114  0.71247760425497064
  0.72499997546002093  0.73748597205520294  0.74873645857544668  0.75958271348026307
  0.77095010126738650  0.78090635749624315  0.79135369677000411  0.80239202198558190
  0.81402647430905872  0.82752076920994821  0.84087827987094788  0.85370085291445497
  0.86382139657182622  0.87140691712678620  0.87946951399865370  0.88872170578298115
  0.89832146204666208  0.90776711444910807  0.91900349803319370  0.93096157656367284
  0.94021229164264197  0.94706326642499405  0.95421589294556852  0.96129701519907718
  0.96791175695369991  0.97698121325585496  0.98854746764069601  1.00000000000000000
  0.20881752639102649  0.97588396433466951  0.98670950453120188  0.99033146971658548
  0.99215260105634195  0.99343223979106476  0.99428499486941047  0.99493664904412893
  0.99549918633002066  0.99593091204495543  0.99627938977529329  0.99654838480736629
  0.99676936799489935  0.99696676021154529  0.99714570639446332  0.99731048571975001
  0.99745722685199079  0.99759996511839544  0.99772359426211943  0.99783800614296969
  0.99791995563932934  0.99799550756687250  0.99806817454748142  0.99814112152582468
  0.99821199779279279  0.99828004088365452  0.99834884160894488  0.99841821580068946
  0.99848263377384061  0.99854389393469900  0.99858510550165391  0.99862251910583077
  0.99865736033085228  0.99868942360892055  0.99872937990311661  0.99877061052901495
  0.99880996687701851  0.99884832917135691  0.99888690456472384  0.99892403959918719
  0.99895692414020898  0.99898762309678135  0.99901903392265679  0.99905270031689852
  0.99908730218086128  0.99911989322104300  0.99915002959502663  0.99917856534195304
  0.99920449318176052  0.99922718772856534  0.99924935967792661  0.99927255660902492
  0.99929705256149437  0.99932097967560618  0.99934348697173192  0.99936519190269979
  0.99938680088000409  0.99940906300341747  0.99943110864689244  0.99945532714972218
  0.99948166154018292  0.99950841904336996  0.99953507765821559  0.99956191691028162
  0.99958922508032755  0.99961585444273571  0.99964212243118700  0.99966776893405740
  0.99969107950452718  0.99971191054342579  0.99973133739836784  0.99975000538696535
  0.99976929855821850  0.99978791730294869  0.99980238085377460  0.99981637155271985
  0.99982990186829790  0.99984281154637411  0.99985473338845410  0.99986638077241985
  0.99988040769460496  0.99990125031677179  0.99991259612571448  0.99991905772640888
  0.99992551932710338  0.99993198092779778  0.99993844252849229  0.99994490412918668
  0.99995167444782773  0.99995857809813815  0.99996548174844846  0.99997238539875877
  0.99997928904906908  0.99998619269937938  0.99999309634968969  1.00000000000000000
 -0.01254911177633423  0.07646830165116347  0.11750680668375445  0.13418263588234297
  0.14786261241854434  0.16072957059363308  0.17265343049800458  0.18358505966870464
  0.19386837681040445  0.20354451668524134  0.21237091866180596  0.22029409141402309
  0.22846566408657354  0.23718252018132185  0.24630222685361375  0.25568645977382748
  0.26473133595977832  0.27368062751784966  0.28373035876694058  0.29368436482985849
  0.30431191519992123  0.31403028544271655  0.32284634189105377  0.33163114810929156
  0.34085739551211747  0.35064184039404167  0.35943768310687646  0.36810120532817669
  0.37746673258923108  0.38672692193865466  0.39351725002621712  0.39536742608906172
  0.39721760215190627  0.39906777821475081  0.40091795427759536  0.40276813034043990
  0.40466033569020182  0.40655451586303959  0.40844869603587730  0.41034287620871507
  0.41223705638155278  0.41430150428809864  0.41641215243433588  0.41852280058057312
  0.42063344872681036  0.42274409687304759  0.43106495301761755  0.44183133594436619
  0.45101982013681818  0.45837732880888477  0.46666724370545065  0.47574520558645883
  0.48675777686871702  0.49694913919856198  0.50738390568055003  0.51852931464325014
  0.53076821629088600  0.54346056491441963  0.55668411884809244  0.57007863960234739
  0.58283266778934006  0.59417169161388095  0.60417675359574585  0.61368530474772176
  0.62346401994999978  0.63152634462271762  0.63783090260757191  0.64398719752828448
  0.64989013231937420  0.65533433539035246  0.66353726223534626  0.67062443216289658
  0.67906435704213752  0.68752839270820332  0.69592161940579189  0.70414990701880653
  0.71289677490317460  0.72210972897577475  0.73058259734269082  0.73915899335412139
  0.74739466879953076  0.75576831742480466  0.76430942534139135  0.77224413633640765
  0.78035841205198164  0.78838423651435330  0.79632881610872708  0.80448020531721631
  0.81284006699060241  0.82292402207217730  0.83544603945565044  0.84893342253796134
  0.86402624261316763  0.88187250600270228  0.91988644390832386  1.00000000000000000
   2.2106346246009978E-015  -1.0000000000000000     
 F F F F F F F F F F F F F F F F F F F F F F F F F F F F F F F F F F F F F F F F F F F F F F F F F F F F F F F F F F F F F F F F F F F F F F F F F F F F F F F F F F F F F F F F F F F F F F F F F F F F F F F F F F F F F F F F F F F F F F F F F F F F F F F F
  <DiscreteSampler_grid>
  grouped_processes
  1 # 1 for a reference and 2 for a running grid.
  10 # Attribute 'min_bin_probing_points' of the grid.
  1 # Attribute 'grid_mode' of the grid. 1=='default',2=='initialization'
  0.0000000000000000 # Attribute 'small_contrib_threshold' of the grid.
  0.5000000000000000 # Attribute 'damping_power' of the grid.
 # binID   n_entries weight   weight_sqr   abs_weight
    94   10   3.612116704012738E-010   4.566771437256142E-019   3.612116704012738E-010
    95   10   3.612116704012743E-010   4.566771437256159E-019   3.612116704012743E-010
  </DiscreteSampler_grid>
