  0.00276162142833073  0.02125825487296757  0.03655871538603742  0.04872067079391963
  0.05938017680826600  0.06979550940383608  0.07986244548642001  0.09001899983375460
  0.10006948395981358  0.10999970755510823  0.11987550773943473  0.12939086165965186
  0.13870754885016948  0.14798839729379959  0.15716396121269310  0.16656552305969410
  0.17607056612952565  0.18572530196753895  0.19566287481595435  0.20578574660916429
  0.21600111882630976  0.22616641381715055  0.23619645209113396  0.24593473449054443
  0.25575744226151970  0.26544221510710769  0.27531740947391281  0.28527241883054760
  0.29522475798582953  0.30522900469872949  0.31512878184652293  0.32473842721391166
  0.33435326069444621  0.34432801184588896  0.35457561900938411  0.36483205527226392
  0.37501172151914086  0.38502307514966355  0.39490461336495858  0.40453563721126751
  0.41451604028310612  0.42490385490359828  0.43542597322147919  0.44547742818373148
  0.45536084557623580  0.46506966678202227  0.47484512287522951  0.48456323447921473
  0.49422049606054447  0.50384803065123063  0.51351817354385154  0.52355187075424392
  0.53390754975806831  0.54446152264113579  0.55510714048195509  0.56570807238561260
  0.57618342111003218  0.58672588247307644  0.59735856890831052  0.60791114239685595
  0.61814459458270732  0.62836772132798502  0.63883490726077352  0.64946228545332496
  0.65993824601943629  0.67018245846571967  0.68030950959526926  0.69031864294237810
  0.70014290634516929  0.70998803663456966  0.72004112383552199  0.73047731375106284
  0.74107144874002717  0.75185907220769843  0.76269785748682883  0.77360875824918962
  0.78476206581566554  0.79609904807759868  0.80733278213807036  0.81813121705639558
  0.82859779233494457  0.83896830810186163  0.84928318217527299  0.85977697907691830
  0.87046583978672132  0.88142652354087170  0.89232917650387555  0.90335722202089563
  0.91438265293894960  0.92514961267625695  0.93587178225265644  0.94691827130290185
  0.95838599083699316  0.96994288955695962  0.98359151662720012  1.00000000000000000
  0.00000063259493592  0.00000596872204964  0.00001241183332583  0.00002100217747357
  0.00003167532702543  0.00004403225998807  0.00005849601795943  0.00007481862525809
  0.00009238804559577  0.00011189997193629  0.00013287763599799  0.00015517579716868
  0.00017903712150553  0.00020477519407756  0.00023133918076404  0.00025956339023107
  0.00028830713013208  0.00031813826113964  0.00034997984742462  0.00038270421442518
  0.00041663055070937  0.00045047367173475  0.00048588151190786  0.00052222857796825
  0.00055962427716753  0.00059825234024238  0.00063708450170332  0.00067811246295601
  0.00072252081398829  0.00076783050434635  0.00081612336470413  0.00086521667459972
  0.00091582200145438  0.00096889572814084  0.00102353166715665  0.00108125695290502
  0.00114301838628511  0.00120643951124625  0.00127192209275170  0.00134194726634752
  0.00141495448926685  0.00148970612926729  0.00156731697655522  0.00164829782057682
  0.00172772786339277  0.00181706194685484  0.00191122780468584  0.00200893083175280
  0.00211112776988858  0.00222342289629941  0.00233684198284106  0.00245698007107862
  0.00258605881271700  0.00272260615918483  0.00286760446464975  0.00302058379757496
  0.00318563896647900  0.00335018531172826  0.00353617913986723  0.00373273369046422
  0.00393967742088000  0.00416338419293623  0.00440619441862598  0.00466165824638293
  0.00493110452358749  0.00522127458769580  0.00552679973671586  0.00584716930342403
  0.00620368107510897  0.00655131685865187  0.00694122115357311  0.00737131375883761
  0.00782768812991749  0.00832791380313098  0.00884461987493568  0.00937641710835130
  0.00996587018418193  0.01056006056571689  0.01121937702113392  0.01201747755713683
  0.01289594886873845  0.01392825362193654  0.01506079896350948  0.01627040837029196
  0.01758663476528029  0.01908752296016578  0.02084335573801907  0.02276629389973463
  0.02477691792263519  0.02707790831044129  0.02972765016639698  0.03389244127834955
  0.04244212269472154  0.05696708781925802  0.48416944698932940  1.00000000000000000
 -0.00201811363016311  0.00917959665499756  0.01897697898632024  0.02933416235512499
  0.03934645241394669  0.04950436529503818  0.05969787166617163  0.07047480903118185
  0.08156085235611851  0.09264642452167732  0.10367313682534875  0.11437586853137559
  0.12512694361401150  0.13561753194322826  0.14597540324496647  0.15626129247888379
  0.16666014864320278  0.17732463722210162  0.18792439705190611  0.19868541599704556
  0.20953539738760893  0.22006857730528909  0.23068196132205146  0.24108472650996876
  0.25202009216997656  0.26264985973231281  0.27301220175244462  0.28337507171008564
  0.29393370636064581  0.30411015572172606  0.31422892985950207  0.32419866594496355
  0.33442379377494774  0.34500742827217712  0.35552853942271884  0.36593444581835877
  0.37598087869659713  0.38664466422679178  0.39731195221778343  0.40831223162921548
  0.41901421234307124  0.42967684118550575  0.44011853957508279  0.45088193382667313
  0.46153003024216394  0.47218272923455396  0.48295068534877017  0.49419874054655571
  0.50499446100309986  0.51529920494357206  0.52546087053708557  0.53590664866092452
  0.54605169215376548  0.55600230591397082  0.56613896269014374  0.57670069670481572
  0.58758272826424074  0.59856035714413214  0.60955013140349434  0.62034736099524401
  0.63051778964907612  0.64049314197111185  0.65042772767126167  0.66020501704518253
  0.67003435832988634  0.67974554007194510  0.68984261802764790  0.69997105412292759
  0.71028655415532649  0.72017124338730942  0.73017550310452550  0.74040538639892650
  0.75082457211309772  0.76140026106981806  0.77172994391668503  0.78203490238841600
  0.79232979206130660  0.80284185492473426  0.81345301799357339  0.82408612268244785
  0.83501750890817961  0.84638012669369400  0.85779841178432858  0.86964675135039204
  0.88105160454388265  0.89235575110338672  0.90343151273378597  0.91435494617299817
  0.92478986244035943  0.93501404813616218  0.94581325989922083  0.95668512766678904
  0.96752374582488776  0.97817051395238874  0.98902290385096192  1.00000000000000000
 -0.00210681007405253  0.00938501407134547  0.01952459071520584  0.02997298358880381
  0.04034095089185564  0.05029021186062739  0.06051374409823395  0.07084827110076258
  0.08119202223784441  0.09123952416710079  0.10101092301537538  0.11093094061360810
  0.12094332814610344  0.13114534957574742  0.14158789388046550  0.15219419802431294
  0.16296818991936921  0.17357033458290383  0.18398901278003671  0.19461566052867960
  0.20516986966801923  0.21557725069417413  0.22598060686639831  0.23682256826289852
  0.24799204099788280  0.25920689563618760  0.27037917001650946  0.28156818830935737
  0.29278250770486142  0.30403722575953390  0.31527064383189424  0.32631337716321790
  0.33702366775357973  0.34776489646021480  0.35850589743613276  0.36938955453752181
  0.38017736052342260  0.39077483590008522  0.40136229291253894  0.41165643199038526
  0.42184468639225314  0.43193769629542622  0.44191131238222064  0.45213966028789493
  0.46251657650401690  0.47321812070169345  0.48382184155223051  0.49431153558190138
  0.50490785836948859  0.51541541010830405  0.52611519139081864  0.53691156624597336
  0.54777952251070283  0.55870463513263513  0.56962454166808174  0.58060053052585581
  0.59162418679846496  0.60262654512593139  0.61329775931197417  0.62350238421116533
  0.63379279557119150  0.64439631271980857  0.65504868958961771  0.66564480953877114
  0.67605340936471281  0.68623291099864681  0.69635493776209656  0.70645099337146444
  0.71730978130486722  0.72830857809842486  0.73938259085440927  0.75026634759267607
  0.76104954435155647  0.77174860457759198  0.78158967463928830  0.79162750244949542
  0.80179327722477112  0.81216826902564354  0.82241553337863837  0.83264294257477500
  0.84295686110327628  0.85295527648605540  0.86324425655982495  0.87365571200766790
  0.88441619894348111  0.89521537945164698  0.90630581809947119  0.91734057545683034
  0.92753078672835920  0.93783920049366332  0.94782761349251810  0.95837178336285822
  0.96876125842423944  0.97923379176099434  0.98962910260228099  1.00000000000000000
 -0.00229339509119205  0.00889264391524822  0.01842242330511242  0.02847047678895469
  0.03868432009308818  0.04988530795571382  0.06173943542661078  0.07293638747809546
  0.08374635184239805  0.09378721388667541  0.10451101706167472  0.11468297539560962
  0.12488749846943889  0.13493341368626852  0.14516894145295989  0.15562188287690343
  0.16629061215855467  0.17721327056145156  0.18827094663866842  0.19858460130116573
  0.20898652188102257  0.21941535689462055  0.22949811602605616  0.23920794187485306
  0.24853338024401933  0.25835438869339600  0.26836017549740437  0.27902103364911152
  0.28955057934751899  0.30000511881325370  0.31024564631090673  0.32022375289150384
  0.32986913896180825  0.33951121570123299  0.34934306395340969  0.35952385322383790
  0.36988284430748419  0.38035092999934011  0.39088468778337943  0.40142198392097350
  0.41226916627499760  0.42309139588904282  0.43393903451201060  0.44503026468937829
  0.45601678210476165  0.46690177257849241  0.47776348060422835  0.48884759026715685
  0.49972766815705710  0.51011805812878708  0.52018940882574505  0.53023195156333469
  0.54062392004238025  0.55159964254027061  0.56301109368896118  0.57422253434674420
  0.58508615617273119  0.59545329473163700  0.60573996941486741  0.61595648397697522
  0.62617093970858717  0.63646062746611898  0.64683472173277634  0.65744761902429250
  0.66797191429094327  0.67816964727962270  0.68843394531084090  0.69887823599430232
  0.70956022630412074  0.72047552652882352  0.73166594621275716  0.74317983055558401
  0.75458492448020753  0.76540747002236942  0.77595262095151751  0.78632961466370865
  0.79665389049761082  0.80716524787477573  0.81766412778693265  0.82853319513789847
  0.83917602244228628  0.85008010695124325  0.86090695618815294  0.87214898690210341
  0.88389426584099018  0.89533530253294924  0.90611851395807297  0.91692854353559605
  0.92760244956444005  0.93808060884929190  0.94833151835491369  0.95855827994833398
  0.96899174074409855  0.97912851852266913  0.98962572463880549  1.00000000000000000
  0.01688738934945707  0.18824336414064347  0.28303501027917349  0.35217941693428251
  0.40440471686970902  0.44527978186949863  0.47669653399771578  0.50253822906199974
  0.52312870861416927  0.53735200353028056  0.54870811337568193  0.55863598087914190
  0.56794639659587320  0.57634345143463528  0.58370265969789292  0.59013217801040529
  0.59609558782035654  0.60191730556130274  0.60757183104874701  0.61306433629571244
  0.61846914891380234  0.62371922747292130  0.62870239623884139  0.63344354265468694
  0.63815594432015066  0.64279191950587833  0.64717405230358427  0.65136518406936506
  0.65547623670899746  0.65953939486496049  0.66367091725479854  0.66766082370546698
  0.67140056263237624  0.67510516871413129  0.67874373051592429  0.68234367039446575
  0.68599112249975125  0.68958439153731521  0.69317203607106059  0.69670220184173137
  0.70018807070284284  0.70364768717067616  0.70712336209389504  0.71066611226089071
  0.71424917431261048  0.71776439581652440  0.72120516140491409  0.72461205116294680
  0.72797969804880092  0.73148511596362986  0.73498372511248422  0.73844819792811955
  0.74190921748971428  0.74536496984384948  0.74879849972139800  0.75224066875211570
  0.75570740051500263  0.75917708710225951  0.76272050756084298  0.76634885941575059
  0.76999259158423639  0.77358480780042627  0.77713136442640640  0.78066437818567547
  0.78415573625606905  0.78762161180225765  0.79115630046306085  0.79479080271427494
  0.79852755537771158  0.80230346619529924  0.80609885878958853  0.80996301867574672
  0.81392973507447353  0.81797246150545611  0.82204764296281196  0.82608158223494976
  0.83011545594745462  0.83448876254278992  0.83920714536889796  0.84408772438182211
  0.84890952251864549  0.85371230804128129  0.85868196526968987  0.86381859218160417
  0.86915979352347716  0.87469925279859151  0.88056916484232883  0.88675580379123231
  0.89324814554673349  0.90073052402609066  0.90896624021923400  0.91763947729068485
  0.92773965328205710  0.94011890011931598  0.95950426220164042  1.00000000000000000
 -0.02012519329620178  0.12962721388574522  0.16582483463617229  0.18759685805780565
  0.20380000895875891  0.21653412634052824  0.22768839443959107  0.23765536182669589
  0.24695405355072930  0.25570233128223252  0.26396334559977280  0.27178867284469077
  0.27922431525811836  0.28640724142111390  0.29344910947264347  0.30021550161717442
  0.30677850466360235  0.31306153212581150  0.31913823142831349  0.32502591756144306
  0.33084039147513905  0.33663260685201379  0.34244290240826236  0.34826532941399635
  0.35406276359321531  0.35974572445146485  0.36531367115085783  0.37061757231974918
  0.37592539894313742  0.38118377539164505  0.38645964523837534  0.39167885661181229
  0.39677450664872954  0.40189397935306992  0.40711957544092969  0.41243991197104224
  0.41778083928731247  0.42311673454880089  0.42840267385112962  0.43354952378048872
  0.43880889193795897  0.44415104218862556  0.44951996186234477  0.45485030648746716
  0.46008508876802379  0.46537300724381725  0.47072984981038929  0.47621085229388888
  0.48177120758242126  0.48736006016806616  0.49290750709223635  0.49836034615546893
  0.50374214399472728  0.50904455116404357  0.51437471573989824  0.51977752835381541
  0.52505134252195229  0.53030424115829022  0.53551838703862831  0.54074722050492596
  0.54593338722717100  0.55112425599297932  0.55636210752953019  0.56160682922251248
  0.56696324356317374  0.57239393167023511  0.57797923310213339  0.58373209404945947
  0.58961566819997990  0.59546663948503364  0.60133135752208844  0.60715437692326024
  0.61324141327167792  0.61942918015117476  0.62598676693502009  0.63289543200665688
  0.63985690083290736  0.64691854208359356  0.65417387560932272  0.66157034369401413
  0.66922408130011024  0.67719318062117817  0.68546323800675912  0.69406580943649343
  0.70291459913564880  0.71199713848533241  0.72144092744482424  0.73161109547236103
  0.74282722145783875  0.75503436609094288  0.76889076969318670  0.78478602922135554
  0.80362539224068186  0.82836202609565390  0.87024500114625347  1.00000000000000000
   1.8604600534938845E-008  -1.0000000000000000     
 F F F F F F F F F F F F F F F F F F F F F F F F F F F F F F F F F F F F F F F F F F F F F F F F F F F F F F F F F F F F F F F F
  <DiscreteSampler_grid>
  grouped_processes
  1 # 1 for a reference and 2 for a running grid.
  10 # Attribute 'min_bin_probing_points' of the grid.
  1 # Attribute 'grid_mode' of the grid. 1=='default',2=='initialization'
  0.0000000000000000 # Attribute 'small_contrib_threshold' of the grid.
  0.5000000000000000 # Attribute 'damping_power' of the grid.
 # binID   n_entries weight   weight_sqr   abs_weight
    10   10   8.709478192892926E+003   1.760126301724160E+008   8.709478192892926E+003
    11   10   8.709478192892921E+003   1.760126301724156E+008   8.709478192892921E+003
  </DiscreteSampler_grid>
