  0.00000035049302447  0.00000170839252101  0.00000415811217462  0.00000949012251270
  0.00002003230898093  0.00004174507913724  0.00008252916141450  0.00015426855314361
  0.00025715515837378  0.00038713099690549  0.00052784832858085  0.00069082232459382
  0.00084173110050829  0.00097840403246102  0.00110613824942352  0.00121543714616913
  0.00132606971093603  0.00143509601005432  0.00153315449554430  0.00162501318952153
  0.00172011825074849  0.00182141448135663  0.00192771784710545  0.00202865423340963
  0.00212200114815971  0.00220634838579787  0.00229042121335476  0.00236923050811734
  0.00243934938607843  0.00251624814139721  0.00260103777432167  0.00268856960785423
  0.00277887451905188  0.00287599880846244  0.00297807301061215  0.00308007126899304
  0.00318077512746180  0.00327665984767693  0.00336185951802096  0.00344487356103313
  0.00352747750681103  0.00360890061865300  0.00368243427665146  0.00374874365651319
  0.00382332591308445  0.00390233621686211  0.00397640763504211  0.00404454042657300
  0.00410882995473952  0.00417380390628418  0.00424208456562804  0.00431225937950853
  0.00438366393840055  0.00445502311491766  0.00452307385433266  0.00459140042796971
  0.00465933932680896  0.00472698484311579  0.00479929456032870  0.00487333280283063
  0.00494633715004954  0.00502141395165822  0.00509597280210031  0.00517190266686443
  0.00524905689254083  0.00532205004320601  0.00537965363578851  0.00543471113417854
  0.00549443182825498  0.00556391295948648  0.00563452575714954  0.00570950789793094
  0.00578440596444316  0.00585935859724213  0.00594092656866946  0.00602761995406192
  0.00611930731596494  0.00621386706168961  0.00631537331897665  0.00643269298978413
  0.00655460524714260  0.00667462116507603  0.00678730753465616  0.00690872672047890
  0.00704191175282215  0.00718619906085776  0.00735294935482513  0.00756948544777259
  0.00786204127425771  0.00824386058050322  0.00875755244545576  0.00989373324637880
  0.01671042717757557  0.03274781723903068  0.52779490332643997  1.00000000000000000
 -0.00000856083650005  0.00005077935778704  0.00010459562217744  0.00015120172585732
  0.00019420238034186  0.00023493589601420  0.00027418210953771  0.00031354222398836
  0.00035176575649494  0.00038757171974293  0.00042251027221122  0.00045780394709025
  0.00049307043631527  0.00052798775286062  0.00056367902957112  0.00060170934553148
  0.00064016359905927  0.00067643999800137  0.00071089710849706  0.00074544230262783
  0.00078210172790718  0.00082144021413077  0.00086308352537026  0.00090558770765804
  0.00094719263425641  0.00098743900753952  0.00102562887300018  0.00106339628869601
  0.00110631472143264  0.00115145268414561  0.00119756263957866  0.00124411288015206
  0.00129347920971161  0.00134676247399712  0.00139742658913531  0.00144637310221788
  0.00150077860245933  0.00156496031758637  0.00163351314923977  0.00170105636878897
  0.00176537746077221  0.00183292047578216  0.00190265933079121  0.00197612904835528
  0.00205313673599080  0.00213314322792552  0.00221409124884697  0.00229614557707771
  0.00238735364838995  0.00249207949031072  0.00259584757096109  0.00270555274854973
  0.00282489701248579  0.00294832648354872  0.00306873630933381  0.00319255850998477
  0.00333919962487990  0.00351899019759792  0.00371485392042438  0.00392064927166168
  0.00414478896537554  0.00438259517913000  0.00464215463220192  0.00493371889722951
  0.00523122511885513  0.00551533111491355  0.00578074923715189  0.00607028856251889
  0.00640185621013476  0.00680457522901830  0.00732606997787002  0.00792234286568062
  0.00855532599354688  0.00921167226089160  0.00987590018686234  0.01051219260170287
  0.01112450223944228  0.01171978920781754  0.01233744805697039  0.01302506025418554
  0.01383564864937882  0.01465836202552965  0.01545122726757660  0.01614062566950795
  0.01681782966277428  0.01752974435540271  0.01822074149459335  0.01891428556672872
  0.01961444038980529  0.02034431171862880  0.02122023738826813  0.02258941053526944
  0.02500198543133431  0.02876459839874852  0.03421455778492614  1.00000000000000000
 -0.00169269085811409  0.00750012152972156  0.01832645247979974  0.02875891041399755
  0.03844352104821046  0.05051738769535476  0.06203788585246104  0.07298802766738244
  0.08300400217739476  0.09253268814302885  0.10175187265590972  0.11261007075368711
  0.12383702969308863  0.13564007464116290  0.14736402531691434  0.15878071284341988
  0.16919857608586442  0.17951236501348189  0.18981845992243268  0.20076592225077247
  0.21201085936972905  0.22279351641899212  0.23301343007143627  0.24319293362650582
  0.25388170523409964  0.26510547885776126  0.27664280065066232  0.28804475398932422
  0.29914274620659287  0.31025449021066959  0.32101076275804968  0.33171353025997208
  0.34185776496236581  0.35175710785338665  0.36157932825585204  0.37206484612287044
  0.38318264105604621  0.39443687617821993  0.40554984923822368  0.41628857269350406
  0.42704910197733548  0.43693370635063428  0.44658874289781120  0.45680964765540943
  0.46665498237625808  0.47626460473925181  0.48516641808503497  0.49487005670225098
  0.50539034815980122  0.51673315352355020  0.52831325791243244  0.53919749407922068
  0.54954625607978957  0.55969260639137763  0.56997107624880305  0.58055461335441816
  0.59187919572009040  0.60314671521044272  0.61422929285651284  0.62483370041161856
  0.63536653062951554  0.64612763587118605  0.65697328122332854  0.66764476040597975
  0.67798994515791611  0.68785448795185256  0.69728815636224950  0.70652935430453401
  0.71590423545303883  0.72551030848338249  0.73534047615242748  0.74478855544838352
  0.75483712801027425  0.76510707120625843  0.77592100884420034  0.78626032639916865
  0.79718746385021166  0.80761979736331158  0.81809638390617034  0.82821285110997334
  0.83828272793200109  0.84853138724291488  0.85853921703390901  0.86914967847360092
  0.87938393963003414  0.88983950931379863  0.90145301956155455  0.91373667894270616
  0.92647207830743383  0.93868276099803916  0.94971123012044989  0.95964864747324274
  0.96890253567309348  0.97875900591896636  0.98872432203583593  1.00000000000000000
 -0.00009016083489843  0.00032330041208180  0.00074879312606543  0.00105433869912708
  0.00129267322373588  0.00149584671878106  0.00168552728685781  0.00187300857483603
  0.00205560763909799  0.00223295955736250  0.00240849099246836  0.00257970303837488
  0.00274542698708230  0.00291180671460423  0.00307970865160038  0.00325247095794868
  0.00343028256002641  0.00361358622559483  0.00380156518691141  0.00399115369860291
  0.00417616252315585  0.00434674818879875  0.00451668931232301  0.00468976948498764
  0.00486197699348391  0.00505092632003310  0.00525155784347094  0.00546763397324237
  0.00570030273462206  0.00593449107307040  0.00616352780454346  0.00639350153498401
  0.00662395448973569  0.00684864397029394  0.00709180408539788  0.00734083897693266
  0.00758261253831048  0.00783473008873586  0.00812037082091701  0.00843638051172362
  0.00876685435520908  0.00907266419765950  0.00934054874463102  0.00958612067966383
  0.00984506680117623  0.01014270411227755  0.01047245666622495  0.01079466317764605
  0.01111781056642904  0.01143364817037870  0.01170257515804508  0.01194678186763626
  0.01219455621957844  0.01246386871339680  0.01274217664169850  0.01302934825418001
  0.01336862698426409  0.01377143602639064  0.01426195362268526  0.01477720867523480
  0.01534450409826955  0.01588714434158000  0.01629989487112120  0.01670320674627228
  0.01708173362564482  0.01739636267121766  0.01771697599377211  0.01810602519564756
  0.01871246914312637  0.01949509412553135  0.02017492606966296  0.02068629519724912
  0.02111850557308425  0.02150888511052843  0.02192105872880401  0.02243785179373283
  0.02311436243123880  0.02383946398397544  0.02456185800182624  0.02528626808597586
  0.02596156392890191  0.02668384862598511  0.02747852506624737  0.02869087663016292
  0.03021458301236589  0.03192485324150095  0.03370308390015238  0.03458342449343139
  0.03547877219854836  0.03658518243945371  0.04010463839210725  0.04368101943239859
  0.04633283184642249  0.08578069535363431  0.29863712191933012  1.00000000000000000
 -0.00178490096150008  0.00687779555005009  0.01600991683355492  0.02509581135911913
  0.03442082941433233  0.04303378128701159  0.05150123549244751  0.05915665256821952
  0.06721260837685353  0.07507015922161990  0.08315567934678463  0.09108267188377230
  0.09882501759065293  0.10716811594849864  0.11547428067862497  0.12370697028403123
  0.13145163360376855  0.13893291749331085  0.14660161308829037  0.15443876972995585
  0.16219645062437979  0.16985245088831791  0.17756131681674964  0.18533800894713648
  0.19357042179412587  0.20222287308776543  0.21078585484274823  0.21898300602850296
  0.22715624608540369  0.23557819232072197  0.24452177749960519  0.25405363799958214
  0.26440118347860075  0.27549488159111435  0.28700844871054143  0.29881362210356771
  0.31126355130081190  0.32492406610594526  0.34004130533500176  0.35649058786608689
  0.37306065850829695  0.38902903146906753  0.40534538131579240  0.42326647409947388
  0.44301620834473499  0.46215219561373599  0.48011511039829136  0.49743998732552186
  0.51324797701492697  0.52797259315359057  0.54374830477159886  0.56147859839744696
  0.58058837249175266  0.60059297491480090  0.61975232288413407  0.63684167877600428
  0.65207256232902311  0.66664074972558229  0.68145106227133623  0.69598810662641830
  0.70938135433794680  0.72035876369087692  0.72971015437266140  0.73832551227612142
  0.74811479412247028  0.75855931928696718  0.76845527740675734  0.77758355583998240
  0.78602054592233439  0.79386507697259623  0.80149947342145655  0.80953511203400863
  0.81811106627829000  0.82663974352686997  0.83445147669617359  0.84180336808565026
  0.84971440455645009  0.85810203137907370  0.86624042261262635  0.87438233255757536
  0.88228739586695715  0.89017239576914353  0.89790119714294148  0.90551407425309038
  0.91335246196197661  0.92178260376894583  0.93038576744928836  0.93843008386068849
  0.94532333248510292  0.95189244132649586  0.95882131947927851  0.96672929145826125
  0.97489184661800987  0.98337611696180216  0.99172149168696400  1.00000000000000000
  0.00961057582808728  0.46175022495384138  0.62462050776130462  0.72585906446534598
  0.78835115621096796  0.82975716505657404  0.86005350797766822  0.88274135335090198
  0.90026361334070759  0.91414493389540419  0.92511040145700996  0.93405273646779885
  0.94147603615239617  0.94777653108106086  0.95327672883752734  0.95791731039436812
  0.96172085397166507  0.96501247068031437  0.96793357168234162  0.97056015178455057
  0.97293940211637231  0.97507451278862256  0.97703654522500183  0.97882503098539153
  0.98041663966020354  0.98186131684474143  0.98319166461727270  0.98441564225835143
  0.98554261245752683  0.98658063321060463  0.98753962818148988  0.98842564046374382
  0.98924815837815261  0.99001367091902481  0.99071853846968361  0.99137423217552456
  0.99198816745124463  0.99256854700769825  0.99310745937395395  0.99360456416956089
  0.99407046983394320  0.99450541715421747  0.99490863294296006  0.99528691871516461
  0.99564682608193500  0.99598075801410557  0.99628962579628733  0.99658585826809054
  0.99687162942009933  0.99714413885433051  0.99739340869284854  0.99762469971517853
  0.99784581251741589  0.99805503886101421  0.99825277998203532  0.99844203399551734
  0.99861614633667328  0.99877417588387585  0.99891660041622710  0.99903801429669903
  0.99912768091389925  0.99919126034703287  0.99923502884796855  0.99926947537142607
  0.99929762784522025  0.99932179046077108  0.99934386976690648  0.99936464550275816
  0.99938436608992975  0.99940322833233863  0.99942122254905608  0.99943860368722048
  0.99945593013633049  0.99947240846665819  0.99948810624803508  0.99950340471068166
  0.99951854247304583  0.99953356729017329  0.99954889059521490  0.99956428889654270
  0.99957970355503734  0.99959499023452780  0.99961028920811978  0.99962583688164164
  0.99964168505348661  0.99965785990850808  0.99967456521712839  0.99969267711302978
  0.99971189386962622  0.99973213745961687  0.99975374916318038  0.99977744654749168
  0.99980436509351278  0.99983830332952928  0.99989136474584583  1.00000000000000000
 -0.01087665351972236  0.05859751712015228  0.09494563619282577  0.11743225398732515
  0.12819560159030605  0.13419967465830840  0.14122887570250639  0.14740383416369796
  0.15235902986344987  0.15736431052501781  0.16228277090614140  0.16640910428363523
  0.17049567097236909  0.17469724916115351  0.17829716364528597  0.18148678227955384
  0.18490557385313094  0.18840446533412533  0.19214882204142281  0.19591328510460884
  0.19981003856460691  0.20362090431277377  0.20711007899250403  0.21065762040537156
  0.21428308662847995  0.21800500982425153  0.22162011575543991  0.22497929614354412
  0.22814658035873842  0.23142731928626609  0.23494586559306582  0.23862959186499560
  0.24242147288628749  0.24617248587612417  0.24994506262988511  0.25361471419283710
  0.25742057310435001  0.26126986868117164  0.26515492029671806  0.26936215341088920
  0.27404158534422079  0.27898951380640441  0.28389208454125409  0.28879241617288959
  0.29380241798005730  0.29896494184908007  0.30420773380011862  0.30949795529111290
  0.31476001305094203  0.31997011716238422  0.32533651100870453  0.33090634543927772
  0.33660760868268452  0.34244633597082014  0.34844301987332216  0.35475945764884753
  0.36125821184883522  0.36769702336528681  0.37437527180608332  0.38081893266907740
  0.38749908828219848  0.39443345553353909  0.40176689922486036  0.40938416745635209
  0.41760554287339380  0.42603989683953991  0.43405517932453352  0.44230425870900997
  0.45068358539642828  0.45894073933500096  0.46745968405183846  0.47585414384428254
  0.48438947824964013  0.49325888555557040  0.50248856811652320  0.51188933414514193
  0.52161447980268316  0.53112690333797885  0.54072273821768202  0.55080141026997276
  0.56120551483316872  0.57199510381935514  0.58346151836661286  0.59527281257042630
  0.60725375099916667  0.61924236695166468  0.63195779184992007  0.64586801198000343
  0.66117192878627828  0.67775704274659543  0.69597631205839849  0.71653505357827008
  0.73961180879773336  0.76772589831896809  0.81584835970044267  1.00000000000000000
   1.9027273623879132E-009  -1.0000000000000000     
 F F F F F F F F F F F F F F F F F F F F F F F F F F F F F F F F F F F F F F F F F F F F F F F F F F F F F F F F F F F F F F F F
  <DiscreteSampler_grid>
  grouped_processes
  1 # 1 for a reference and 2 for a running grid.
  10 # Attribute 'min_bin_probing_points' of the grid.
  1 # Attribute 'grid_mode' of the grid. 1=='default',2=='initialization'
  0.0000000000000000 # Attribute 'small_contrib_threshold' of the grid.
  0.5000000000000000 # Attribute 'damping_power' of the grid.
 # binID   n_entries weight   weight_sqr   abs_weight
    19   10   1.320108843600253E+000   9.190940494618710E+000   1.320108843600253E+000
    20   10   1.320108843600253E+000   9.190940494618715E+000   1.320108843600253E+000
    40   10   1.305064716737238E+000   8.870261000846359E+000   1.305064716737238E+000
    41   10   1.305064716737238E+000   8.870261000846369E+000   1.305064716737238E+000
  </DiscreteSampler_grid>
