  0.00233355703975980  0.02033747007577103  0.03501176587477045  0.04693879689493413
  0.05766197632060494  0.06803101873979128  0.07817998107476905  0.08822531195077905
  0.09827842307710841  0.10824781740532979  0.11810020248284987  0.12786951755931286
  0.13761314593983331  0.14738753731911605  0.15727287452817368  0.16727151742267543
  0.17736614481819032  0.18743488558584498  0.19732031681807549  0.20717130778997492
  0.21685169107191099  0.22644638953184507  0.23607283599001863  0.24582728405305010
  0.25589398167901145  0.26606524772514484  0.27616132719255709  0.28616604948034696
  0.29623603286426337  0.30653585468364469  0.31701947832544597  0.32749046566582685
  0.33772001632293669  0.34756331418638242  0.35732595802575529  0.36698007807837807
  0.37664687442289579  0.38625966141524587  0.39594170410145396  0.40573404394455087
  0.41564681498184330  0.42575020697635624  0.43597765383810544  0.44609340481535908
  0.45614552098980954  0.46628113349000055  0.47645570876782750  0.48653912843160363
  0.49658619161042372  0.50675690921185590  0.51693570840790415  0.52698938870142609
  0.53704341831086633  0.54716814451311224  0.55733938053467236  0.56757990688085480
  0.57796974477235874  0.58837370652646537  0.59863678690393574  0.60872737990638648
  0.61877722603905683  0.62892041933415599  0.63909792730424786  0.64929087504944338
  0.65961553239067638  0.67007136763530040  0.68051101346110132  0.69088498840813217
  0.70129443294418503  0.71176555094485439  0.72232090469010801  0.73304283921036895
  0.74377286547980814  0.75427899466681181  0.76460662405032154  0.77481195927637858
  0.78500513696410312  0.79516719441267203  0.80538662552341045  0.81564777618036632
  0.82588176465432173  0.83607859504235804  0.84627364991091791  0.85667511859277112
  0.86726610896519196  0.87793838077682607  0.88857300181021737  0.89927625575420400
  0.91008449860603013  0.92104719285580261  0.93251022165404363  0.94405876974877834
  0.95612584991615857  0.96948328848809617  0.98442469429040225  1.00000000000000000
  0.00000025367497719  0.00000865211652776  0.00001969329800233  0.00003488876242002
  0.00005245439857188  0.00007186685972671  0.00009305122680662  0.00011638057428450
  0.00014107703267121  0.00016659935760205  0.00019285516878216  0.00022018366122773
  0.00024902539482077  0.00027887951810847  0.00031026467888210  0.00034294468627326
  0.00037720635146495  0.00041265920136353  0.00044932775107161  0.00048721439500572
  0.00052653475101447  0.00056696799778903  0.00060855200209677  0.00065115782302511
  0.00069672977948218  0.00074319451555268  0.00079140449964675  0.00084153135618191
  0.00089346089220753  0.00094777680922388  0.00100578719609050  0.00106343089717711
  0.00112540658614253  0.00119004195896611  0.00125605931997661  0.00132677757458189
  0.00139929073140840  0.00147439018106567  0.00155358183631777  0.00163670732594857
  0.00172295717283626  0.00181267767281822  0.00190638792914556  0.00200083459792331
  0.00209842212897952  0.00220260193181743  0.00231394367413487  0.00242891957564086
  0.00255267325580557  0.00268558385931636  0.00282027194660034  0.00296303054696055
  0.00311726144532735  0.00327703651397494  0.00344782293220815  0.00363504393466356
  0.00383209602045657  0.00403302602466153  0.00424575221292423  0.00447281018206765
  0.00470992434652544  0.00496665786367502  0.00526657875064827  0.00555631078560236
  0.00589630291174968  0.00624295986877131  0.00660229164126202  0.00697916108983276
  0.00738005584792357  0.00781606528656367  0.00829632746116194  0.00881981520643410
  0.00938180891017634  0.00998433227492026  0.01062454308378064  0.01128920303432771
  0.01201101047314991  0.01277431807641900  0.01359466394076268  0.01452154402705648
  0.01558110817131713  0.01677499599379771  0.01812601307979301  0.01967691849369308
  0.02138693289282081  0.02321198441241264  0.02524150776526910  0.02770310187419261
  0.03096350288612315  0.03525897571382249  0.04137786750742871  0.04801820299730909
  0.06102359842088829  0.11994069596244494  0.25006196404313130  1.00000000000000000
 -0.00231988779546661  0.00943413567302853  0.01960429377432060  0.02992794807213570
  0.04033336405712330  0.05103567582108753  0.06139583612431333  0.07128348535565369
  0.08122929311177106  0.09143536631713792  0.10168432438548329  0.11173964693800394
  0.12187115217699900  0.13215146717468651  0.14266711808703944  0.15328346818639774
  0.16384416051011935  0.17421533479147996  0.18452937540217934  0.19508180154941845
  0.20580685762005621  0.21634403015754544  0.22684942603395972  0.23741255774892819
  0.24799421945220745  0.25860898242035535  0.26937407695496102  0.28020361663181553
  0.29089403180650741  0.30132358330849895  0.31176821867007176  0.32233169823184893
  0.33299106809283918  0.34342153385788482  0.35356602413029659  0.36355463355014472
  0.37355826710318080  0.38356903260442049  0.39347471389418459  0.40343636977813774
  0.41346774358211186  0.42387083084671229  0.43466607184220168  0.44572280374017520
  0.45694640315054447  0.46828252572871704  0.47970609783209689  0.49081239987999187
  0.50155563151264582  0.51205231953883512  0.52237639762756327  0.53295316796962833
  0.54375471082491444  0.55478207929744783  0.56597874576371232  0.57709798253814304
  0.58776116659409505  0.59786572394565218  0.60824754644180823  0.61892880269238149
  0.62963157356000510  0.64008939121301112  0.65059395325406799  0.66138486501180849
  0.67226090146970874  0.68301574376214491  0.69364908140663983  0.70437161277020643
  0.71522276884174396  0.72599816299955811  0.73636282381386187  0.74654975485217889
  0.75683088882618388  0.76738923260910208  0.77812785706664744  0.78885129713540936
  0.79939026489966314  0.81001835960642876  0.82121164150181103  0.83266039147971238
  0.84401811873361188  0.85515720358230596  0.86598222310717976  0.87673038380930501
  0.88720672314520976  0.89746798300678954  0.90732050244322304  0.91721690167130454
  0.92729887643533615  0.93720260995925320  0.94727189798002986  0.95750632920653012
  0.96814934795823571  0.97875108198341210  0.98944198409766404  1.00000000000000000
 -0.00245193855958451  0.00986871371056081  0.01982322605304744  0.03038991639853691
  0.04095407105074988  0.05152596200026904  0.06166176097030708  0.07175555796910191
  0.08196797769631992  0.09234545589427748  0.10276088725410051  0.11313761471465542
  0.12353607490355741  0.13403018600351510  0.14464966337266327  0.15561279784000012
  0.16663385496947114  0.17737319868875479  0.18767183846567420  0.19786434763412292
  0.20837239291024143  0.21860718004622431  0.22928065983879853  0.23982648556208871
  0.25023885253997813  0.26010261362063464  0.27005290333371124  0.28031810723802841
  0.29054832200748826  0.30084255163587481  0.31121539004340520  0.32175094043092617
  0.33244239641288570  0.34343364469607152  0.35477674219933286  0.36601051106822186
  0.37699873879605633  0.38783805601229704  0.39844927887803527  0.40893681191686909
  0.41952122263305835  0.42997577782105850  0.44033173927917768  0.45049059102697836
  0.46087287309065911  0.47155917548567267  0.48235530067754956  0.49288697393154518
  0.50322603925797571  0.51362763346026574  0.52401913842292236  0.53460240540764303
  0.54532331195476502  0.55631508749766101  0.56716242124554384  0.57765108335542370
  0.58807445941676850  0.59831264604441903  0.60889075460816866  0.61962829194188795
  0.63034188900137222  0.64060785162044975  0.65098132562228594  0.66149039924210151
  0.67207647653815095  0.68259634436763539  0.69309780542165389  0.70352449972145892
  0.71381197978096556  0.72382358313938289  0.73402751425200452  0.74448625945567448
  0.75507546763181255  0.76577244923014509  0.77618432570387452  0.78645851117165944
  0.79668220487302865  0.80685396829272926  0.81709718796562592  0.82744114169943839
  0.83805291152564554  0.84888444429182330  0.85983638757174941  0.87082135203093325
  0.88167812773272303  0.89234962111724025  0.90297446339265564  0.91368687700201745
  0.92427332992308264  0.93481871496827307  0.94537126622847267  0.95603024934185410
  0.96656135381311048  0.97732982849337824  0.98833686198734505  1.00000000000000000
 -0.00224064718818778  0.00954619249713464  0.01974374219881555  0.03027706189753511
  0.04113216095152490  0.05135594984723103  0.06163541538570057  0.07210061432960833
  0.08292854305759084  0.09376790109752979  0.10476006531998076  0.11581735523557447
  0.12680170292571516  0.13731679657527529  0.14798390334701814  0.15871056581186976
  0.16936929780414639  0.18005446636126948  0.19048527355935174  0.20112132698767851
  0.21171787132840300  0.22225419940137478  0.23281164608646504  0.24319175904666410
  0.25386850809277994  0.26407245758153047  0.27407000422544447  0.28404165452282393
  0.29407630124472950  0.30436466105851584  0.31481303440026237  0.32521467759324618
  0.33535110208118502  0.34540896135759802  0.35562905710722487  0.36608093372521178
  0.37659086206165715  0.38727946630389093  0.39821525540569597  0.40912969115722125
  0.41995349967148671  0.43063253420959030  0.44115694530186245  0.45146983056763013
  0.46184546140478488  0.47228556689794254  0.48279148143453021  0.49333044026680839
  0.50416460307571898  0.51512563311465198  0.52573837543691904  0.53630083846045473
  0.54715021306566503  0.55821716802984811  0.56892938392910475  0.57929489316047067
  0.58967919125126633  0.60019983524872389  0.61090646241777924  0.62157970067168478
  0.63241725763572809  0.64322566419655247  0.65362406871352774  0.66388445227550752
  0.67440294930369848  0.68503906113087532  0.69568540831686376  0.70608067315349110
  0.71689905846802537  0.72770498131118988  0.73844022512541652  0.74900401587795273
  0.75972873903892923  0.77063075802485081  0.78100947911579666  0.79123293501182745
  0.80136687766458670  0.81176768218751350  0.82195559480390301  0.83174282296676139
  0.84143822727266426  0.85137965571590346  0.86165545102193619  0.87217174222012062
  0.88264020049532865  0.89306465429669823  0.90356225651915534  0.91430956345767078
  0.92521400262922926  0.93619568663747155  0.94711361669003391  0.95783554276586635
  0.96834617208167950  0.97904401762762339  0.98971858332244034  1.00000000000000000
 -0.02919214817834818  0.25604803015965427  0.36831690604693801  0.43682292752383345
  0.47856651357874330  0.50303084469178727  0.52218865180396501  0.53737489430559027
  0.55014305770046712  0.56085299233334784  0.57005063131841383  0.57826029831367731
  0.58562040327590204  0.59222486383921635  0.59834069431391457  0.60413907837872083
  0.60958578470259372  0.61478484118313770  0.61982400377472480  0.62457844351894265
  0.62908354944301559  0.63343807651961892  0.63768444212620257  0.64183752390314186
  0.64591937072331274  0.64995081843124192  0.65388313009283150  0.65774829878248631
  0.66155038109317155  0.66529125039877679  0.66895478544455733  0.67257475432599656
  0.67617988971956566  0.67980623124718276  0.68332948410073102  0.68694782182891501
  0.69045943567973023  0.69392713688093510  0.69735358544897208  0.70076912921069912
  0.70419520687428316  0.70761496781983113  0.71102244119432689  0.71440668511943850
  0.71775858920819757  0.72111355852837533  0.72449749840068633  0.72786106571134590
  0.73117735650039051  0.73447356782508355  0.73775051881810905  0.74100854165385699
  0.74423029330026624  0.74744765675899105  0.75072192971806995  0.75402261900515910
  0.75730393414604269  0.76054841278711438  0.76379690455809490  0.76707322807222844
  0.77039370266245688  0.77377940059204231  0.77721910545615447  0.78067894763038170
  0.78414351596068943  0.78760692799823240  0.79106235356152133  0.79451040458961386
  0.79800965026910953  0.80160520448325667  0.80523107925685189  0.80888724993041372
  0.81259784008772906  0.81641012622910625  0.82035130704928061  0.82436176714847997
  0.82845289589248849  0.83263714904901842  0.83689941174979809  0.84124053030122692
  0.84570421535809892  0.85035088174247597  0.85522514182735132  0.86034802933033194
  0.86567316371732939  0.87112747737036922  0.87687018367036706  0.88301947939141279
  0.88949306249881244  0.89643054576555248  0.90425866847110548  0.91279233466585763
  0.92287182399989698  0.93579617979899277  0.95593759739639439  1.00000000000000000
 -0.02913561940007793  0.14233057845406577  0.17982826407115221  0.20108028183676743
  0.21699431042383679  0.22996992542908246  0.24084893604755764  0.25081992632078920
  0.26017807654738689  0.26893736771161780  0.27703142476723336  0.28469142315120538
  0.29216293872728322  0.29924772208691680  0.30606284667671918  0.31273200881589691
  0.31906526834484422  0.32507737433067790  0.33087820637887566  0.33657715475821909
  0.34226095050067801  0.34784572570796790  0.35336444871231554  0.35884185310628020
  0.36428254921861547  0.36968902710105683  0.37509665783846280  0.38049625196071818
  0.38584425985760196  0.39110519153176188  0.39626358018739460  0.40133054749274399
  0.40632584402207539  0.41131430613169867  0.41630506231049336  0.42127364696893183
  0.42626714953650929  0.43124876963513387  0.43608648182097681  0.44086732951480251
  0.44550062220156245  0.45013994878175384  0.45475436955416143  0.45945266817523356
  0.46424932975804423  0.46913505704904790  0.47404947416243159  0.47900000191614611
  0.48403397581454805  0.48905692472464418  0.49399953369226679  0.49889229646719263
  0.50380852384869013  0.50877441690390457  0.51375711823656511  0.51878168544536196
  0.52380902612887315  0.52884864189262826  0.53391705844364401  0.53904286755679809
  0.54419871823955646  0.54938512388650385  0.55459939286475168  0.55990397756343258
  0.56516523540461028  0.57039331306029484  0.57565169002476568  0.58089147795608953
  0.58621249221846450  0.59161777990752251  0.59703410979133675  0.60255170584875550
  0.60821043178718259  0.61393665324203339  0.61966525781779191  0.62553298342315822
  0.63183687452983206  0.63849658849414803  0.64534070449270098  0.65240622022078454
  0.65971988629528422  0.66729072842217518  0.67515890444018400  0.68323871871173925
  0.69153662975436170  0.70027585028806749  0.70945042259452817  0.71930825268789689
  0.72991639202685754  0.74166717937829818  0.75470478245192885  0.76931856147385036
  0.78723412454071895  0.81108802384946987  0.85216847661097406  1.00000000000000000
   9.3008903622279751E-009  -1.0000000000000000     
 F F F F F F F F F F F F F F F F F F F F F F F F F F F F F F F F F F F F F F F F F F F F F F F F F F F F F F F F F F F F F F F F
  <DiscreteSampler_grid>
  grouped_processes
  1 # 1 for a reference and 2 for a running grid.
  10 # Attribute 'min_bin_probing_points' of the grid.
  1 # Attribute 'grid_mode' of the grid. 1=='default',2=='initialization'
  0.0000000000000000 # Attribute 'small_contrib_threshold' of the grid.
  0.5000000000000000 # Attribute 'damping_power' of the grid.
 # binID   n_entries weight   weight_sqr   abs_weight
    10   10   1.982347738772873E+004   8.213602581005230E+008   1.982347738772873E+004
    11   10   1.982347738772889E+004   8.213602581005408E+008   1.982347738772889E+004
  </DiscreteSampler_grid>
