 -0.00016333798083360  0.00048074964377771  0.00151095223336072  0.00321551325741144
  0.00607806956010240  0.01043664033689097  0.01634253741152993  0.02350130290545197
  0.03142308305369702  0.03980039943744811  0.04853460298217947  0.05759017198048201
  0.06692557757653679  0.07654101143882111  0.08640526189740891  0.09642573698773915
  0.10655147713369921  0.11679947524603432  0.12717132943357834  0.13756689902359981
  0.14792361965454034  0.15820501478703008  0.16853716354031406  0.17896830582642623
  0.18950417597962296  0.20012222992621101  0.21077633363453971  0.22143260908276474
  0.23205927906590981  0.24267796210884052  0.25334056747538897  0.26394805870932236
  0.27450173282949020  0.28511890533768935  0.29592551635959052  0.30685558294747034
  0.31780590077255910  0.32876390658157334  0.33977381015261809  0.35081372761473895
  0.36183200675458244  0.37279832738350388  0.38372268720981012  0.39464207472675544
  0.40555272396968517  0.41637443315885247  0.42714255311245686  0.43799281387100369
  0.44896160488363990  0.45992783860045383  0.47086843294526259  0.48187765928425419
  0.49294116093736740  0.50400021138886064  0.51505957015537562  0.52619810182278626
  0.53740187876948375  0.54862777471140312  0.55985236899578017  0.57106490524513864
  0.58228160931160799  0.59347586218632931  0.60465628589602471  0.61588160802867020
  0.62726452209786854  0.63871807954024162  0.65010013740882744  0.66127065401250529
  0.67235673134029250  0.68350659019241289  0.69478952959764173  0.70614513531933587
  0.71745345731573174  0.72885219274935220  0.74029112892242466  0.75174613405601398
  0.76313320785268413  0.77462414965693405  0.78619366348473607  0.79771638667040035
  0.80921675727537612  0.82070614896533012  0.83221855813034851  0.84367905702082002
  0.85537395125453242  0.86724749935867107  0.87911176397209134  0.89108356098892771
  0.90321357356111542  0.91554960319681644  0.92796294907239452  0.94066163781497925
  0.95350556891019722  0.96683292613328553  0.98196921936542614  1.00000000000000000
  0.00000015987694112  0.00001093494794652  0.00002014181595388  0.00002874090247590
  0.00003789712691114  0.00004688914317561  0.00005569381937873  0.00006418855575570
  0.00007273638117820  0.00008168936266671  0.00009099332452586  0.00010009262205337
  0.00010977552073904  0.00011973027964536  0.00012970740501744  0.00013972632840724
  0.00015000281514447  0.00015998119630669  0.00016940711403639  0.00017777717260251
  0.00018482675198771  0.00019152982334790  0.00019838663652431  0.00020696590215006
  0.00021484830033159  0.00022374623778599  0.00023338585224434  0.00024293337883946
  0.00025273273043020  0.00026264017105992  0.00027408881324733  0.00028601319594067
  0.00029871261747882  0.00031311939146197  0.00032892926338664  0.00034466388785523
  0.00035982494503936  0.00037349785813060  0.00038577888034730  0.00039942830546954
  0.00041576947521960  0.00043246894272563  0.00044863386505775  0.00046436367845094
  0.00048188879770214  0.00050202175157443  0.00052661206283476  0.00054917427078064
  0.00056995311774487  0.00058998229930200  0.00061227143839256  0.00063761020124122
  0.00066435849736422  0.00068891209946972  0.00071126447050637  0.00073186299103711
  0.00075587160533056  0.00078277079088588  0.00080986357430777  0.00083867447550631
  0.00086888596069838  0.00090639101244682  0.00094992700713396  0.00099667231336534
  0.00104544837884865  0.00109763775502404  0.00115054295653250  0.00120488600353869
  0.00126051525650154  0.00132037587426421  0.00139229412028597  0.00146882398852045
  0.00155064094615950  0.00165040220597286  0.00174997432579097  0.00184663349129180
  0.00196100584988631  0.00212307085833029  0.00235598635623805  0.00262228874443941
  0.00290370242786280  0.00325262593810349  0.00399463253550169  0.00560924319741273
  0.00840732298257463  0.01095171273088686  0.01321149444643812  0.01585986990090633
  0.01921481530882965  0.02368498121677339  0.02997625845858903  0.03964529443562832
  0.05620794469803496  0.08648914908332087  0.50438093371463688  1.00000000000000000
  0.00000078998724668  0.00000084593072829  0.00000088048049460  0.00000091029017731
  0.00000094080431453  0.00000097324737109  0.00000100630941451  0.00000104124042144
  0.00000107809513286  0.00000111556773991  0.00000115677972247  0.00000120327500774
  0.00000125488783300  0.00000131082054057  0.00000136862966986  0.00000142964105045
  0.00000149380990043  0.00000156671554211  0.00000165006120346  0.00000174638429025
  0.00000184977412467  0.00000196021553246  0.00000208157847850  0.00000221640064061
  0.00000236427007678  0.00000252758314578  0.00000271317813811  0.00000292470360310
  0.00000315998999651  0.00000342278677972  0.00000372382089267  0.00000406453596541
  0.00000444115123263  0.00000485934322433  0.00000532767946813  0.00000586482382676
  0.00000648585539942  0.00000720378553574  0.00000805029622096  0.00000901822774023
  0.00001010575937362  0.00001132389979518  0.00001268961831253  0.00001414169086461
  0.00001579700999249  0.00001773978162292  0.00002009554906410  0.00002291154170832
  0.00002619101244367  0.00003009302555081  0.00003474989493556  0.00004024670757870
  0.00004674428545522  0.00005432043990319  0.00006305832416426  0.00007309921376971
  0.00008481389268940  0.00009879001182336  0.00011535353886941  0.00013461185913957
  0.00015696641388824  0.00018301862342170  0.00021372675863090  0.00024971124456920
  0.00029190004479249  0.00034153300920436  0.00039969087093638  0.00046757884091540
  0.00054605150618099  0.00063678404630656  0.00074229536099413  0.00086597543253953
  0.00101078552933387  0.00117906011631785  0.00137377630683581  0.00159935165051127
  0.00186356865292223  0.00217465076863314  0.00253883415456513  0.00296201953359769
  0.00345329027899665  0.00403381157175393  0.00473442615578995  0.00559224059040510
  0.00664410869994470  0.00796881550170375  0.00965427687994366  0.01176847321890399
  0.01455342307706391  0.01837638183788945  0.02376058995322379  0.03195671141745510
  0.04579391715408078  0.06372533698115158  0.18181994355936429  1.00000000000000000
 -0.00271393114886558  0.01068442313090228  0.02247392239408145  0.03538699387311526
  0.04772998233771765  0.05997794452972426  0.07239006955233859  0.08479992404030466
  0.09706433544080359  0.10927823762671661  0.12189645359082715  0.13438788563902726
  0.14687398481288358  0.15930478689846791  0.17159234264543283  0.18384329165467239
  0.19609759025058726  0.20834255476129149  0.22063216694608340  0.23294668834040572
  0.24519169316737421  0.25742448736483015  0.26956152417968599  0.28171404775911590
  0.29383273906946167  0.30587693369871627  0.31785357130235170  0.32985345517198950
  0.34190778464425603  0.35394076033532496  0.36595708582313746  0.37802841662076381
  0.39014681552482011  0.40218980724979531  0.41422783767765869  0.42596894569290866
  0.43765683497468738  0.44935128579503297  0.46121138910168369  0.47308864484124258
  0.48490656885537764  0.49671102448752541  0.50840895671903452  0.52001306137386649
  0.53156423962268495  0.54306560501484291  0.55431284098869305  0.56552587141740740
  0.57672359745239665  0.58755892596250470  0.59827965856589871  0.60910855965297495
  0.62018058125995457  0.63140603407654050  0.64275544212453239  0.65401061365089397
  0.66495116755140427  0.67573305813676376  0.68658228542219724  0.69754286445185787
  0.70850349660416623  0.71938599413970039  0.73017790537833893  0.74085864079613051
  0.75135270477012883  0.76142619115874477  0.77134705677431548  0.78126931005411882
  0.79121921727887612  0.80088798513759907  0.81035037386051889  0.81988278704181305
  0.82922989851211559  0.83826599136575231  0.84730735761899356  0.85642130290559604
  0.86589104728251609  0.87526725313154807  0.88458394119955075  0.89378217060262555
  0.90266936071692772  0.91126768110566170  0.91952240243168804  0.92755955590578631
  0.93417701378608553  0.94090910000266992  0.94744454596549854  0.95387648744582598
  0.96081763754668692  0.96703220045073535  0.97338538893487192  0.97914374832537687
  0.98471834784558365  0.98999833763728617  0.99508483543512527  1.00000000000000000
 -0.00228792062076441  0.00908167391094842  0.01971960879912275  0.03074576915488366
  0.04147573856192215  0.05198809187272040  0.06254004099400515  0.07351241495791226
  0.08433324545671930  0.09409841040640511  0.10407591370973528  0.11417893435629044
  0.12458648009087193  0.13494410390992193  0.14535693505297870  0.15618119290401289
  0.16692754556146022  0.17747923749277725  0.18788747965792105  0.19837141288702356
  0.20893117558702703  0.21964745060117491  0.23051868120845856  0.24141852997526961
  0.25198964759099479  0.26251709007959390  0.27294200989048945  0.28377047250472454
  0.29467066562017064  0.30565967112218195  0.31646147865191548  0.32738417196819569
  0.33824347901403828  0.34905811875224640  0.35977704728217991  0.37039233491208529
  0.38113923784675124  0.39185341184832484  0.40271806481029221  0.41349980330650499
  0.42431474139185804  0.43513629272730975  0.44596425484655100  0.45675085565488027
  0.46749400665495910  0.47835952056637820  0.48853712688553003  0.49879642369656296
  0.50934637286876372  0.52007950460815977  0.53084831901073315  0.54150517296657874
  0.55202293619739673  0.56238090277092301  0.57258145846352515  0.58294023640279014
  0.59340684002411437  0.60368513685503156  0.61397385465615439  0.62441781671169228
  0.63496077048432642  0.64520509461727693  0.65436160752826822  0.66356764385589484
  0.67298594505724474  0.68329903741620024  0.69427946003766572  0.70489218322238190
  0.71512365690234025  0.72535333367908561  0.73580269523111208  0.74666974883890391
  0.75754178815123319  0.76823421333717024  0.77880878975129963  0.78937713936386034
  0.79991152426080303  0.81051189948622304  0.82112090674390903  0.83192269146548647
  0.84255456337784274  0.85314799399239882  0.86373059045056455  0.87433743777853701
  0.88490602315861477  0.89540305924929053  0.90578046345682184  0.91543126270360764
  0.92542974829045921  0.93550862221026321  0.94643026479431214  0.95728762021499969
  0.96795073421222610  0.97837884255497198  0.98917331801113573  1.00000000000000000
 -0.00077439232059594  0.00302140367440983  0.00712662142701590  0.01157644795448484
  0.01625470834406478  0.02114581294301855  0.02615664464574052  0.03125707009622434
  0.03647217837176494  0.04179497646386484  0.04722765112911102  0.05275822186148113
  0.05837527099990854  0.06411362237503493  0.06996697024426701  0.07595731293910321
  0.08206361306530664  0.08827280234797980  0.09463132743962652  0.10114339040574043
  0.10773471490349912  0.11443505280560241  0.12121675999326190  0.12813711477448991
  0.13517402275242280  0.14235017095544586  0.14965999996314275  0.15700454134038910
  0.16434226713318223  0.17170538296316862  0.17920636880264387  0.18700336842912213
  0.19508835985388603  0.20326213256864842  0.21145113470117252  0.21967867298690855
  0.22809631737802982  0.23677376146595225  0.24547856055297235  0.25400417206508269
  0.26253069782242117  0.27135886738033388  0.28044372225018577  0.28956222298343465
  0.29884836025308492  0.30838239707542220  0.31813284257344931  0.32780842502586133
  0.33745700750182783  0.34724194553499382  0.35724786042520101  0.36758643251535505
  0.37799208604624229  0.38817177617635040  0.39804453438003429  0.40794167359199635
  0.41825219124551982  0.42905404945051018  0.43998124384006754  0.45102435449974992
  0.46220062101962128  0.47379201452131442  0.48556956517074890  0.49741476156455960
  0.50924297951229025  0.52132284820564734  0.53320624145759132  0.54492065054724181
  0.55677562835871464  0.56919799607109423  0.58238922863863674  0.59587691713576307
  0.60937288462526862  0.62286297767073107  0.63651709205693097  0.65060783641817022
  0.66509715892014765  0.67964739589912693  0.69434404343644007  0.70949083822367320
  0.72493471500347917  0.74037951870756458  0.75665105583802861  0.77367983602280954
  0.79051870555748938  0.80583943104661360  0.82003678390803003  0.83473473424753997
  0.84889505442148139  0.86669911403199973  0.88404186628510306  0.90325005265514524
  0.92348154948808292  0.94659785949315756  0.97216226158595764  1.00000000000000000
 -0.00210424264785149  0.00847148651626156  0.01889269382157122  0.02909000412388515
  0.03948130516660160  0.05029339536051240  0.06110157473963337  0.07184379890991460
  0.08272036989734943  0.09362842200821268  0.10484769914771920  0.11533651342125600
  0.12557596222478645  0.13588445677147543  0.14625888172896506  0.15651127422864097
  0.16682007773187660  0.17776296632664107  0.18868108184642288  0.19912697432584167
  0.20962751780314745  0.22019054408969646  0.23090208451288216  0.24158652514466314
  0.25243735441940718  0.26340914345196448  0.27436453029030694  0.28515669952672118
  0.29583830874176764  0.30644560590375425  0.31701759297194060  0.32749690379304142
  0.33782689517588776  0.34823037894497871  0.35886020500373733  0.36957281471919268
  0.38028004552980738  0.39104873426994902  0.40192737079519858  0.41294060375798153
  0.42383703195271122  0.43446771264339012  0.44497848224082603  0.45554815101559604
  0.46630063930172172  0.47675117390906846  0.48697206431319112  0.49726833370146617
  0.50777652011942620  0.51850817084272594  0.52938741075330054  0.53975101530693814
  0.54918105213172053  0.55866777844851578  0.56832654958932516  0.57877308571224728
  0.58953568026789449  0.59993358617697745  0.61025890335382771  0.62069761135929213
  0.63137691837718635  0.64199028221307120  0.65248446998373788  0.66281641390235191
  0.67328309591528268  0.68384865942408868  0.69434365235993789  0.70474956846650172
  0.71517895866600356  0.72582447572349951  0.73663653125538398  0.74755308805541054
  0.75859336622695728  0.76948989916597499  0.78007003628477134  0.79030968452601125
  0.80056755752779130  0.81097667336391388  0.82143910001414011  0.83169100887195402
  0.84210050523504276  0.85278946111896436  0.86361318622180605  0.87444776685834347
  0.88498900195124397  0.89512300745920992  0.90529393685011295  0.91534997575519705
  0.92600329544655180  0.93657563071064409  0.94716681266677227  0.95761827076209105
  0.96825974664573544  0.97898957476112469  0.98948565269104283  1.00000000000000000
 -0.00240481922709669  0.00935103094036480  0.01941751995657879  0.03040144889750132
  0.04095159862859486  0.05172864228317262  0.06287741031922561  0.07378705335692068
  0.08431210502190543  0.09501992740185695  0.10546474305453472  0.11591750277861203
  0.12611842133737655  0.13655108017798176  0.14741201742131213  0.15835324925477567
  0.16947933528545903  0.18045226306845907  0.19109070624155616  0.20136141409489428
  0.21173199001575771  0.22201163558257775  0.23234274599723259  0.24248906532816017
  0.25292543449051375  0.26367430689442584  0.27463503226451624  0.28559183465077814
  0.29657896616928048  0.30750513983201050  0.31824459942211064  0.32865903757671722
  0.33901503659620008  0.34935665100719598  0.35956455299827544  0.36979111649601198
  0.38028589041876021  0.39115890198068520  0.40219847481851589  0.41314430780869166
  0.42407564483789051  0.43372039172529653  0.44264145094665686  0.45148830523322342
  0.46082599874345453  0.47137018093384020  0.48180418008796438  0.49204995911877231
  0.50265233699688550  0.51341604132333851  0.52413677463775310  0.53474246900162792
  0.54523689937651010  0.55570964977098092  0.56614813769647043  0.57652943300693460
  0.58718271424561974  0.59776514172943174  0.60854132325235410  0.61919744738361360
  0.62976103485224255  0.63984157774446393  0.64944986904233248  0.65922419619231110
  0.66926711721500876  0.67989912847635547  0.69015415050813689  0.70052024672152757
  0.71109748985377341  0.72177008364167128  0.73239052531364579  0.74310194554491038
  0.75388365735884211  0.76467193578186243  0.77519308005489540  0.78587032929354250
  0.79650028951621743  0.80731638286334928  0.81767290583390106  0.82815714777737515
  0.83872478434362208  0.84940779943791855  0.86017939258328435  0.87072325425426578
  0.88137329322747604  0.89195801686678267  0.90267643552142562  0.91355905361887590
  0.92452493593648832  0.93544852818869773  0.94638682115630446  0.95702192152928689
  0.96777450795584319  0.97872276895533306  0.98939595423866233  1.00000000000000000
  0.00000308045244809  0.00006304004275148  0.00018711561765699  0.00033067332669655
  0.00050815838335156  0.00072314148225926  0.00097705645319913  0.00126857103325256
  0.00160802612081849  0.00201364281721068  0.00248819874935929  0.00301701922796679
  0.00374366465612925  0.00766019771427308  0.04073239480148033  0.12154481169301351
  0.18029486288994154  0.21006391018318499  0.23883403874029707  0.27531040184809685
  0.32017268469618587  0.37019259659817783  0.41269110939372405  0.44561836114059261
  0.47562032011513922  0.50237434789662860  0.52695338735378516  0.54959606457146493
  0.56956788480342080  0.58774365270926121  0.60450533490767844  0.61968406969368728
  0.63318290863657301  0.64562874110479407  0.65771161600826467  0.66936548802121543
  0.68030159238594690  0.69054446592931107  0.70030935694192520  0.70976939837179298
  0.71891539872390520  0.72767980741962812  0.73598750001898583  0.74386771786444805
  0.75139073039106918  0.75865452613183926  0.76567892080285782  0.77246041260895160
  0.77895363201230905  0.78522903215266648  0.79136714036623501  0.79739321153863729
  0.80330919052923611  0.80907982107851772  0.81468857291983399  0.82012978470332032
  0.82541917053706071  0.83055380701045245  0.83555806412286648  0.84044764209042089
  0.84520584095813212  0.84973899945201581  0.85401594950859894  0.85818240044964889
  0.86237633852308360  0.86660050583134729  0.87077588947752760  0.87485658984624115
  0.87885145578146495  0.88279939328989487  0.88669881778517667  0.89051601415083526
  0.89426082129691487  0.89795383429127174  0.90160903750501298  0.90521053802728868
  0.90874907344386902  0.91222314402023830  0.91564553174614249  0.91902073693915320
  0.92235866127963906  0.92570655484318520  0.92910264458817393  0.93250448664467323
  0.93591886307652006  0.93932975532873708  0.94275703008067657  0.94621227329502633
  0.94973886433642096  0.95337315230175212  0.95724980246607472  0.96149351799015759
  0.96608993723353209  0.97128496343492299  0.98057845474107619  1.00000000000000000
 -0.03232318095399645  0.13019398394624676  0.17111108370255312  0.19263720964546832
  0.20932209377670655  0.22326717513434308  0.23545421500108932  0.24629268610942495
  0.25634232583651961  0.26554738207922096  0.27369153369326282  0.28143269523954001
  0.28884960572293938  0.29643215438889692  0.30380664541077707  0.31100110663004965
  0.31808008815268524  0.32510998157028920  0.33197688300206712  0.33862116848019241
  0.34499912215679224  0.35121739547662367  0.35740934125150969  0.36368635066351657
  0.37000124518378369  0.37622591016378537  0.38240099481241202  0.38847197824101204
  0.39444825423646346  0.40033163860497611  0.40619774326084962  0.41210089497119334
  0.41803791460792183  0.42397610786086759  0.42987004395926770  0.43574544950902361
  0.44148590291532736  0.44724848542057838  0.45292182434512773  0.45862085697083160
  0.46432860436734980  0.47010713003438498  0.47589962178589379  0.48171039346840511
  0.48757772722654963  0.49348762756201420  0.49940012535215927  0.50529989559178068
  0.51129570659409218  0.51742025435997629  0.52346293232610031  0.52934999620788403
  0.53514533467824899  0.54091406781723939  0.54673786034328564  0.55259514850018443
  0.55860120203153396  0.56483833211328049  0.57114731198926216  0.57737949207446881
  0.58354886576499077  0.58970474435967268  0.59588841067301224  0.60212278056636825
  0.60837045745547336  0.61481668703854797  0.62135830095710409  0.62787758331110333
  0.63434966870049958  0.64091741923913281  0.64762137715690948  0.65437511013680161
  0.66111937730383896  0.66792842627428328  0.67478208160957998  0.68149673457592241
  0.68799220917001846  0.69452904871165322  0.70139796252301356  0.70877002541443856
  0.71594623882862007  0.72247068181781882  0.72892324524493768  0.73532091147006895
  0.74308630306816870  0.75134489646394687  0.75969806722464028  0.76836262970345559
  0.77766231252841478  0.78792256048635989  0.79952752049044351  0.81337314977257913
  0.82946101399399386  0.84907178899689462  0.88335292028783929  1.00000000000000000
   5.5030904762528552E-011  -1.0000000000000000     
 F F F F F F F F F F F F F F F F F F F F F F F F F F F F F F F F F F F F F F F F F F F F F F F F F F F F F F F F F F F F F F F F F F F F F F F F F F F F F F F F F F F F F F F F F F F F F F F F F F F F F F F F F F F F F F F F F F F F F F F F F F F F F F F F
  <DiscreteSampler_grid>
  grouped_processes
  1 # 1 for a reference and 2 for a running grid.
  10 # Attribute 'min_bin_probing_points' of the grid.
  1 # Attribute 'grid_mode' of the grid. 1=='default',2=='initialization'
  0.0000000000000000 # Attribute 'small_contrib_threshold' of the grid.
  0.5000000000000000 # Attribute 'damping_power' of the grid.
 # binID   n_entries weight   weight_sqr   abs_weight
    91   10   8.473462259523142E-001   1.912227512599155E+000   8.473462259523142E-001
    127   10   1.773130307157138E+000   8.361427147052186E+000   1.773130307157138E+000
    128   10   1.773130307157131E+000   8.361427147052108E+000   1.773130307157131E+000
    178   10   8.473462259523142E-001   1.912227512599155E+000   8.473462259523142E-001
    268   10   1.073495121549430E+001   9.860151569560519E+002   1.073495121549430E+001
    269   10   1.073495121549439E+001   9.860151569560685E+002   1.073495121549439E+001
    277   10   5.309538409230146E+000   2.441486145882085E+002   5.309538409230146E+000
    292   10   1.071271356953276E+001   9.855030008864785E+002   1.071271356953276E+001
    293   10   1.071271356953292E+001   9.855030008865108E+002   1.071271356953292E+001
    313   10   1.071271356953280E+001   9.855030008864869E+002   1.071271356953280E+001
    314   10   1.071271356953289E+001   9.855030008865039E+002   1.071271356953289E+001
    337   10   1.071271356953280E+001   9.855030008864869E+002   1.071271356953280E+001
    338   10   1.071271356953289E+001   9.855030008865042E+002   1.071271356953289E+001
  </DiscreteSampler_grid>
