 -0.00218020827728404  0.00801190558726074  0.01750243016261096  0.02803400131550166
  0.03882137801786929  0.04906556625800391  0.05896249176928999  0.06866876812710045
  0.07852806862259411  0.08881364686487646  0.09925765182467143  0.10960031560042974
  0.11956405114611256  0.12973450904342426  0.14034855704902854  0.15135419432970074
  0.16246810692112662  0.17352676895342198  0.18453100369800990  0.19563622675143144
  0.20669533967353404  0.21734581385178209  0.22760052354984850  0.23770765640704930
  0.24748974860987752  0.25696517932407326  0.26645999197111320  0.27629196886008178
  0.28655791841012818  0.29682069729547600  0.30737762264486035  0.31822793525334730
  0.32882883311895050  0.33927038112575669  0.34963622946869471  0.36013706317132010
  0.37091421202489749  0.38179877339993606  0.39270714498463455  0.40351410756935024
  0.41424854842181497  0.42505600779755293  0.43591320317510979  0.44670949270841559
  0.45732228626241539  0.46794207210544125  0.47862195162517712  0.48926884210004828
  0.49988576160266857  0.51033935784840412  0.52099612779456383  0.53198017191176994
  0.54304551265562351  0.55422642991964421  0.56512014369578634  0.57635368269400011
  0.58737699586034653  0.59823957563405694  0.60887426219475127  0.61939501682820641
  0.62996342176475117  0.64028416413078493  0.65057944333214901  0.66083999726919718
  0.67145163883640202  0.68222163869276131  0.69291694380463353  0.70361245141062911
  0.71434013636523330  0.72509485529714013  0.73588593102296140  0.74638738572652608
  0.75681487780183399  0.76725970510519581  0.77846024092137045  0.78977455989965817
  0.80047277513493642  0.81069098273242635  0.82066036857408575  0.82989165092114592
  0.83926491072696785  0.84869257397643016  0.85955636341491104  0.87108203771247539
  0.88248975256806916  0.89368933419995034  0.90493570663208456  0.91630818293260718
  0.92786823931612250  0.93935748691765464  0.95057240195309456  0.96166268499889040
  0.97272497523713941  0.98320172464431088  0.99196427030709411  1.00000000000000000
  0.00000077973756162  0.00000082591652623  0.00000085837929429  0.00000088880511466
  0.00000091950857191  0.00000095134086491  0.00000098209079933  0.00000101153076865
  0.00000104197702015  0.00000107535333987  0.00000111231462118  0.00000115316292760
  0.00000119825976872  0.00000124807172704  0.00000130336079958  0.00000136461389123
  0.00000143181924231  0.00000150578016772  0.00000158798351875  0.00000167962557874
  0.00000178092024178  0.00000188864090833  0.00000200690633528  0.00000213636745738
  0.00000228192062238  0.00000245200349142  0.00000265544147317  0.00000289136664190
  0.00000316103707422  0.00000346565548810  0.00000379980833318  0.00000416580104212
  0.00000457837062179  0.00000505139754380  0.00000560119505061  0.00000623841231613
  0.00000698110639501  0.00000787391732234  0.00000896658932534  0.00001024028938687
  0.00001163811823609  0.00001321417095670  0.00001506565330964  0.00001726314288629
  0.00001985994183991  0.00002284095354890  0.00002628039977431  0.00003021217033555
  0.00003482405935671  0.00004024083322719  0.00004653373083498  0.00005398335559718
  0.00006289780272789  0.00007329358882399  0.00008531845049492  0.00009954246117564
  0.00011639453239132  0.00013585460299249  0.00015704277492502  0.00018222623623799
  0.00021181193868042  0.00024750192644588  0.00028892562510284  0.00033676730195522
  0.00039317114471866  0.00045600755564002  0.00052594842088439  0.00060623166275594
  0.00070214389465893  0.00081749809271005  0.00095051266016089  0.00110338193099263
  0.00127921611865297  0.00148630894729273  0.00172701150333605  0.00200865278306202
  0.00232891108295654  0.00270474245311111  0.00314464318993900  0.00366358490090727
  0.00426077696776885  0.00500339273688786  0.00586400674913766  0.00691965124767104
  0.00819520868621142  0.00973613700963181  0.01159899383176902  0.01406751893869286
  0.01741413666511026  0.02188832205114550  0.02849747465836026  0.03878215609909921
  0.05653162133384972  0.14025941869685041  0.52647314818542579  1.00000000000000000
 -0.00000079932720307  0.00002093471342294  0.00005100451935873  0.00008703932379508
  0.00012648656569695  0.00016818040157010  0.00021063179284267  0.00025319586732355
  0.00029716278619280  0.00034167589880960  0.00038900965151105  0.00043798618533121
  0.00048919121182820  0.00054187654993190  0.00059614830975933  0.00065208193664937
  0.00070884565579816  0.00076654720334336  0.00082560442023206  0.00088652829425152
  0.00094985606801335  0.00101628224365686  0.00108277565181863  0.00115023367454975
  0.00121984015315185  0.00129195593728688  0.00137092338364149  0.00145273740714355
  0.00153971953976448  0.00162993596456005  0.00172198016420741  0.00181744817654171
  0.00191653282721633  0.00201821595463961  0.00212371284441411  0.00223446715491481
  0.00234981182749355  0.00247071363220842  0.00259946289739703  0.00273506765321612
  0.00287678215970258  0.00302435449218599  0.00317423805444487  0.00332467713331656
  0.00347999286538031  0.00364669568548988  0.00382462551287680  0.00400653479082722
  0.00419789629411814  0.00439987647873497  0.00461207233623320  0.00484084035410292
  0.00509624572958901  0.00535497569881278  0.00561798706619068  0.00589882495455368
  0.00619703640973462  0.00650581297879383  0.00679169335433936  0.00711107763071619
  0.00744188588621814  0.00780691061304124  0.00822587786423250  0.00869183918651737
  0.00918072822905948  0.00969861486282990  0.01025685346192553  0.01084334721208425
  0.01145905673917624  0.01210397464036500  0.01278004357979678  0.01350034528215784
  0.01425797961336479  0.01505447652201047  0.01592536206804427  0.01688341335121016
  0.01794941665258023  0.01916721624742103  0.02048700106199260  0.02190599075220062
  0.02343534181001911  0.02511830889768938  0.02703752222711814  0.02923497562651399
  0.03172905332250574  0.03424606660058187  0.03731545858423028  0.04078794844707755
  0.04497449788277638  0.05007840318346707  0.05602090957065910  0.06413368224590217
  0.07439956029562501  0.24691266796219624  0.55362580388577209  1.00000000000000000
 -0.00235339059632734  0.00951364749830438  0.01975425820177707  0.03011494438038596
  0.04053120256425444  0.05052415437392262  0.06081260405526478  0.07116892971299595
  0.08158602808626256  0.09206164627427223  0.10246453179695114  0.11290604999916341
  0.12335803338545907  0.13392608301267953  0.14494896514607761  0.15634155310345194
  0.16775742526163281  0.17869876165902673  0.18916213398368006  0.19948543572227057
  0.20970678862086142  0.21988484819441681  0.23016057908197995  0.24090709055091306
  0.25210307776192287  0.26339955954309391  0.27448774908353230  0.28549155641045232
  0.29651882618107323  0.30747819847986774  0.31822246576922919  0.32887551716139457
  0.33968496870053377  0.35064296793328548  0.36152578484364090  0.37251137018078795
  0.38362112926558123  0.39488419700038124  0.40598783267931299  0.41698898327970862
  0.42825027754203410  0.43953322009311246  0.45091396108714044  0.46232502778109485
  0.47305820725601699  0.48348938553754034  0.49370284434018857  0.50386415364551329
  0.51469891487753650  0.52537102428085891  0.53609785584406600  0.54666496587820856
  0.55684180660489746  0.56731839628760583  0.57791036481523705  0.58855058345500899
  0.59877288659199945  0.60881593635908948  0.61883593837484707  0.62903269084722058
  0.63940355993566400  0.64982084973454879  0.65973950661164138  0.66956493689860319
  0.67940684665173101  0.68969577544336402  0.69992745812453416  0.71023846433037419
  0.72064153887291338  0.73127796627451558  0.74211681356667469  0.75328150907101887
  0.76451461185825775  0.77565566119051355  0.78637477709026515  0.79707506104342751
  0.80723655187798915  0.81717643906117665  0.82715059903563448  0.83745095882998055
  0.84772308758153447  0.85777807846161613  0.86768710540310656  0.87789943206155996
  0.88842571213217514  0.89867759089273169  0.90878641072428878  0.91900355545730139
  0.92985237093467110  0.94081492867987027  0.95157204047100596  0.96205163353756862
  0.97247206331229263  0.98259436786318910  0.99159886080108406  1.00000000000000000
 -0.00222891957959979  0.00904402845039843  0.01859889825403014  0.02862467374561807
  0.03910258191402709  0.04933812598644709  0.05965603996067163  0.06955453279317862
  0.07995693474723779  0.09014988923213618  0.10036699567010375  0.11114593733644000
  0.12092805825293032  0.13059515036111005  0.13995981068325131  0.15022263699792626
  0.16048209547374756  0.17021650149638559  0.18025319283218227  0.19062323678816398
  0.20165722728919797  0.21241814182878216  0.22300015334751933  0.23296087996567660
  0.24296356937133165  0.25317837964430034  0.26419681555990243  0.27525102378674343
  0.28641484360959846  0.29741297853723886  0.30872139831209061  0.31961375980819284
  0.33025490518645773  0.34056817601935774  0.35105024802179341  0.36155924636972359
  0.37211519434310542  0.38311673768604160  0.39421530357837770  0.40528409913803154
  0.41595723137073803  0.42623772686137817  0.43661689643730628  0.44720151306880002
  0.45806915354048239  0.46899676455192879  0.48027620997052906  0.49152018986734503
  0.50249154425648057  0.51326436437016365  0.52410272487305376  0.53504964098597896
  0.54603109555270590  0.55711645709980828  0.56805108172686236  0.57872089146950556
  0.58924266665032132  0.59978973532749824  0.61058283237562838  0.62154575401830958
  0.63235265340482993  0.64274379059294684  0.65274431184438553  0.66251910715872464
  0.67232488473912422  0.68223767950348457  0.69267201666116263  0.70363702371472903
  0.71490211010683247  0.72613221124261795  0.73727303418320866  0.74826190659121128
  0.75824882595119170  0.76797053539786919  0.77713760274169263  0.78726946166129752
  0.79703189793633289  0.80672620090241720  0.81702843707373052  0.82753660059289369
  0.83815908764976854  0.84850451777172353  0.85903468552350248  0.87009134737328853
  0.88105596177667866  0.89181982278988403  0.90247572585182378  0.91334952377217271
  0.92409697626389387  0.93490638044411012  0.94570391514111940  0.95662846314663241
  0.96746528833962953  0.97809920294078068  0.98901799478880692  1.00000000000000000
 -0.00232753368031646  0.00927043171070304  0.01948747676844194  0.03048092118796802
  0.04083838454171630  0.05039781945114609  0.06019032115027120  0.07045477853791828
  0.08143627316446998  0.09185090157036402  0.10231630867326247  0.11291729652107656
  0.12352197019017039  0.13383890894560524  0.14396595374273666  0.15416721745252057
  0.16471107187201137  0.17553833128390184  0.18637705507067240  0.19688044654888559
  0.20770015831418184  0.21884299086740625  0.22981151472517616  0.24031609535830142
  0.25069085021060428  0.26118123191339598  0.27177525240449463  0.28208086942460631
  0.29246954414333592  0.30303970394880503  0.31379190178268940  0.32488100173753054
  0.33609753423456895  0.34749025312697862  0.35869840346596216  0.36982869689540154
  0.38074908656649720  0.39115033072731198  0.40110657662185323  0.41083924257604321
  0.42064389750722103  0.43087280866893440  0.44164316550712973  0.45302016924236782
  0.46413843615910189  0.47485265971132551  0.48569085121383715  0.49661557978107285
  0.50746392771855786  0.51818354667799305  0.52903817863441793  0.53989430614143619
  0.55057345919994605  0.56108692512394920  0.57163655898725707  0.58211514886565574
  0.59250279509723791  0.60236564693892669  0.61205611465842746  0.62148642445656299
  0.63182134016928471  0.64250340108199155  0.65338918407799329  0.66399946832778878
  0.67442527904850236  0.68492723525838384  0.69560270776903776  0.70619856550553528
  0.71659224220851947  0.72707071758583219  0.73805137751761496  0.74902538910077898
  0.75975889884584269  0.77031402270020155  0.78111545362663681  0.79190523964406168
  0.80251157376900273  0.81316139694015288  0.82387399653913573  0.83472516249742423
  0.84545373152643488  0.85635685390193217  0.86721050015910595  0.87772947530484391
  0.88816067804638898  0.89883781449228550  0.90977970569136124  0.91974765244203427
  0.92902790649594502  0.93798935902949909  0.94799084340568929  0.95828706663614427
  0.96860970268194291  0.97891042285954455  0.98939080707097449  1.00000000000000000
 -0.00000072905370569  0.00016708057862730  0.00063692793370150  0.00118346781830436
  0.00172183579052008  0.00221478087924924  0.00285342541105697  0.00350080052965937
  0.00429834185800474  0.00565079473780853  0.00694111604481997  0.00784026119480383
  0.00855585701938375  0.00918125675558475  0.00975142425905237  0.01027763459217639
  0.01079335443215104  0.01130358785215597  0.01181017052914157  0.01231520464243430
  0.01282191281957012  0.01333385258594440  0.01384849414766959  0.01436867751094834
  0.01489696012150999  0.01543447530774749  0.01598724403279907  0.01654309565855325
  0.01709288687294489  0.01764319246943852  0.01820900679980514  0.01878896754379187
  0.01938384327114884  0.02002779764044622  0.02068179667434956  0.02135132261249529
  0.02204125206992353  0.02274633947243489  0.02345677075939055  0.02417183077877524
  0.02490490795915001  0.02566495029737371  0.02648997110693092  0.02733851426336696
  0.02820629297725975  0.02907886238235502  0.02998358406558494  0.03091372278284880
  0.03187038182120222  0.03285381257918644  0.03386224109483331  0.03489837887870082
  0.03598102297018940  0.03713122190011548  0.03831396738402987  0.03952061163976402
  0.04077937877384914  0.04211011091804596  0.04351235864227396  0.04492520814761991
  0.04634546399557597  0.04779188970503623  0.04930333656722267  0.05088033479190817
  0.05243601935766488  0.05394812878790407  0.05551850741986047  0.05714871727932518
  0.05910036452145518  0.06112877030491037  0.06335195538163359  0.06564471840328860
  0.06793048761746127  0.07011388610655288  0.07241727667549587  0.07502898955198643
  0.07795138309097362  0.08113431724987705  0.08460255531656090  0.08844527125034657
  0.09255030264380991  0.09713257383353603  0.10165232187430449  0.10660374462822746
  0.11230467844237851  0.11881751711530258  0.12656925624920493  0.13591774576849178
  0.14476658315507288  0.15402659784528600  0.16528584166469748  0.17928984130550427
  0.20990915190562973  0.25711443608491391  0.86740121883288357  1.00000000000000000
 -0.00372275528237817  0.01553220718324719  0.03113084318850921  0.04734517282507134
  0.06334886084282973  0.07801228592881963  0.09169886565173094  0.10546516780819536
  0.11948442389708400  0.13251498378773080  0.14423637325076527  0.15555620433022890
  0.16668021676655312  0.17743253808301543  0.18807521534429686  0.19885827724602392
  0.20934788710699495  0.21923723144025889  0.22874861812428296  0.23804623348486839
  0.24732159742244952  0.25655943336220766  0.26556574678286099  0.27433502798235360
  0.28290437446092920  0.29153399948089503  0.30046576982754997  0.30974465566627823
  0.31922038278711934  0.32864377932391625  0.33794288122971822  0.34754881041757413
  0.35764265601389261  0.36833369851236231  0.37913096820672387  0.38983884025019355
  0.40074230371927388  0.41200752421175912  0.42331427289220536  0.43454977800922684
  0.44567928961300574  0.45692464829620044  0.46841146079343771  0.47951758291383106
  0.48983193019775162  0.49987682971323033  0.50980577970288765  0.52053525905678710
  0.53128211023153049  0.54174561307301317  0.55193629382658560  0.56175901328733480
  0.57168658773972347  0.58181166810154927  0.59193468659756832  0.60172305728658126
  0.61116217804870632  0.62036259067381616  0.62940674696032151  0.63832007235113497
  0.64716340569945852  0.65603487245308589  0.66470622713129790  0.67317626597833147
  0.68146605081255152  0.68954025947276076  0.69797034068478725  0.70603770410740219
  0.71431169603540923  0.72238955500058122  0.73060192940384772  0.73919548647551969
  0.74759365573850101  0.75565243850622221  0.76355997500142925  0.77174295121591974
  0.78034081011203338  0.78917036758843573  0.79824139177460840  0.80740221749745156
  0.81656933963300293  0.82580200708803864  0.83524368672033200  0.84501626588215284
  0.85505796613516449  0.86541669813344380  0.87624520932920946  0.88798531758344434
  0.90065969149222602  0.91392285004693907  0.92700917673502314  0.94044378991893840
  0.95389124953681725  0.96812325837160429  0.98302985848599722  1.00000000000000000
 -0.00893965781991153  0.09400529434107280  0.19683312562406685  0.23337397143454908
  0.29170971175730842  0.37507107507066711  0.42871171609769165  0.46543325739054980
  0.49453141442327364  0.51778276737895734  0.53829861514599497  0.55691980749872394
  0.57404182588972896  0.58952673538194100  0.60372054771047823  0.61694144094277059
  0.62922745574850669  0.64043838957392907  0.65113330205050446  0.66119402241495262
  0.67073073402353189  0.67971088653168843  0.68835926263283242  0.69659966820870856
  0.70440572215888808  0.71186870948260750  0.71908542079967774  0.72593773069447731
  0.73234928638438657  0.73848092463994341  0.74455297321565328  0.75067566012341991
  0.75676277073830700  0.76266809834831495  0.76835634948886500  0.77385717700873657
  0.77922697436782484  0.78449829576839669  0.78959770498813930  0.79447043609082779
  0.79917348021552326  0.80381853168562123  0.80839212710339092  0.81290680119226166
  0.81722309948646954  0.82146414569642900  0.82557839559159041  0.82965413280035893
  0.83363602981604035  0.83757809173925857  0.84145972821035120  0.84533631772977880
  0.84910813469065649  0.85266309425463882  0.85609482360229128  0.85952059181750995
  0.86289223228488576  0.86644958786124482  0.86999763642778549  0.87345569492808306
  0.87684364999375430  0.88015599725649540  0.88339966064994857  0.88658561653723489
  0.88969836437437966  0.89271421714532262  0.89561494436172506  0.89841303401811889
  0.90118548318781744  0.90393884202994723  0.90671731677796008  0.90949499270528378
  0.91232791930542922  0.91513127706277764  0.91786190009289503  0.92052881970017975
  0.92316463409787142  0.92584659566368832  0.92864705111637535  0.93147912002326216
  0.93436260157733075  0.93721550934357867  0.94001233477981883  0.94280151422649883
  0.94559054520896757  0.94844853674343754  0.95146729991721202  0.95453633653870962
  0.95766830957179561  0.96120729408771211  0.96493676396473049  0.96873208133798305
  0.97283017302678154  0.97764344583950824  0.98519946413622950  1.00000000000000000
 -0.01961309759564230  0.10056980318368289  0.13711865859105193  0.15987273699292101
  0.17685548267686857  0.19139402592861701  0.20440277398408122  0.21567038885445028
  0.22576531131422234  0.23539315061444865  0.24431610854647126  0.25233336936941003
  0.25931451984591780  0.26590705000798187  0.27240896494341083  0.27882961311676430
  0.28504663109341039  0.29102254098503488  0.29704073404112108  0.30326911570390369
  0.30964979972591294  0.31602538909575417  0.32229435739696999  0.32842873117913313
  0.33449970627520781  0.34052567088300395  0.34654662796393132  0.35249141516881055
  0.35844705542023397  0.36450934368062993  0.37047736598309466  0.37647467548910346
  0.38239940860063687  0.38810341472752902  0.39363231260997594  0.39898571963369456
  0.40437069168102641  0.41008905869197604  0.41599712227174629  0.42163487721497894
  0.42727335623805945  0.43301351668901389  0.43866181321649828  0.44431739878282045
  0.44995215083120421  0.45562357415339971  0.46127735138321446  0.46690035464457086
  0.47260375741340460  0.47843105571463757  0.48429773456388214  0.49012201704855868
  0.49591063342290331  0.50173429983664564  0.50772939425552666  0.51380713600611994
  0.51978883519980978  0.52578829745422939  0.53163992299152707  0.53748109767892716
  0.54368725604244728  0.55050737049078680  0.55766020654895188  0.56477427476473896
  0.57198588084313862  0.57925511476465019  0.58640413721609952  0.59347623692124707
  0.60058947772334093  0.60764467085001050  0.61470225844844439  0.62172138132575938
  0.62890723123061265  0.63632638931311292  0.64395551696834541  0.65162172787211414
  0.65909523822669691  0.66640130868784042  0.67370367951784904  0.68139193037506374
  0.68985346826661442  0.69897853801412591  0.70840961720052786  0.71798590943060825
  0.72775095081002295  0.73792504243334933  0.74875437017260016  0.76034912632810492
  0.77294028548042093  0.78659930890877749  0.80144310400244656  0.81767577275010828
  0.83690164705718617  0.86122347305001001  0.90076583561153512  1.00000000000000000
   1.1052751121381646E-009  -1.0000000000000000     
 F F F F F F F F F F F F F F F F F F F F F F F F F F F F F F F F F F F F F F F F F F F F F F F F F F F F F F F F F F F F F F F F F F F F F F F F F F F F F F F F F F F F F F F F F F F F F F F F F F F F F F F F F F F F F F F F F F F F F F F F F F F F F F F F
  <DiscreteSampler_grid>
  grouped_processes
  1 # 1 for a reference and 2 for a running grid.
  10 # Attribute 'min_bin_probing_points' of the grid.
  1 # Attribute 'grid_mode' of the grid. 1=='default',2=='initialization'
  0.0000000000000000 # Attribute 'small_contrib_threshold' of the grid.
  0.5000000000000000 # Attribute 'damping_power' of the grid.
 # binID   n_entries weight   weight_sqr   abs_weight
    91   10   2.210358408531795E+000   2.230099699424334E+001   2.210358408531795E+000
    127   10   4.513913469685838E+000   9.506685131794262E+001   4.513913469685838E+000
    128   10   4.513913469685871E+000   9.506685131794437E+001   4.513913469685871E+000
    178   10   2.210358408531794E+000   2.230099699424333E+001   2.210358408531794E+000
    268   10   3.349894001140881E+000   4.723513489139948E+001   3.349894001140881E+000
    269   10   3.349894001140911E+000   4.723513489140062E+001   3.349894001140911E+000
    277   10   1.611385418056306E+000   1.062344280499046E+001   1.611385418056306E+000
    292   10   3.290687866043893E+000   4.519435909456500E+001   3.290687866043893E+000
    293   10   3.290687866043950E+000   4.519435909456699E+001   3.290687866043950E+000
    313   10   3.290687866043890E+000   4.519435909456488E+001   3.290687866043890E+000
    314   10   3.290687866043920E+000   4.519435909456595E+001   3.290687866043920E+000
    337   10   3.290687866043890E+000   4.519435909456489E+001   3.290687866043890E+000
    338   10   3.290687866043920E+000   4.519435909456595E+001   3.290687866043920E+000
    364   10   1.611385418056308E+000   1.062344280499048E+001   1.611385418056308E+000
  </DiscreteSampler_grid>
