 -0.00468993377837738  0.02109794713960493  0.03702900434965643  0.04976314262141990
  0.06105319867721316  0.07155825373351271  0.08218726940717672  0.09530029360546088
  0.10694681159119472  0.11767737480630583  0.12796680198603128  0.13807247945789611
  0.14834331593344968  0.15801425125358359  0.16683212925785904  0.17567624420930000
  0.18503484939281420  0.19615570358825171  0.20973879866558504  0.22441274264127939
  0.23894634192029321  0.25315436467287683  0.26613729438814454  0.27738726656470858
  0.28678311095180975  0.29626232430458993  0.30556859606626374  0.31488425937796743
  0.32420523879184993  0.33382442874081136  0.34410537754652271  0.35438240713351721
  0.36474518093498554  0.37441664453390761  0.38299407285175918  0.39198497676125482
  0.40216782859526773  0.41307009314482557  0.42301745736731911  0.43108891243177022
  0.43857757735720276  0.44627516933752315  0.45396817639969594  0.46293706796565259
  0.47214952704067875  0.48267932581899581  0.49424831692211091  0.50590046749326978
  0.51797730339092463  0.53096292883332241  0.54344407276182971  0.55423225648374774
  0.56441029753518046  0.57256135596533875  0.58342622244283904  0.59346143237395099
  0.60354643136710739  0.61315596992073673  0.62227530646021700  0.63200649117256202
  0.64243610146108354  0.65296456052920993  0.66348611751366604  0.67369770046004940
  0.68338515529820387  0.69198542768914084  0.69985179851665380  0.70845548467880515
  0.71799873627360966  0.72810230393311770  0.73776207380973746  0.74729803444290699
  0.75964100147936719  0.77514303218561553  0.78930904090323950  0.80059337486841786
  0.81063952834017117  0.81968546070140758  0.82825710526733098  0.83677069855159525
  0.84567627153638558  0.85546391806015754  0.86555986371617533  0.87606465428088576
  0.88556230813819048  0.89522299053835774  0.90580752201883152  0.91737825078231960
  0.92802354070178494  0.93815551455961943  0.94735084323590801  0.95646613987393347
  0.96477961085665498  0.97340654233860313  0.98432182041025529  1.00000000000000000
 -0.00000105391442116  0.00007404075276570  0.00017700139881818  0.00029606803955995
  0.00041833185905256  0.00052817943664637  0.00063421821861594  0.00075036943361868
  0.00087613145824360  0.00099828055353853  0.00112023814618468  0.00125255175840688
  0.00139258258703903  0.00152761051096089  0.00164163661120896  0.00174909135802235
  0.00187058325523709  0.00200394448476093  0.00213829352729547  0.00227558149698050
  0.00241507195219156  0.00256719730852929  0.00272595958433810  0.00288146692541931
  0.00304243183954984  0.00319899422921095  0.00335201726021638  0.00351841474107446
  0.00370043928164517  0.00387795551134988  0.00405694109439438  0.00425827214642597
  0.00447674759024763  0.00470902593074480  0.00496073695150779  0.00521167011864188
  0.00544666863828714  0.00568439852210624  0.00590899670126315  0.00614782697542247
  0.00637327683374404  0.00661345009438894  0.00685139927078908  0.00709529754673293
  0.00736003371025651  0.00762753295908460  0.00790662006013132  0.00820901261180270
  0.00852448123334481  0.00881853559003144  0.00911171016051750  0.00944365982924607
  0.00984851339987245  0.01026398207120280  0.01065260637982570  0.01107568125426189
  0.01152937009006840  0.01201581888975156  0.01254703990693784  0.01310395586552649
  0.01370588860898239  0.01422221047155256  0.01468609691624040  0.01514025595241660
  0.01565538083126345  0.01627914158576427  0.01693871458848907  0.01759378072107580
  0.01828899307183854  0.01901936427759286  0.01976451995821532  0.02044409222379908
  0.02101645757413746  0.02162863118703874  0.02228048426668232  0.02301319786119082
  0.02381563828230174  0.02493108274901180  0.02662700700867751  0.02840761484298494
  0.03026572475208283  0.03204009544177647  0.03382466564552045  0.03575888590355737
  0.03807161643054178  0.04098929466220597  0.04470572808182899  0.04975561918971796
  0.05559001584357797  0.06274075034243744  0.07712263935074952  0.10056106297871170
  0.13135770433136440  0.16781473720801479  0.21147454158806947  1.00000000000000000
 -0.00002053720922915  0.00043121758125128  0.00083476549707554  0.00114798086724806
  0.00142584822686000  0.00169610799137946  0.00196301433917996  0.00222833497870890
  0.00249243432010565  0.00275258582799869  0.00302545546309306  0.00329527693093717
  0.00355243265501366  0.00381129524708456  0.00406636770921427  0.00434626425365926
  0.00461282694883672  0.00488261331187851  0.00514542643282520  0.00540736480377633
  0.00568473801406354  0.00596918235255739  0.00625557652312696  0.00653002412523667
  0.00679139028070716  0.00706733525471573  0.00735526148878416  0.00765503647250651
  0.00797076758050328  0.00833914877314752  0.00870089794373686  0.00905496683201142
  0.00943402420393096  0.00986612977080130  0.01033195407708799  0.01079125655205714
  0.01123724022378364  0.01168038521549826  0.01212076325310659  0.01253280022929591
  0.01301445881969922  0.01347876870998122  0.01389387920988977  0.01430340341549376
  0.01472961322963631  0.01518972036200984  0.01569705566686396  0.01621546007980906
  0.01676937692804941  0.01734193739883125  0.01800925215998170  0.01881021473888875
  0.01968566943647416  0.02053879863851729  0.02128881248190087  0.02209257401320693
  0.02298945256573909  0.02387168487440643  0.02468955220398737  0.02547600432631114
  0.02619261466593749  0.02676030985080903  0.02754722313096556  0.02838443370460127
  0.02923041746156032  0.03005310653643756  0.03083282985718545  0.03158280879596958
  0.03233528667573153  0.03312545223885695  0.03394338323826897  0.03474520743080813
  0.03556109562455631  0.03647596163820773  0.03753803638385794  0.03869243512773505
  0.03998065678923304  0.04136828223887467  0.04276677837787658  0.04460449248243747
  0.04630989192418123  0.04747157594225859  0.04874264187759910  0.05023740458165907
  0.05198446573643977  0.05403819652399697  0.05650619722527215  0.06067291084243091
  0.06827287110149104  0.07861550537100867  0.08838916011563155  0.09784963908881136
  0.10767789362789712  0.11996515167145821  0.29733590491002543  1.00000000000000000
 -0.00311163767411767  0.01415802821698979  0.02784481571663625  0.04078643143439892
  0.05446990843521922  0.06923668349731819  0.08390013085454805  0.09720849738558554
  0.11057534115745193  0.12280891608378763  0.13228834334384340  0.14107034348041517
  0.15071840329636366  0.16080267310666144  0.17071290598851341  0.18078390874384090
  0.19021096973452406  0.19953175551944718  0.20892646275385551  0.21936460133297228
  0.23037234672185009  0.24077556865889102  0.25131907299579642  0.26177696576602821
  0.27234761967833776  0.28185038624465086  0.29053887212191132  0.29969244072863988
  0.30968672204768688  0.32133607682386672  0.33293511355597183  0.34344909643945942
  0.35366514174037617  0.36344493431417463  0.37345280795627928  0.38324351878153212
  0.39288987938032682  0.40264235959595479  0.41190699673772696  0.42082401173379125
  0.42976383037649352  0.43908378643511448  0.44916311460076724  0.46044897100283144
  0.47335657241001133  0.48584116379962672  0.49855003017564520  0.51055981077359569
  0.52351089169329346  0.53667617078386798  0.54836118851780014  0.55904215512458066
  0.56960922193444397  0.58036569324642451  0.59071111448351632  0.60003203279520478
  0.60954598533278137  0.62007547160335053  0.63112638967178969  0.64249411210552354
  0.65430427447539252  0.66491879355240313  0.67476749363831501  0.68342599236797241
  0.69194592874208949  0.70006607934958409  0.70856003973210313  0.71678937183665892
  0.72511036287839692  0.73357157129927775  0.74242482582932789  0.75092094040742863
  0.75993507851773123  0.76971172489863493  0.77997449085236503  0.79092318309244158
  0.80242891975445219  0.81342887145044906  0.82298407193300238  0.83336025181178297
  0.84276294235433835  0.85153076705579600  0.85933191951106958  0.86642496511127198
  0.87355487626373696  0.88183099149583688  0.89123262043081652  0.90182066513955061
  0.91279121727627055  0.92379479349493443  0.93607391705799758  0.94832257442223000
  0.95995677401915269  0.97226210305331218  0.98473181473608273  1.00000000000000000
 -0.00187922896671459  0.00845097618745358  0.01861434640321023  0.03096315099027076
  0.04306332516490452  0.05557194881065169  0.06786196048643808  0.08007466411368372
  0.09188319725021482  0.10237025576318796  0.11185970577581095  0.12046836377250712
  0.12947863437405219  0.13934914455845199  0.14994769410921255  0.16034983341009584
  0.17059365967315843  0.18067334919880074  0.19075687477231690  0.20096137251912369
  0.21012513303217850  0.21882873691372948  0.22815982259394998  0.23823366536037663
  0.24787499460857565  0.25724144622410727  0.26693812708985754  0.27734262215287903
  0.28780977392352763  0.29851940618388384  0.30957808154724148  0.32007453647577921
  0.33054785850038937  0.34121293856578339  0.35403539955538693  0.36258128444402848
  0.37293970907329832  0.38198166782588916  0.39087120998015973  0.40015109068952787
  0.41074468676240750  0.42439371612075377  0.43759874411059468  0.44857739858724521
  0.45837620574169569  0.46823215911838484  0.47811225781477140  0.48749896735312287
  0.49632200337840110  0.50566872620565539  0.51635433305893275  0.52787314090273774
  0.53976806944864120  0.55169184665648630  0.56356985694432105  0.57516282290454623
  0.58620483984640481  0.59646955291310577  0.60657062074891566  0.61630029950922205
  0.62717586423533145  0.63813253111815682  0.64915167846610988  0.66025299441332908
  0.67138220377518121  0.68286615560659736  0.69564725002336980  0.70891900344613090
  0.72165845285078067  0.73323942112458440  0.74338924450492072  0.75329309565766445
  0.76229344460193726  0.77136649463245854  0.78097336910479431  0.79198607272610710
  0.80445173057129704  0.81719811062455361  0.82871554744324472  0.83872728912835737
  0.84797216856728541  0.85654751760488335  0.86474776453213820  0.87281743978117809
  0.88223008045284279  0.89148002151313377  0.90167661813397704  0.91382415028381458
  0.92669784665567922  0.93876609400611521  0.94943901298453037  0.95989582197196710
  0.97009537929251954  0.98016377928924170  0.99002487708034870  1.00000000000000000
 -0.00368977920403022  0.01302489747049835  0.02810517924863551  0.04208254538749281
  0.05422714802531214  0.06453719418326043  0.07511744466733142  0.08566951052475096
  0.09617139611472647  0.10646503128113757  0.11737002427553112  0.12896465295399848
  0.14113876672679423  0.15287368480060670  0.16403279154564324  0.17497652519643994
  0.18584081658258050  0.19605969094332004  0.20521500920644745  0.21413607034106849
  0.22291067142836271  0.23243286840181096  0.24201647503501797  0.25191788080039851
  0.26284641574187517  0.27415615505787200  0.28498088058054116  0.29574916443638849
  0.30688125262712046  0.31758535282107692  0.32743831603303059  0.33769734896244136
  0.34880996496777350  0.36115792072125441  0.37189965813656478  0.38237378891589802
  0.39213584735274976  0.40363630599316419  0.41682823254743473  0.42927288440152711
  0.44146708317364491  0.45248751386608754  0.46290514482934680  0.47359586228600559
  0.48282899976560067  0.49205295471653637  0.50127030865931599  0.51110260152470799
  0.51924864060674791  0.52725399372904380  0.53547931099616153  0.54622591769773621
  0.55787532700956910  0.56837668564526722  0.57881055666078451  0.58807495636775342
  0.59922977215722073  0.60917806777303329  0.61947557082215754  0.63033575946612008
  0.64162037520660919  0.65121557590372048  0.66064125859328515  0.66967568807404543
  0.67974262274386199  0.68935924116808645  0.69902436667343892  0.70784671400268373
  0.71743868569418923  0.72713678307873508  0.73539198027759978  0.74396185763144418
  0.75286458568964532  0.76232455043561020  0.77112721048401822  0.78029131438150090
  0.79019070294207450  0.80087831899757422  0.81188590062557542  0.82309383371763201
  0.83373495455887225  0.84300969735175135  0.85228228259299998  0.86109292606769228
  0.87025986280199730  0.87928966593806435  0.88948114347882534  0.90042030466188228
  0.91180497139023653  0.92388124362032809  0.93593033279582771  0.94636030652352765
  0.95588080171695489  0.96858621487852481  0.98431660841638446  1.00000000000000000
 -0.00073838387517833  0.00502802466001768  0.00880518788648259  0.01146702987710367
  0.01358186277004465  0.01544866209621062  0.01721969445413890  0.01896560007125713
  0.02063413386346247  0.02206645878494770  0.02339086093529712  0.02463018571489568
  0.02581812558248081  0.02697664426866687  0.02807269168120567  0.02919803684360506
  0.03027222588563069  0.03132690250827642  0.03238476565998650  0.03345172039866150
  0.03465818811382326  0.03587256559633728  0.03707529799195859  0.03829414862089697
  0.03949646468306715  0.04066353643330240  0.04172969193043193  0.04270200231728928
  0.04366660648419318  0.04463340628733488  0.04570766346317642  0.04683980455943856
  0.04800510788107261  0.04914674808718876  0.05011527145319190  0.05100320752748186
  0.05187036857086810  0.05275372555665703  0.05372383698208232  0.05477860751223488
  0.05596532793613623  0.05718362850352322  0.05843825165941170  0.05957209774056033
  0.06075507546237871  0.06188501126558118  0.06272104489478431  0.06372415931506735
  0.06473974052275523  0.06576032104394147  0.06668571135947990  0.06755437103476451
  0.06874292014015046  0.06996379930949713  0.07121093770180635  0.07266869002233722
  0.07434201911732534  0.07608745940001518  0.07797605348318630  0.07983680487859865
  0.08134731035274283  0.08259087881843580  0.08387873204640761  0.08525894445432339
  0.08673945362390868  0.08831320632794490  0.08940168386149952  0.09046285449960988
  0.09153741190240779  0.09279981874957112  0.09437043672980540  0.09577558792501184
  0.09716185673653584  0.09884105101428269  0.10139507622179865  0.10416580084236569
  0.10762636583894229  0.11124675589792031  0.11496102565481570  0.11903925342709230
  0.12350908520241821  0.12829460831216882  0.13333949109269275  0.13875568513338887
  0.14399234183023218  0.15119335353210916  0.15964409329151494  0.16797388059750637
  0.17477410018321426  0.18135956821608920  0.19046208958110775  0.19891070908567843
  0.20682295385640648  0.21346685577535304  0.22151720692992974  1.00000000000000000
 -0.00127746783312221  0.00470558482248677  0.00989602042018846  0.01486954252040733
  0.01972326115355732  0.02471053355878240  0.02982654649212942  0.03494213080333766
  0.03996296954868186  0.04468132362535734  0.04956095432572324  0.05456393212300572
  0.05974685537606937  0.06580671314054899  0.07222646165073016  0.07903713954465279
  0.08611276238286800  0.09289455850691737  0.09948332630537438  0.10631154611468617
  0.11294062405464098  0.12011963138191070  0.12810362649182211  0.13682333610913172
  0.14550231243423165  0.15410830181567320  0.16300195041083407  0.17259880404380454
  0.18287292960267840  0.19310730389228214  0.20299441054209913  0.21333095205962427
  0.22385846585063074  0.23312201638847263  0.24220345185128228  0.25236107792270795
  0.26405533177302315  0.27789501344280998  0.29285775541941450  0.30882052762631113
  0.32540525977223839  0.34193404386111825  0.35860837800240819  0.37851981683954733
  0.40233708968680082  0.43426830243928799  0.47626516710673938  0.52149094551181407
  0.56448390956314909  0.59668383368631650  0.62091683873603409  0.64238415765227608
  0.65995173319273792  0.67586670882501687  0.68982761676874127  0.70250940799420381
  0.71535729331128217  0.72758456774160973  0.73931691624571971  0.75022578881444935
  0.76087984818382592  0.77098758783324495  0.78074213904614176  0.79060164807121469
  0.79959664055814073  0.80785942324643212  0.81550370076848344  0.82327043570945457
  0.83121313701541366  0.83890951497108357  0.84658194449927138  0.85386473244411787
  0.86061894390508054  0.86718743195425962  0.87358664159181143  0.87979749620201719
  0.88612099179996517  0.89273064788432599  0.89940635882344622  0.90570137414510121
  0.91172815169429655  0.91794394044280236  0.92440177775812971  0.93049263694319817
  0.93632457293516980  0.94169945959736490  0.94736994119581397  0.95234456384698851
  0.95760468348525962  0.96355615797593885  0.97026122584835994  0.97699232680949943
  0.98275681512907320  0.98869157347242076  0.99443710039789657  1.00000000000000000
 -0.02036720548560325  0.20117542348725767  0.32041631319957470  0.39423166337386412
  0.43982269873924368  0.47388416799949779  0.50027787502480070  0.52456335962172684
  0.54497236772831070  0.56352146275433990  0.58075108051908808  0.59896978655213418
  0.61539851016188518  0.62866173714798201  0.63883974626228324  0.64853832703416481
  0.65883510472321616  0.66957682086837567  0.67961771833814910  0.68926664205446064
  0.69870081090891090  0.70764759336559957  0.71589397811854483  0.72382774458947829
  0.73125364001499427  0.73835928651374738  0.74517442571786685  0.75171747189782945
  0.75757057335433264  0.76309237146712905  0.76874923512438398  0.77474507683353100
  0.78104295635274223  0.78703457026321544  0.79256522594623779  0.79785412384214460
  0.80299755905001435  0.80817866266659466  0.81371407032994891  0.81955473160228520
  0.82532416063238434  0.83073076295970238  0.83540161235620991  0.83995501048715027
  0.84453830774350880  0.84889749193616304  0.85306858304911293  0.85685458492965905
  0.86048985118931665  0.86434858159581862  0.86816704907229936  0.87197065480314162
  0.87530497672470609  0.87840227425302586  0.88140087038214499  0.88439023528982807
  0.88747348825561290  0.89062064417954767  0.89359340811810584  0.89624825930858587
  0.89883510923446752  0.90144628392402737  0.90415992578930315  0.90708068258103491
  0.91018701215412123  0.91331448761977985  0.91628545665267147  0.91917024823245175
  0.92184308939881621  0.92443145801124316  0.92706314420356428  0.92981019340611926
  0.93235490986374714  0.93493108520741230  0.93748769948973876  0.93972036934822567
  0.94173439730492936  0.94369543843580628  0.94556478575530412  0.94750230192100582
  0.94935437674365297  0.95122698468864919  0.95316887763045188  0.95515385139490683
  0.95718089590419031  0.95927331245896441  0.96140267152866621  0.96365960581458365
  0.96599269229817131  0.96854933852711877  0.97148578270649633  0.97486970648117210
  0.97869869290835987  0.98309065691340114  0.98911635934911712  1.00000000000000000
 -0.01466570865209856  0.08620718090067454  0.12009125220183178  0.14560968100955413
  0.16653628947974938  0.18414374634049099  0.20011704001298300  0.21489368399255343
  0.22755568638097745  0.23833073046902234  0.24830245081079327  0.25788592274793581
  0.26699185444605145  0.27608755546046737  0.28457304385200238  0.29339249144842539
  0.30216824165652573  0.31104153530155260  0.32001917256473678  0.32944071734754127
  0.33911388256371239  0.34842118655215587  0.35695435581101154  0.36458954458845810
  0.37156822269973561  0.37858341524026634  0.38496707918704154  0.39160418048306150
  0.39867044467489515  0.40604907837849780  0.41354311234548546  0.42119587191115082
  0.42931692960858447  0.43770482823060153  0.44417747121748624  0.45021644011358303
  0.45575422604356725  0.46110940849676418  0.46651073860016401  0.47247327589048771
  0.47849626712563714  0.48405845388571439  0.48946099967508871  0.49516219324551664
  0.49997289611930223  0.50552887660470436  0.51129894644718310  0.51716370078305940
  0.52355667447173249  0.53064170455152193  0.53731898549222756  0.54393204842325682
  0.55073018178868249  0.55739084578241038  0.56419798425202716  0.57137794850828738
  0.57884129485565683  0.58598148500848568  0.59267929135212238  0.59884363262425866
  0.60465466627332276  0.61029073673395939  0.61552851074882142  0.62123056716339631
  0.62732137357859774  0.63417136850399025  0.64160847476013527  0.64815182248474112
  0.65436299266256204  0.66071202537590190  0.66774457381458541  0.67555446089221260
  0.68281991980864010  0.68927253833763114  0.69535226465105371  0.70150148946003865
  0.70779214895822606  0.71467320896846875  0.72254671835445905  0.73150105843801838
  0.73957404679720884  0.74768700229361851  0.75566921489666217  0.76331633217237937
  0.77081999860914219  0.77876511074390753  0.78725801757328362  0.79687038164174806
  0.80807101502033007  0.82196088280170332  0.83721477526070553  0.85225984357995643
  0.86985610526276835  0.89014938500736396  0.91943970350969206  1.00000000000000000
   2.9487154942944084E-012  -1.0000000000000000     
 F F F F F F F F F F F F F F F F F F F F F F F F F F F F F F F F F F F F F F F F F F F F F F F F F F F F F F F F F F F F F F F F F F F F F F F F F F F F F F F F F F F F F F F F F F F F F F F F F F F F F F F F F F F F F F F F F F F F F F F F F F F F F F F F
  <DiscreteSampler_grid>
  grouped_processes
  1 # 1 for a reference and 2 for a running grid.
  10 # Attribute 'min_bin_probing_points' of the grid.
  1 # Attribute 'grid_mode' of the grid. 1=='default',2=='initialization'
  0.0000000000000000 # Attribute 'small_contrib_threshold' of the grid.
  0.5000000000000000 # Attribute 'damping_power' of the grid.
 # binID   n_entries weight   weight_sqr   abs_weight
    91   10   6.989665008315586E-004   2.534199334755833E-006   6.989665008315586E-004
    178   10   6.989665008315589E-004   2.534199334755833E-006   6.989665008315589E-004
    277   10   7.104428097930792E-004   2.597963164345946E-006   7.104428097930792E-004
  </DiscreteSampler_grid>
