 -0.00011229864512150  0.00033995910439402  0.00130302765705704  0.00363405897863939
  0.00881748198434570  0.01720910122299466  0.02865575713973252  0.03975561650480133
  0.05014319483094026  0.06033298347378000  0.07055702837231022  0.08074127941360386
  0.09085904252320168  0.10096716886717405  0.11101465046178816  0.12104398563446886
  0.13111742397800599  0.14132067118385494  0.15168298602926009  0.16209238449472144
  0.17257279252434662  0.18302680082422235  0.19347629644275219  0.20395465549437106
  0.21450461275770094  0.22508194540146850  0.23565384913116727  0.24615269925829594
  0.25649563075404752  0.26675823714248520  0.27716351962595270  0.28766901068524037
  0.29817132495892062  0.30865003965066706  0.31927027290898768  0.32999841110500372
  0.34073434834632338  0.35151225702654160  0.36231267664218009  0.37312274285828517
  0.38392141498390692  0.39465027240397388  0.40528196392663984  0.41589300014329345
  0.42658012799286149  0.43732116323269571  0.44803493029486335  0.45865048126974678
  0.46924618160324594  0.47987553927419224  0.49064215411251266  0.50141987646458330
  0.51216892937198533  0.52287270366481187  0.53351759807443289  0.54408789085326870
  0.55472257376684053  0.56545327427909753  0.57630550960198290  0.58712363235171727
  0.59799328509813143  0.60882006472325778  0.61965291865937777  0.63052926163739298
  0.64139341949103756  0.65225105158635643  0.66311473271970089  0.67398193434618037
  0.68486454602697278  0.69580394886518515  0.70677664144675645  0.71769527826436386
  0.72856356122516586  0.73938473690447737  0.75029971641265536  0.76135919575760225
  0.77255720733931132  0.78378777423923629  0.79503613784471072  0.80624501442165097
  0.81740668100956948  0.82853226740283370  0.83971882570501322  0.85090424746493010
  0.86210218531903338  0.87336994100676468  0.88473265074904572  0.89619247910004718
  0.90787330463850813  0.91977187294832863  0.93191836394688898  0.94437501448585559
  0.95687499156985767  0.96997077734057580  0.98421302526993870  1.00000000000000000
 -0.00000013581053116  0.00000525679197755  0.00001103191594703  0.00001944612964649
  0.00002821128016903  0.00004022623355546  0.00005499976409441  0.00007601208893615
  0.00010536046635585  0.00013958492963924  0.00017763303591199  0.00021945091803396
  0.00026535451344909  0.00031555388469680  0.00036809786705584  0.00042784619995384
  0.00049336520408227  0.00056436888787684  0.00063934221068145  0.00072087029739967
  0.00080485469806207  0.00089504489998583  0.00099009820188696  0.00109547696139297
  0.00120566196927974  0.00132113386297388  0.00144059064197144  0.00156446087074734
  0.00169595984751184  0.00183473928817769  0.00198280787607506  0.00214139341427145
  0.00230271797705168  0.00247048297276210  0.00264501635216808  0.00282596893725837
  0.00301380837239732  0.00321280596787479  0.00342246425825231  0.00364314421021079
  0.00387417184870609  0.00411389391705836  0.00436532589804393  0.00462533584726947
  0.00489395638074549  0.00517281141680955  0.00546132885659652  0.00575990279996422
  0.00606993667124317  0.00639235697424941  0.00673049110511398  0.00708566659256468
  0.00745387952671253  0.00783500856675431  0.00823060375025831  0.00864081533174743
  0.00906678375513861  0.00951013284604101  0.00997077893410706  0.01044433165399318
  0.01093360009139643  0.01144649144875431  0.01198352584207460  0.01254437900872503
  0.01313167303432694  0.01374485998183734  0.01438531639580574  0.01505514552881171
  0.01575832337152897  0.01649740116127256  0.01727312981602743  0.01809208432810632
  0.01896185416583549  0.01987879685440794  0.02083160786737842  0.02182491071919833
  0.02287271287346916  0.02398213014127462  0.02515430499557535  0.02640903003037725
  0.02775612454867996  0.02920995398240938  0.03086379627056630  0.03264794553118945
  0.03456764348047047  0.03671600480652838  0.03906431011408014  0.04174180828473478
  0.04487135956623025  0.04860029755856443  0.05318241729212963  0.05897585132364010
  0.06664918060879275  0.10497630284285946  0.26420375807097241  1.00000000000000000
 -0.00097259001936659  0.00407274143243393  0.00885763732175541  0.01383805569000282
  0.01894789277758200  0.02407366107033030  0.02925758740587414  0.03455467287644094
  0.03993497498567601  0.04540627985599728  0.05093378457680435  0.05639012409813544
  0.06177758820356254  0.06728213081406219  0.07291037219707137  0.07866150253437390
  0.08448888710355888  0.09038097479482492  0.09626281394702260  0.10203546924096309
  0.10781499404708712  0.11367901633370203  0.11962731568974640  0.12565771808535534
  0.13177039717020439  0.13798371701358758  0.14428151971867229  0.15061946554762295
  0.15695659065997122  0.16332242774703765  0.16976741805811765  0.17624946864946189
  0.18272489395549388  0.18925089383604457  0.19587197152106200  0.20257876698295321
  0.20935613406922915  0.21624811687774259  0.22331889526613791  0.23052631620781086
  0.23773856599909654  0.24489906944169998  0.25209598725299848  0.25942886314817337
  0.26692797876047608  0.27455484736699021  0.28229808195765049  0.29018531221882893
  0.29820240215002969  0.30635420770905047  0.31468688623138386  0.32316248715779361
  0.33167487136784468  0.34019822835980196  0.34885870108514849  0.35769178542535085
  0.36669025802489430  0.37586782280800268  0.38455242570770698  0.39228157836176131
  0.39994943618897072  0.40758283363189562  0.41615587814134297  0.42620103686428007
  0.43569042299461752  0.44535374475957767  0.45508356180511800  0.46561035974943799
  0.47691494062228501  0.48830014480796702  0.50039326092730585  0.51252268269754531
  0.52530099204649117  0.53856856744931259  0.55171198304900304  0.56444714604202795
  0.57733935856058760  0.59038175780752489  0.60378293537500749  0.61807333619773963
  0.63359018479834328  0.65031877727728649  0.66601043663530080  0.68036151089996066
  0.69593457178905271  0.71397985726441127  0.73536506644259114  0.75866065745175837
  0.78296389673568301  0.80926750997756458  0.83784019418466826  0.86860502007667473
  0.90162210426401390  0.93523051241262312  0.96797318836022317  1.00000000000000000
 -0.00201691307197740  0.00838506743756754  0.01873265684888495  0.02934637449026625
  0.04052595616272772  0.05097924333858937  0.06192834877296534  0.07224109819075011
  0.08192017175324719  0.09168107911785084  0.10143661623427314  0.11249813079036787
  0.12359972888590634  0.13468161200591330  0.14535748082156860  0.15570561630172217
  0.16589903132661185  0.17591128222887703  0.18607199190298043  0.19627641174665203
  0.20668158124636724  0.21720436250864800  0.22776683313775659  0.23827819493378682
  0.24871368909485708  0.25919230330974757  0.26997637653877010  0.28112492966251351
  0.29239385968027076  0.30320095954342602  0.31329849786882596  0.32326333773262289
  0.33350290275572203  0.34371703243556800  0.35375202299261388  0.36376563198814371
  0.37433587948661351  0.38541063947940107  0.39647871432005999  0.40739997384328724
  0.41831861557533268  0.42929616225598366  0.44035243948701314  0.45144534672232234
  0.46235766929255767  0.47308610459499312  0.48374247183413338  0.49443445844829109
  0.50544236961815581  0.51643870336380548  0.52613450700689357  0.53471721385621684
  0.54366147825648725  0.55255074610194399  0.56247360712794414  0.57385675444534456
  0.58492329176847713  0.59601832049061654  0.60719124390514723  0.61843049586007182
  0.62962093995391200  0.64052916773131008  0.65124425246822704  0.66202641581111321
  0.67305973854465972  0.68415190735906017  0.69539369772075554  0.70689884704233796
  0.71851627949182295  0.72939460427279623  0.73921001969665501  0.74868866512737775
  0.75847389098527096  0.76893132503849326  0.78000371931445656  0.79113021812323381
  0.80166687945670578  0.81171276759001876  0.82178630256155683  0.83213193808314179
  0.84263639084739250  0.85312718762443829  0.86378558815918538  0.87454738172212276
  0.88493675405759586  0.89529494747132610  0.90597076687594102  0.91667211390077963
  0.92711991386033643  0.93709418487674023  0.94716450887730241  0.95709439205057500
  0.96787147487041869  0.97839329780526740  0.98939874447867471  1.00000000000000000
 -0.00272917344558069  0.01013241965750094  0.02036796481899155  0.03052923492623466
  0.04045685277092687  0.05093461818766407  0.06178857108769159  0.07260725578652802
  0.08326377472972055  0.09394025478078694  0.10467176597602446  0.11510969769712613
  0.12585284230591962  0.13673781252517506  0.14753958052224511  0.15818274628574788
  0.16903936747815190  0.17962427552727753  0.19014464582066032  0.20064162655067327
  0.21138452556032361  0.22236162655726222  0.23339266672495837  0.24474743143060945
  0.25573763016489215  0.26556959564664351  0.27407095647246771  0.28111230628406958
  0.28809494185975787  0.29625853648686656  0.30646343971726164  0.31683207542035779
  0.32652658455639177  0.33622352324791138  0.34631497227126484  0.35663560502399705
  0.36679314617840031  0.37716892846210681  0.38778250950254078  0.39865572207562566
  0.40968876509749308  0.42092942158994540  0.43218941354265361  0.44332051528968741
  0.45438467098169583  0.46540800472765576  0.47645302643687293  0.48750491621778064
  0.49842533230527802  0.50915754668194113  0.51981425483424981  0.53048295996248473
  0.54108692029395233  0.55147006232185536  0.56171393934715741  0.57208509786198158
  0.58272454886382297  0.59360200035983191  0.60447813799846861  0.61526670880746792
  0.62594799798591161  0.63631359374874796  0.64635229076940814  0.65635566660813216
  0.66665526071508041  0.67746896894315412  0.68844865515020215  0.69945478018326079
  0.71047727554773132  0.72130715909027343  0.73164664837963278  0.74153761793679063
  0.75127915108203880  0.76106547440204886  0.77101886722988056  0.78117745179970643
  0.79154028523874864  0.80233516981834663  0.81337910020003679  0.82455246425328610
  0.83579576503274289  0.84697983191315551  0.85830522081686800  0.86952310205773264
  0.88066149993035703  0.89164224723109831  0.90270656656535275  0.91371169207288816
  0.92473695872776529  0.93534371504686664  0.94593422311303521  0.95664452122927746
  0.96763253981828379  0.97871605814725815  0.98937729308309319  1.00000000000000000
  0.00000560620082170  0.00001130802629278  0.00001893947436650  0.00002874104782969
  0.00004042682659278  0.00005428232941289  0.00006958680839522  0.00008716364163505
  0.00010700629315626  0.00012959859415284  0.00015588725100452  0.00018627780798511
  0.00021815680804229  0.00025590169543882  0.00029706701411561  0.00034173589058578
  0.00038964071217617  0.00044464937639789  0.00051231743372674  0.00059614405224943
  0.00070063125834579  0.00081345325795349  0.00094076594125275  0.00108263376306025
  0.00124907203725043  0.00146708985799654  0.00172491567866639  0.00202018091136799
  0.00234839762999696  0.00271608819538333  0.00326417254214882  0.00449592769025233
  0.01118202653564163  0.07859679104860126  0.17421524268950406  0.23879178038603935
  0.29267454219972561  0.33081638872418195  0.35888759421173688  0.38135078089312102
  0.40088563434876295  0.41866058605112189  0.43483846006361426  0.44974912399136763
  0.46376118524297455  0.47696132232531413  0.48946974430840418  0.50144707571587233
  0.51303401328824116  0.52408199643472031  0.53461297164650745  0.54475987675757342
  0.55457485515329141  0.56415330858490376  0.57350620197596980  0.58265950319561455
  0.59159730020901002  0.60040660809914637  0.60902461023317334  0.61750742977709561
  0.62590488631617169  0.63417974405093203  0.64232654506904818  0.65037932350362460
  0.65835408768954917  0.66627859028208580  0.67421689843516430  0.68212020364676840
  0.68996002840019199  0.69774097529741874  0.70548118714249386  0.71314431441627935
  0.72075056207479637  0.72839289342078084  0.73604839473390660  0.74369574874928956
  0.75138375967984594  0.75911999828680488  0.76690265796983670  0.77472154257706072
  0.78258971808390332  0.79052697792121651  0.79865011821521570  0.80697718295739018
  0.81545637737751320  0.82406040128091329  0.83289010914230754  0.84204917592781992
  0.85167859717438321  0.86192866485958941  0.87286768386255442  0.88466690240924195
  0.89780457098013777  0.91333873046674607  0.93752992037460303  1.00000000000000000
 -0.01905772312602278  0.07946212584653760  0.10563814026016695  0.12079818587813559
  0.13216006594417376  0.14175965565417659  0.15041817070100622  0.15807360095036019
  0.16486901603576481  0.17109388580642532  0.17692096934049012  0.18249401611790844
  0.18779927045198569  0.19284383666748092  0.19764348942359106  0.20223350642549240
  0.20667571548956681  0.21102318291807745  0.21529993243614892  0.21952909740399074
  0.22368697231766463  0.22780913436884379  0.23192161704515069  0.23600124736195277
  0.24003894066231224  0.24392751271820018  0.24772927895569327  0.25155736561483544
  0.25541739412460479  0.25933784374499436  0.26327120165132450  0.26725077454256779
  0.27132796017309363  0.27539309653258887  0.27942460308095041  0.28345064307569323
  0.28743516064377844  0.29154868264402867  0.29578841457004279  0.30007681437255029
  0.30435501146928412  0.30872094209351025  0.31310914624573394  0.31760506941524719
  0.32207701762123442  0.32663562930599060  0.33123952603407392  0.33597704058215311
  0.34080474400205152  0.34564335366328097  0.35053653168813487  0.35551145468959366
  0.36048635552235042  0.36538896835844420  0.37017452920761323  0.37501257372565161
  0.37997074408073600  0.38525748882076666  0.39085790586116131  0.39670539604454258
  0.40276147803605095  0.40889594255331557  0.41479561990123021  0.42045954968539950
  0.42625076672166146  0.43223714187274137  0.43841954678346318  0.44500023537069894
  0.45191321887313624  0.45915767359706938  0.46669319789583313  0.47422094492635547
  0.48168958428784653  0.48947045018135649  0.49767535547206437  0.50570734929161631
  0.51270239444151333  0.51955590811760477  0.52668991743209082  0.53467023507876255
  0.54378094133709820  0.55364925158001965  0.56348027347787755  0.57296227858566573
  0.58259950362832824  0.59302492121356132  0.60469405503933793  0.61797502388377479
  0.63228799599327701  0.64727624603636047  0.66292072782701972  0.68028851814625957
  0.69995446236555858  0.72597702866983627  0.77674888947655463  1.00000000000000000
   7.0849175380936911E-010  -1.0000000000000000     
 F F F F F F F F F F F F F F F F F F F F F F F F F F F F F F F F F F F F F F F F F F F F F F F F F F F F F F F F F F F F F F F F
  <DiscreteSampler_grid>
  grouped_processes
  1 # 1 for a reference and 2 for a running grid.
  10 # Attribute 'min_bin_probing_points' of the grid.
  1 # Attribute 'grid_mode' of the grid. 1=='default',2=='initialization'
  0.0000000000000000 # Attribute 'small_contrib_threshold' of the grid.
  0.5000000000000000 # Attribute 'damping_power' of the grid.
 # binID   n_entries weight   weight_sqr   abs_weight
    19   10   2.914521119769105E+003   5.451965070296065E+007   2.914521119769105E+003
    20   10   2.914521119769185E+003   5.451965070296431E+007   2.914521119769185E+003
    40   10   2.919320380750994E+003   5.459583663407519E+007   2.919320380750994E+003
    41   10   2.919320380751075E+003   5.459583663407885E+007   2.919320380751075E+003
  </DiscreteSampler_grid>
