 -0.00137410522383619  0.00678881757143769  0.01448564264466456  0.02299926072302304
  0.03222415912174009  0.04136960267530343  0.05031368268492460  0.05936434815473862
  0.06904830098332222  0.07915616791505224  0.08885688310035129  0.09849768501730922
  0.10864746325913469  0.11928216905912756  0.12950309391142290  0.13901507139977642
  0.14855308018918756  0.15802164779448871  0.16747929714980303  0.17695011532031937
  0.18627432097904392  0.19646874769882669  0.20676574112165161  0.21803110648140592
  0.22975974415748637  0.24181464415990725  0.25412160902993947  0.26612989517875396
  0.27742915744334745  0.28816861035017122  0.29846974506713242  0.30843635717359297
  0.31835018299015255  0.32818582069226560  0.33779604616717868  0.34730576220408943
  0.35693955890319107  0.36666397582279131  0.37610213277782334  0.38505697423582091
  0.39431749904563540  0.40463509375399231  0.41512868414119264  0.42540028500301080
  0.43634174021779742  0.44795432529105139  0.45934426947942164  0.46985892203886187
  0.48009468441278164  0.49043972633857524  0.50077093089454150  0.51114961552583216
  0.52215782344538586  0.53402937826976327  0.54530917547270763  0.55523670164176009
  0.56485778146051946  0.57480637908982191  0.58522645742867130  0.59555095082195619
  0.60644954192971101  0.61793378945229949  0.62932582832348383  0.64049264348374468
  0.65163257238377326  0.66276359877546809  0.67377853771649943  0.68475255244223987
  0.69578623655992589  0.70669430654318144  0.71747679112033003  0.72819573830851980
  0.73892731332496042  0.74973763480984945  0.76062528207798719  0.77177023399747569
  0.78303073489247987  0.79446571317771508  0.80636181382804861  0.81825229241014474
  0.83012518864102303  0.84200964312948279  0.85399795003824974  0.86585344208284121
  0.87735816406953526  0.88856596520180198  0.89944175748863187  0.91043301916801433
  0.92167782530543274  0.93305302209568941  0.94451943787476378  0.95591838986739364
  0.96657238440452409  0.97686233132603428  0.98770565502589336  1.00000000000000000
 -0.00465082161310493  0.01952423670199001  0.03665131988589591  0.05002227149520008
  0.06266415546629436  0.07351073086943698  0.08400059832117483  0.09434495682754844
  0.10516721381318639  0.11647963818928563  0.12807932631231100  0.13980096314384824
  0.15179548601133722  0.16375873865253701  0.17463706669088458  0.18504410708573893
  0.19518115650243170  0.20557320019585887  0.21628512271518111  0.22664949840369703
  0.23689542912071349  0.24747216944627726  0.25913317951683801  0.27072152458046145
  0.28112820739764494  0.29131692697809941  0.30165278222940034  0.31204181969033523
  0.32257856539222240  0.33307177231367613  0.34344171060570317  0.35378551574707257
  0.36431258619427170  0.37513366528341974  0.38574732085960672  0.39618963353120007
  0.40753901789431218  0.41846567173425225  0.42846930233047442  0.43867451770012411
  0.44868333610615357  0.45870400581734982  0.46827695039294526  0.47769066728751541
  0.48720918542074770  0.49663138248568772  0.50597027016355611  0.51542956073762014
  0.52499594779403447  0.53479101656527905  0.54484294683234924  0.55523797865367808
  0.56561855536599370  0.57584753085963836  0.58620023768673846  0.59654088346057832
  0.60619917288002167  0.61507185620513083  0.62414781967770516  0.63438945965415694
  0.64494898097697828  0.65493195172771745  0.66477519851163747  0.67467129823735472
  0.68459954917384580  0.69416251652533911  0.70360900677510230  0.71356779072769017
  0.72410861336461030  0.73508304790874102  0.74635436203795802  0.75788210382860022
  0.76916122216835103  0.77995031031579765  0.79036406633222378  0.80053562177678839
  0.81064713169150748  0.82074226433047270  0.83095196970360019  0.84144248775938668
  0.85208748212461072  0.86253237872333388  0.87257487281655732  0.88246257560062991
  0.89233832080842101  0.90198313181957290  0.91130278484027039  0.92029611952779222
  0.92924751333533917  0.93848999520956500  0.94768842829333610  0.95641658546569963
  0.96643661531095104  0.97648653494930826  0.98799304616308992  1.00000000000000000
 -0.00001958457475100  0.00072115286413165  0.00291611564272801  0.00610798698030901
  0.00998301441533785  0.01461294543239575  0.01995134625598436  0.02596580425583755
  0.03252162691750467  0.03932243096547587  0.04607456002691568  0.05315129314256497
  0.06048886109919589  0.06815577298517660  0.07627413299984667  0.08471446251610283
  0.09347248155224144  0.10237329683619328  0.11178081132730626  0.12144143933757123
  0.13123708762509828  0.14116861145453716  0.15126986459218467  0.16183743062609363
  0.17233779830116527  0.18290766639068284  0.19319341938310167  0.20342616063662983
  0.21385363749612640  0.22424345552169153  0.23468257948975871  0.24535754448778563
  0.25643439800597778  0.26764483948203094  0.27884622051399094  0.29008255168423086
  0.30150170350411071  0.31300164169270983  0.32425142667233953  0.33521875714675170
  0.34625213623112538  0.35752846120026255  0.36894380440148544  0.38038361585723446
  0.39174540105325151  0.40310414470552736  0.41453521597339621  0.42654585626350278
  0.43860474938741240  0.45059795494306482  0.46228069295799179  0.47368942934563901
  0.48512945661120105  0.49668707574029358  0.50850195863188430  0.52078878821827057
  0.53296953424916005  0.54538416905422693  0.55789691790596263  0.57042846858267182
  0.58277080659974967  0.59515686660279288  0.60742381764559661  0.61960042135542048
  0.63182733836676719  0.64423899236968696  0.65682826860726251  0.66939544074544644
  0.68179088406223509  0.69388161835190076  0.70589096641166382  0.71777768845180689
  0.72951336863445460  0.74121630625115409  0.75330032760506782  0.76559351695609534
  0.77781168532392331  0.78980799152348313  0.80148741935390033  0.81289802633232378
  0.82417354606602489  0.83561638931878757  0.84732469464531235  0.85899338633411293
  0.87051647929478471  0.88215663007409451  0.89398302939525121  0.90586622044120002
  0.91776462673106540  0.92979068854030233  0.94189405414566196  0.95394682691915755
  0.96585821695115592  0.97748434354022518  0.98882332474619172  1.00000000000000000
 -0.00257984769245551  0.01008557001524539  0.02068365311177591  0.03169374378793512
  0.04288406362693502  0.05459956139971291  0.06566167430640689  0.07644464564670109
  0.08618247822917752  0.09544465779899844  0.10465202175924943  0.11391501611828023
  0.12360349685317026  0.13318352346941059  0.14243319484911199  0.15164504555073546
  0.16069742610014584  0.16987246062358963  0.17950627740621383  0.18933922191688460
  0.19915707739398678  0.20908637075944270  0.21913928044879519  0.22938284501181702
  0.23954654201895387  0.24937897626621372  0.25865913936339097  0.26775157598942517
  0.27737702870698333  0.28734976457053313  0.29735174925342306  0.30683432493053647
  0.31674413447782013  0.32756022177078420  0.33853426680990301  0.34982807332828569
  0.36112994094554945  0.37235199805328523  0.38343523039019101  0.39465248849293849
  0.40599186532365517  0.41710949774598965  0.42792205416319135  0.43856604864314208
  0.44933222509568932  0.46042917654943794  0.47170011282909152  0.48278787891521918
  0.49377489849258921  0.50487002946313897  0.51621455138556560  0.52754079435800982
  0.53856445287820065  0.54915111878819545  0.55960132955863018  0.57037959772150204
  0.58149106732562661  0.59259493980830202  0.60399361559091613  0.61525135295096467
  0.62648278125885015  0.63715239352576858  0.64787152404476078  0.65838043510945321
  0.66898231605885761  0.67936376174851310  0.69017864774867843  0.70168389943390119
  0.71246007646596488  0.72273553470368124  0.73301202404734733  0.74314563683755652
  0.75286436255093159  0.76238794365303708  0.77245804569188303  0.78366097420419989
  0.79456305197323429  0.80583232393474113  0.81722001941740730  0.82912150021106101
  0.84004608219689680  0.85076930639287940  0.86111336321096443  0.87146706340129831
  0.88158425050806766  0.89205352995340792  0.90320212195569416  0.91437567424788202
  0.92483699520518015  0.93496918566333087  0.94551970701399835  0.95625392787799957
  0.96699432161359511  0.97762841230893149  0.98848399287955757  1.00000000000000000
 -0.00229299246891416  0.00899245801080987  0.01852798671626421  0.02864413696587502
  0.03907797157239844  0.04960182969882909  0.05964429850524754  0.06954480222612047
  0.07919416074166880  0.08926710775196352  0.09887684627720413  0.10865851609374595
  0.11805396851161655  0.12861889736057386  0.14036872479104565  0.15195217059986083
  0.16338525954879818  0.17492499997666269  0.18662307596477734  0.19825715926310250
  0.20978358205496392  0.22101526542819749  0.23200753144085801  0.24296646430941585
  0.25414323200886008  0.26547309449377754  0.27685698561851602  0.28814716584457961
  0.29947030598315860  0.31084156089298387  0.32165326045052617  0.33226724079720088
  0.34284077105649879  0.35403318605233147  0.36517163154667837  0.37611103523438089
  0.38616837058867182  0.39561904326143021  0.40476766886124699  0.41375863532669022
  0.42295478164369971  0.43240230011418562  0.44304436317768586  0.45313725417391321
  0.46331050920465222  0.47356808002030853  0.48447799822099230  0.49500928027245850
  0.50587051350183598  0.51603258541907171  0.52614043220245066  0.53651531724797497
  0.54691614291233392  0.55817647909047652  0.56918945457430836  0.58037549970958180
  0.59218847319393508  0.60441407641876566  0.61631318932384971  0.62789326536998413
  0.63917238981846236  0.65024260001065481  0.66121366816675253  0.67213888947284439
  0.68284997830762617  0.69318493466961484  0.70343374036869122  0.71401022104835299
  0.72501136585154147  0.73636454422008246  0.74802174758774209  0.75997007531466287
  0.77176682157441079  0.78286222988728837  0.79342785531658477  0.80375797583334729
  0.81368383711956505  0.82300800968568233  0.83203562974350154  0.84123478843405242
  0.85067581812358573  0.86038461279021505  0.86942265307450117  0.87972560741785821
  0.89070274012659822  0.90150745744460681  0.91198973327539457  0.92238078994816430
  0.93284890171845403  0.94294090238612338  0.95269861226642949  0.96217938324969055
  0.97170742771212593  0.98118125951043422  0.99065656268626001  1.00000000000000000
 -0.00286570732287114  0.01114723138917087  0.02211674974806021  0.03253599116769342
  0.04228955002047321  0.05111138036563445  0.05999229098823530  0.06905892865043256
  0.07827186539531966  0.08730876898745432  0.09639802916340034  0.10571054111282138
  0.11504077360628152  0.12439331028272092  0.13393345531346573  0.14389152961653276
  0.15451497271793740  0.16521503744920418  0.17563100037890447  0.18635862239201126
  0.19740901064857908  0.20803959973467939  0.21808587119781123  0.22811006468382375
  0.23848482004180360  0.24884048026589589  0.25877877397873245  0.26869923382938582
  0.27892686349592538  0.28929613106165492  0.29949367158978152  0.30943241356710266
  0.31977448023783739  0.33086172344985509  0.34224236871410008  0.35343534916615249
  0.36433033298861794  0.37535011702406473  0.38695055377813747  0.39797307287496853
  0.40789360762142773  0.41754617988521492  0.42722719162764744  0.43705064740504013
  0.44712717204575575  0.45665644852141246  0.46727683369293288  0.47848055039571002
  0.48936224676695200  0.50026292342472900  0.51092376410982976  0.52143649332828335
  0.53178011922565216  0.54191561640886554  0.55235176497259098  0.56304051860286042
  0.57382372566979400  0.58436528465224913  0.59575665539336431  0.60722579764426343
  0.61853176637797169  0.63065139943321014  0.64264672339260343  0.65328359303462913
  0.66333340533771168  0.67330395451638114  0.68346560908707943  0.69409565790908656
  0.70510410113282485  0.71670845342614953  0.72866903633960622  0.74044204875124142
  0.75229817950164113  0.76429678018711744  0.77571069407611426  0.78616786082144940
  0.79640617070477027  0.80657689721204417  0.81670180581303653  0.82685677713424366
  0.83741188566512192  0.84855959347140331  0.85981170308666244  0.87105085033208707
  0.88213648540311584  0.89259464942536038  0.90289242988351837  0.91321039738502641
  0.92368990515957605  0.93446815948959017  0.94531837400951801  0.95622103373424006
  0.96716859563183588  0.97799775500070352  0.98891106602961132  1.00000000000000000
 -0.00828571389153883  0.03904224688152524  0.06646817189085415  0.08686576935232478
  0.10379301518579767  0.11820935568203914  0.13140169960608994  0.14418634728075541
  0.15654389721411663  0.16867415809979436  0.18055446394563371  0.19173959129536899
  0.20196772496846130  0.21170038819288026  0.22119323360369847  0.23060285015943707
  0.24000178783130638  0.24954639467470291  0.25920552934322888  0.26877924842687173
  0.27838515295123756  0.28785120844593459  0.29669627686422334  0.30491590864674195
  0.31294709609519250  0.32071560416275230  0.32846394879938628  0.33629187925844162
  0.34393769266498997  0.35149100285026297  0.35937300090615704  0.36746573489434209
  0.37570941500219945  0.38407779393545310  0.39250868090457991  0.40092600084300545
  0.40912569570583490  0.41704890666235400  0.42485522304045709  0.43260378219139356
  0.44071372379410850  0.44894100220250444  0.45753334279046776  0.46649591500727478
  0.47554129649746091  0.48399864189227021  0.49180834974071308  0.49941461424500738
  0.50670671788099408  0.51403559456993786  0.52146085516551188  0.52876677587116172
  0.53603848954057265  0.54334644604247961  0.55056911701540179  0.55753810771175605
  0.56426342359837334  0.57103382961158755  0.57785363091772413  0.58484132172237646
  0.59187041150911779  0.59866870707534869  0.60602114268479246  0.61436681966374684
  0.62294248666094487  0.63116943575274465  0.63902335695097645  0.64688254743985940
  0.65483930335651463  0.66317549362312800  0.67162643078637596  0.67997965301776220
  0.68825742495263187  0.69690850968032536  0.70588161068534605  0.71507734074522966
  0.72391992969278496  0.73294438165289910  0.74246997945002191  0.75257612187867284
  0.76370798226050551  0.77551840224130886  0.78722085762445904  0.79855806716813560
  0.80987002667328856  0.82086274313429619  0.83262522310008991  0.84484360677283599
  0.85749996127566519  0.87060215614037417  0.88514113136476613  0.90114893249594463
  0.91862307462185777  0.93855743764859878  0.96384967493329332  1.00000000000000000
 -0.00232927222370418  0.00919659209641629  0.01866967937882487  0.02888811092684836
  0.03883032446283644  0.04949355282608786  0.06092731286870820  0.07224718963269558
  0.08315509400641008  0.09381644952918572  0.10446878279774004  0.11538983045206626
  0.12641855373098992  0.13782975260559771  0.14897870490866919  0.15995614066822328
  0.17113914289617246  0.18215013486715892  0.19259867056477678  0.20272143407741142
  0.21262604194605159  0.22241379381064094  0.23193453416397794  0.24133974729014551
  0.25143930517195645  0.26162395845393033  0.27144000878743607  0.28151845533005976
  0.29129617299588884  0.30344080908394688  0.31490552425724072  0.32648237859991813
  0.33645381037320787  0.34620792806791240  0.35622945691396196  0.36647645364008757
  0.37640109992538107  0.38563203932853207  0.39553487064740533  0.40603504813422409
  0.41687961830585551  0.42756499720608782  0.43830307131431739  0.44905065762289764
  0.45998870725647917  0.47117478635760318  0.48279878480230853  0.49409830717731296
  0.50526659002798424  0.51656288755938218  0.52784776161437363  0.53929555261796025
  0.55042437976198988  0.56184099990361658  0.57332949288722734  0.58452681224637315
  0.59550255872127922  0.60622703522464794  0.61721079108211396  0.62807106922720390
  0.63884053544412123  0.64996081843557529  0.66129430303329084  0.67257734839315586
  0.68381646215611513  0.69519144914809483  0.70676104276803586  0.71836555127920099
  0.72997675098012293  0.74155395285688608  0.75319193565314901  0.76403820861927429
  0.77512270691350260  0.78564021744787593  0.79608870005398258  0.80560322434678433
  0.81573680867274634  0.82571770853154336  0.83534862647090646  0.84428513183059783
  0.85320761605632867  0.86262672818773545  0.87244626430015215  0.88234133179056939
  0.89222580434411691  0.90243728245530930  0.91264168921890532  0.92231162935096345
  0.93177318789096575  0.94136360457300217  0.95080342814772367  0.96070041236823878
  0.97113458397621855  0.98134451415124657  0.99064658855176901  1.00000000000000000
 -0.01336492573407135  0.08444156931090893  0.17102078045305130  0.22385701994735860
  0.25322225597558518  0.26977818133925974  0.28294010528250618  0.29512690167662176
  0.30600041716743098  0.31554958282194318  0.32464250572937953  0.33339957042703616
  0.34188430978903278  0.35003680784551061  0.35768794926827086  0.36499680415267000
  0.37204425776370337  0.37878347105042193  0.38513495650547347  0.39130504252761517
  0.39726955298802519  0.40300857432743303  0.40872355324173987  0.41451326445562708
  0.42013600451827149  0.42575851603323034  0.43107735696664101  0.43619711538590006
  0.44152574955275958  0.44695472891226146  0.45250379478455527  0.45839029443297408
  0.46441626910247125  0.47034102746639278  0.47594274368229400  0.48119918589368560
  0.48630659555610262  0.49139709243893692  0.49649324289202579  0.50154956639488124
  0.50641855143820103  0.51123734663823450  0.51615227891191362  0.52113910821969656
  0.52616690039951597  0.53122811322671593  0.53654344295089407  0.54180706821652302
  0.54684474328012023  0.55173036375925222  0.55646250018422017  0.56112122247272977
  0.56583885613871776  0.57065834010415128  0.57551112143072869  0.58039699238805142
  0.58527334282197285  0.59008211187220194  0.59490526130156918  0.59974583568533979
  0.60466771119700002  0.60980338917446486  0.61519066530955757  0.62049325482344297
  0.62565817478505503  0.63090518172359300  0.63609604283362831  0.64138888577515563
  0.64680259484088554  0.65229895754170208  0.65783215608185763  0.66345338297556777
  0.66922042909869006  0.67514397940286131  0.68120110526993238  0.68733178900574943
  0.69342974373371946  0.69963375454471388  0.70622141052633813  0.71329636999245971
  0.72072554532706823  0.72839415914143790  0.73631533263818094  0.74434035313356295
  0.75258913857250898  0.76115385663134416  0.77034829637931901  0.78054106438930415
  0.79165684787120216  0.80367351548244670  0.81725045860398149  0.83284973343646207
  0.85118570620951450  0.87468597820149596  0.91033632246583118  1.00000000000000000
 -0.02379721282324709  0.11572749130344727  0.15095408028142004  0.17375288204971909
  0.19381353990630248  0.21295639737560859  0.23108183039198796  0.24838988595732256
  0.26560404584157871  0.28330674420142110  0.30093590655336067  0.31840055874386830
  0.33477547671776797  0.34965051524873531  0.36393471468031469  0.37746902807742078
  0.39010327522426974  0.40195514567083751  0.41281240808497449  0.42272604360820681
  0.43205096448211816  0.44109649094795772  0.44986905004293037  0.45831592333044724
  0.46670527400149536  0.47493218795756875  0.48256340709378132  0.48977668228172960
  0.49655342220601062  0.50286559938859543  0.50880128895141419  0.51468130645873933
  0.52055380162580567  0.52621785123202069  0.53181643117968458  0.53736118630967733
  0.54281944721473996  0.54800050004673795  0.55304111537209721  0.55811171615694821
  0.56314173500174158  0.56799627259828200  0.57267575333428666  0.57722505715386063
  0.58166830734322927  0.58593748454619232  0.59021678598640626  0.59455332207531486
  0.59889108087385279  0.60313235730945758  0.60732164846627135  0.61143511431529107
  0.61552180371270526  0.61968243856150385  0.62378823587463084  0.62792958599592363
  0.63222116638221038  0.63653099062247298  0.64084540750359542  0.64500451922707758
  0.64918396756959806  0.65334806548138391  0.65756652188094988  0.66185432835292268
  0.66613867466495646  0.67059389288552762  0.67514492570421880  0.67968955256673336
  0.68434869182477331  0.68918743314508080  0.69420164531798800  0.69930193606275870
  0.70449954594875719  0.70968660577190690  0.71508832981661907  0.72047061335948015
  0.72602700031343259  0.73144759694991091  0.73695277885831523  0.74258018852739838
  0.74841650794299519  0.75458119899433040  0.76087396893086057  0.76718488786845340
  0.77397426162760441  0.78158713618731002  0.78987050426542715  0.79884130756705651
  0.80837056322720857  0.81873316313881928  0.83051692464581384  0.84397529835833995
  0.86092368762401139  0.88309430899954744  0.91725118457762755  1.00000000000000000
   4.5397839325081081E-009  -1.0000000000000000     
 F F F F F F F F F F F F F F F F F F F F F F F F F F F F F F F F F F F F F F F F F F F F F F F F F F F F F F F F F F F F F F F F F F F F F F F F F F F F F F F F F F F F F F F F F F F F F F F F F F F F F F F F F F F F F F F F F F F F F F F F F F F F F F F F
  <DiscreteSampler_grid>
  grouped_processes
  1 # 1 for a reference and 2 for a running grid.
  10 # Attribute 'min_bin_probing_points' of the grid.
  1 # Attribute 'grid_mode' of the grid. 1=='default',2=='initialization'
  0.0000000000000000 # Attribute 'small_contrib_threshold' of the grid.
  0.5000000000000000 # Attribute 'damping_power' of the grid.
 # binID   n_entries weight   weight_sqr   abs_weight
    94   10   9.364654392264245E+001   2.190425392746050E+004   9.364654392264245E+001
    95   10   9.364654392264244E+001   2.190425392746048E+004   9.364654392264244E+001
    121   10   6.175266615892472E+001   8.531368233035588E+003   6.175266615892472E+001
    122   10   6.175266615892473E+001   8.531368233035586E+003   6.175266615892473E+001
    133   10   6.175266615892472E+001   8.531368233035588E+003   6.175266615892472E+001
    134   10   6.175266615892473E+001   8.531368233035586E+003   6.175266615892473E+001
  </DiscreteSampler_grid>
