 -0.00379148885307055  0.01757118882488633  0.03244477325295657  0.04541112060928709
  0.05741284732484873  0.06862621973315713  0.07901101515222889  0.08926220376459000
  0.10001523852321145  0.11125103802572447  0.12273326786114334  0.13389351337311844
  0.14467352374472647  0.15506829146363349  0.16519993107946090  0.17511519106447365
  0.18524669809329608  0.19551982746914215  0.20587956088001719  0.21573173408638427
  0.22504693133187459  0.23418935551575656  0.24325336042169465  0.25290650252288793
  0.26221783409936550  0.27200885035304995  0.28202660998767870  0.29261688518551987
  0.30280926139389891  0.31233634759670537  0.32158924333189221  0.33065970652124904
  0.33940058192727057  0.34805123608867328  0.35716076320237589  0.36668045336676675
  0.37663856259926415  0.38680253753915173  0.39734296235276673  0.40808506751485818
  0.41850173028598175  0.42838321302744226  0.43806740052478721  0.44769358552643090
  0.45741432578554519  0.46705551077206764  0.47659965398911147  0.48629575688881810
  0.49641178831470978  0.50664314663918864  0.51681498691226668  0.52662571553119963
  0.53616898426893267  0.54574737140957219  0.55580103983782825  0.56562691209986649
  0.57492896302838981  0.58427622112664945  0.59362789941024563  0.60293863549869453
  0.61230613299089365  0.62166207842322363  0.63119333220708440  0.64088433800832056
  0.65043432712192861  0.66025598002661356  0.66973182463137271  0.67928957572103188
  0.68895914662370406  0.69903960056010173  0.70898170633971969  0.71874520084262461
  0.72852530314492192  0.73848005916658410  0.74868010529638107  0.75925493916007369
  0.77031735987583527  0.78137215526088355  0.79211615209824615  0.80257268966212902
  0.81312288319317549  0.82389067286304396  0.83449257159532497  0.84494514872025062
  0.85519070784046369  0.86583592071960203  0.87694744334901309  0.88866242184086619
  0.90138366138405623  0.91463726421519387  0.92779407554771320  0.94049505482451046
  0.95299555918548551  0.96628153979919051  0.98175244804283190  1.00000000000000000
 -0.00588498534551487  0.02757772590350339  0.04804014453366953  0.06395383638996088
  0.07705040621409473  0.08852316984706136  0.09925787568069916  0.10987053877096634
  0.11993161713334330  0.12974946046642941  0.13958302299209932  0.14986885153610349
  0.16075067248549374  0.17124292216529718  0.18132775770896437  0.19156940014119336
  0.20173492466298990  0.21195992732078983  0.22183401358757740  0.23185167850672475
  0.24204918830999089  0.25204425035279104  0.26174725830141321  0.27159311853139179
  0.28168705894904317  0.29236632757623154  0.30298539293433230  0.31378248998265712
  0.32434231598428548  0.33446634323939550  0.34427215773663811  0.35370586604559767
  0.36334185191984425  0.37330784670436995  0.38352156792172787  0.39361848686768020
  0.40369625647923046  0.41375729924161336  0.42390907626469465  0.43407142164235213
  0.44412798206331089  0.45395569963348081  0.46345241473005777  0.47285287343752569
  0.48272536518667630  0.49303408735839277  0.50373482067999142  0.51445669020130069
  0.52476989411266006  0.53462424500470562  0.54414879184415077  0.55375802537861729
  0.56365973748539966  0.57377448971535583  0.58376199056752776  0.59355029982451035
  0.60373463804909333  0.61436038392945092  0.62558132706118774  0.63639352983262742
  0.64718180909641299  0.65756304365999563  0.66794162469133578  0.67724782826599528
  0.68624332318495829  0.69483800127403050  0.70337881969361937  0.71222576243367763
  0.72093078399752486  0.72985447822883431  0.73832201264753994  0.74704231472723570
  0.75594822570396314  0.76482423440743663  0.77358946774813619  0.78226041311716410
  0.79106394898537236  0.80027325903343516  0.80992604488575526  0.81991409438169827
  0.82969706699587609  0.83951997298538572  0.84958796878629661  0.85994062738590571
  0.87061609330238954  0.88162275663585432  0.89314289090927612  0.90436881016230297
  0.91534037399510115  0.92576838300531372  0.93647733670078137  0.94747467404155805
  0.95840203686033332  0.96965571139597662  0.98311939130099146  1.00000000000000000
  0.00003293946930598  0.00041092303912320  0.00045719553885075  0.00050509746864060
  0.00055885382339508  0.00061376076242500  0.00066333333923066  0.00070897420928371
  0.00075314694926896  0.00079993735063622  0.00084762369399479  0.00089557949628709
  0.00094460179840843  0.00099513867410048  0.00104673893803787  0.00109675133554235
  0.00114680126600651  0.00119901723988963  0.00125517517393797  0.00130991577022774
  0.00137297795961016  0.00143856145767508  0.00150150423108732  0.00156665790821691
  0.00163562351667783  0.00170684012127699  0.00178055570877090  0.00185472042170462
  0.00192907403231255  0.00200232226389693  0.00207318726595934  0.00214926093836582
  0.00222431251921452  0.00229960912414632  0.00237576665575917  0.00245715144544956
  0.00254192348628521  0.00262828565475987  0.00271699946983176  0.00281044381583791
  0.00291076893467357  0.00301582730133188  0.00312354010066809  0.00323348567941079
  0.00335360150188846  0.00348231330531945  0.00361157794748206  0.00374375011559836
  0.00388614506987807  0.00403372209666295  0.00418311094450039  0.00432862325409412
  0.00450360052852002  0.00469314521229842  0.00489557161282539  0.00510883923383934
  0.00533381856411510  0.00558133813282994  0.00582868050436132  0.00610010042475496
  0.00639190011173676  0.00668602913641099  0.00700726022701040  0.00735676349830151
  0.00771578614536893  0.00808897950960560  0.00848681507146936  0.00890929949730762
  0.00934396035613991  0.00984491616668873  0.01037456743430626  0.01094742606404054
  0.01157608982590877  0.01225089742747052  0.01297511022812333  0.01375615355045731
  0.01457401173824667  0.01546920348718196  0.01640434538877902  0.01746200406213391
  0.01864175502157243  0.01993458279828635  0.02137108329120372  0.02302570637129652
  0.02505105634827468  0.02736434827914253  0.03000938898416608  0.03324569373096956
  0.03727364525722372  0.04226770413178846  0.04904234466685184  0.05815439289240192
  0.07155412061992168  0.09867074749400678  0.79030510216609318  1.00000000000000000
 -0.00224330019929055  0.00846329015362115  0.01722226926350535  0.02569309952393497
  0.03440906274139222  0.04324146097767059  0.05234862492466689  0.06110918028104317
  0.07025250024427040  0.07949673244578062  0.08889948261249082  0.09852950125971749
  0.10787508746175006  0.11728287344544702  0.12668835798258460  0.13580379397203218
  0.14510354813966470  0.15457887725483535  0.16467402416857396  0.17492865853613007
  0.18509682151242737  0.19500457889926812  0.20485327760525049  0.21474887282275928
  0.22484501862093975  0.23449734590194821  0.24392777509135555  0.25329066342782852
  0.26258537109667257  0.27209668293568767  0.28169864346916335  0.29171909636272225
  0.30232199353766209  0.31280012924570211  0.32297644580546309  0.33295162871286604
  0.34293823549003549  0.35299584364681258  0.36255525458482590  0.37150223509226693
  0.38041600383252783  0.38944761871972122  0.39870711895589128  0.40798032599009260
  0.41739542622010989  0.42712254013628370  0.43709319618696524  0.44696198300706974
  0.45664366759523750  0.46613505109192155  0.47570507371764037  0.48555261370129421
  0.49588671977031323  0.50632291958856068  0.51691025895962694  0.52750116151302173
  0.53823992628658990  0.54892312191763337  0.55936160354777253  0.56993608483924107
  0.58055758790590384  0.59123222796602071  0.60180869900391465  0.61226333744792605
  0.62275464221507337  0.63296197127422771  0.64308513131811229  0.65301613263294001
  0.66332718969522120  0.67347113306626105  0.68388257526040963  0.69445172404231226
  0.70565724584012979  0.71698642663043854  0.72813874157360647  0.73902488263137234
  0.75013705779585482  0.76181217809214741  0.77359392078296574  0.78519932235031920
  0.79686258331008053  0.80868465928985012  0.82072787389799384  0.83323029161288686
  0.84613570687974649  0.85892025587804022  0.87122030880463630  0.88352521372873716
  0.89641388176332271  0.91051605243598988  0.92471374240169335  0.93911654197853922
  0.95481816182989721  0.96995574002289342  0.98496978964449000  1.00000000000000000
 -0.00243853432407243  0.00998486914337722  0.02088573798854586  0.03242824064600149
  0.04393000575341471  0.05461814157440017  0.06454988741625506  0.07393078574382786
  0.08362484435123556  0.09414646040958616  0.10471025510077811  0.11544179907197848
  0.12552770804306884  0.13616245416894132  0.14671003577161568  0.15711320813894666
  0.16710533321444623  0.17713965290265341  0.18762018150717322  0.19840925320567906
  0.20951775715901388  0.22125132887683832  0.23276681096726978  0.24416368526540103
  0.25457331804937433  0.26478551444975817  0.27506412241294464  0.28628704131333843
  0.29751393838506246  0.30786576742053912  0.31849985453998036  0.32926205267345177
  0.33967282062168747  0.34994604381695787  0.36049116907745915  0.37167782683747708
  0.38242097868888464  0.39310560075264850  0.40354161854892606  0.41390423885864253
  0.42412653549853813  0.43463917657440260  0.44562776849757457  0.45638258347129051
  0.46756205822138647  0.47862368009574952  0.48897236313055470  0.49952047296619972
  0.51030475796591590  0.52140345569357660  0.53246437737400509  0.54362932802262820
  0.55452217743831012  0.56449262804011680  0.57382324323551248  0.58365050125660289
  0.59446514407479534  0.60533776957573204  0.61622527665641147  0.62670747882998989
  0.63767854650725431  0.64869063989772835  0.66004176210685028  0.67151227260039925
  0.68261950222353263  0.69350360206750439  0.70438526795311573  0.71451431579621161
  0.72412700755156145  0.73420113936969045  0.74496323288586042  0.75611210516727434
  0.76715354512878486  0.77872986205128736  0.78999245759874515  0.80075545270075943
  0.81092772982075190  0.82078052860074557  0.83050032123798667  0.84014808757364734
  0.84990768204000999  0.85988519301148447  0.87018606532319231  0.88110494350411916
  0.89274648301007453  0.90295911351036051  0.91275352791599762  0.92233581449312663
  0.93153664119287283  0.94030244234542970  0.94907874064506548  0.95833456625419333
  0.96840694281383854  0.97895157078073147  0.98923841293583403  1.00000000000000000
 -0.00266870084861129  0.01116653303179523  0.02338692711163761  0.03742376207023705
  0.05173989846706146  0.06601589381360545  0.08000248588315241  0.09348862619881396
  0.10704796121700919  0.12075800695116623  0.13475096241403828  0.14789839982949099
  0.16092715911975836  0.17368879986348856  0.18658688636017162  0.19923537594390209
  0.21156615361092021  0.22350891946959198  0.23524711721763383  0.24722966494582885
  0.25921938335629457  0.27080213971498618  0.28145096002111042  0.29153922564859158
  0.30159932630006864  0.31175515041242646  0.32166210239007670  0.33151065289129222
  0.34157965652948258  0.35169864307509840  0.36159909745187208  0.37168505983795241
  0.38248984469691105  0.39396351922321132  0.40563696620685752  0.41713624143719613
  0.42830754178549907  0.43923268589658004  0.45013464549236115  0.46094847867980565
  0.47180806524737101  0.48258554116210639  0.49371153703545084  0.50471793353433103
  0.51562120547377688  0.52578830851254754  0.53544480729543598  0.54478042223362100
  0.55398303917534564  0.56308054497895343  0.57231136495310619  0.58196721306283372
  0.59189498082156422  0.60194555658517113  0.61212591098149549  0.62239509278523453
  0.63246203361927078  0.64237128730545112  0.65242188822042813  0.66258944422032873
  0.67267199624348673  0.68255541784462137  0.69219394307731463  0.70162630588191344
  0.71088361518603338  0.71957382396214264  0.72814281898294186  0.73688596314621002
  0.74578934187405310  0.75481784350472747  0.76366066251161902  0.77281145986528788
  0.78209650146894250  0.79179104019079405  0.80150004837054722  0.81129963029506447
  0.82142739275405952  0.83159280663333157  0.84188035905531022  0.85187867195986722
  0.86160382530838331  0.87136360688638181  0.88081890988181999  0.88970389396179483
  0.89828791203813019  0.90670456731983518  0.91530255986088116  0.92428571572824636
  0.93336456106923282  0.94265096418397087  0.95243020542090073  0.96248506754303986
  0.97210330942869527  0.98171930543184904  0.99075212652181222  1.00000000000000000
 -0.00257538030365695  0.00993224159222727  0.02101675044205719  0.03210445515851218
  0.04334221302835757  0.05468336534414686  0.06565347513136323  0.07644416712606129
  0.08702663524145746  0.09773347628694275  0.10835644906429215  0.11876861499230110
  0.12898343741121912  0.13863584656874584  0.14906817742088352  0.15953749407459511
  0.16995928880797923  0.17958983017790986  0.18912852480866973  0.19885522476370274
  0.20878295634317973  0.21876057647292790  0.22883757252296713  0.23891597641381282
  0.24883625144087976  0.25911107517632376  0.26947477742303239  0.28000100770100905
  0.29041450020390913  0.30075091574268709  0.31128275853039206  0.32242143101477094
  0.33372102152004046  0.34406625847326477  0.35374682391504025  0.36352545190892105
  0.37366503594380335  0.38396098649028632  0.39435809106846759  0.40532806524881754
  0.41698471260129022  0.42800532004216302  0.43942093811099209  0.45109991166137703
  0.46251189373810503  0.47275871550419668  0.48284561128120562  0.49318951439765985
  0.50387937005601735  0.51496351944399443  0.52642192155995726  0.53828757623075441
  0.54984419832876275  0.56174468387721133  0.57259497147412597  0.58353668555478311
  0.59452143322892825  0.60597936827616306  0.61660337836300816  0.62702119881357121
  0.63714921445098738  0.64731653565222513  0.65768536287531687  0.66831285853514799
  0.67891428181766711  0.68952301969810292  0.69974327832600181  0.70990015610067514
  0.71970220503879057  0.72973270513112454  0.74095362718910796  0.75204386136567580
  0.76299684797768963  0.77341715194625493  0.78408820565308657  0.79413695211741064
  0.80385420609310365  0.81359155967784624  0.82340831800604342  0.83339856730028039
  0.84378697354456278  0.85456846474211223  0.86575327489637266  0.87686018457121451
  0.88776883101928361  0.89840659073833373  0.90842789743659602  0.91850307469168235
  0.92813184260177994  0.93762592554457369  0.94730965441002135  0.95739095718232914
  0.96844344448760555  0.97938690553632257  0.98988987899786607  1.00000000000000000
 -0.00216044954847164  0.00883301173732928  0.01918424050877370  0.02923044829858348
  0.03976393323948323  0.05054942440422943  0.06163217447451906  0.07267895733637829
  0.08338287173851634  0.09415642848375566  0.10487353016038158  0.11533880331507328
  0.12567643339061269  0.13588493446033231  0.14612496879330933  0.15636240438988083
  0.16664049575625320  0.17690911836417877  0.18715772253005891  0.19718026204116149
  0.20761927547045808  0.21858195594658147  0.22967818349725802  0.23996508287661719
  0.24961223124825133  0.25920004724128498  0.26886994717924700  0.27893860107233037
  0.28937117424295233  0.29994750669905568  0.31022987542227531  0.31978285898758674
  0.32926221800160721  0.33914316651429216  0.34965562967385322  0.36061136395051657
  0.37150252627148883  0.38214201177577467  0.39270274957840506  0.40363172591457447
  0.41480666021002000  0.42568017809586650  0.43611585247352841  0.44693492512350991
  0.45784326198053354  0.46885806088978521  0.47985461876053404  0.49117539614325978
  0.50253353700002534  0.51361254592657812  0.52417279994458066  0.53445715334423982
  0.54442547579409450  0.55461897198387544  0.56481823414078336  0.57460631865430811
  0.58460385921451685  0.59445809404214123  0.60446435863158487  0.61446563396597154
  0.62465887166299239  0.63535875191459146  0.64626464995587951  0.65704536657957602
  0.66799308497871235  0.67899866683814258  0.68999524407592339  0.70045205194770921
  0.71071906780190686  0.72097432651595283  0.73143954967007385  0.74226907119368812
  0.75346399572351264  0.76540362658003058  0.77676400577731264  0.78794616874968237
  0.79862826555426358  0.80937349710701556  0.81919742288201802  0.82894968136259306
  0.83923986168462150  0.85005533254604426  0.86077797377338328  0.87118878899463115
  0.88248936475569051  0.89429902271593587  0.90545051585064529  0.91592541048207199
  0.92549197577016917  0.93478407295584665  0.94455288065438980  0.95435080789105664
  0.96433068963962110  0.97440211605680660  0.98644200485894862  1.00000000000000000
 -0.02538022650144450  0.20607337309746754  0.25843367994215932  0.28992804985394316
  0.31249836351606564  0.33213591960908695  0.34972720526164813  0.36518157836908688
  0.37875266761926962  0.39076081934112772  0.40217540887793196  0.41334831856984416
  0.42380719268750661  0.43364627795986371  0.44303581930842911  0.45211318917030363
  0.46091972272365467  0.46954424580766913  0.47801814571380397  0.48628372759304667
  0.49427193187998236  0.50197757264699894  0.50944217088216404  0.51687426214581511
  0.52414136005140755  0.53105557611789012  0.53772744298855868  0.54409617775332175
  0.55032920782779515  0.55653781272617486  0.56268766855173080  0.56879404024689229
  0.57488981731993916  0.58085247873228008  0.58664585620812282  0.59240567142872314
  0.59794597750030909  0.60357546470294199  0.60913763648423525  0.61473779792419447
  0.62043225966283910  0.62617870268359044  0.63193081790968453  0.63762822950425846
  0.64318653873702591  0.64869143123939776  0.65431664193249151  0.65988165691302303
  0.66548101918166980  0.67094841196269739  0.67635290339334464  0.68169430255144248
  0.68731304676302851  0.69303421735133441  0.69864389108687663  0.70404411908457876
  0.70912448084118995  0.71394481297027845  0.71862084577018093  0.72357887196205550
  0.72858043787553239  0.73360360131895674  0.73854996996505928  0.74346919563482505
  0.74839577523084533  0.75309486456106256  0.75763100970768338  0.76231967240878662
  0.76704004100031808  0.77173884126670023  0.77658984704621914  0.78147526154515379
  0.78638251622622590  0.79122741475135006  0.79572522738888107  0.80008595991470433
  0.80453135383285768  0.80910769110333036  0.81438795233480776  0.82015058629064652
  0.82592552085640769  0.83168799236401436  0.83760294825150983  0.84372790029864186
  0.84995631271038385  0.85631240883253257  0.86311918581417979  0.87012677699425633
  0.87751336214780506  0.88515791779629238  0.89324100194837286  0.90240775253619587
  0.91332777683702382  0.92698446132790724  0.94789486114134247  1.00000000000000000
 -0.01575375724197567  0.09545597281121879  0.13474242629407340  0.16078431573450661
  0.18085827225257678  0.19724125363637446  0.21204035427316523  0.22504458447598769
  0.23650530197377623  0.24683859713985606  0.25653846180910261  0.26595936420591260
  0.27508939409387623  0.28385816074110637  0.29218975189905660  0.30009474694289145
  0.30795064189841787  0.31583391354579277  0.32357612134954361  0.33090728926399599
  0.33811274729240193  0.34490635604774444  0.35152632294202646  0.35787602351636233
  0.36408738646165378  0.37019852251429280  0.37610196621679104  0.38166435180968578
  0.38725255685382187  0.39293829007026082  0.39883574041729469  0.40489187994618181
  0.41093692056909620  0.41676705929313507  0.42229021671001277  0.42758824768207865
  0.43275492515936770  0.43792205700468251  0.44340536787796431  0.44903794981924089
  0.45461112765551814  0.46041170163813327  0.46638074666115237  0.47255822368268624
  0.47861526797498949  0.48466055896760396  0.49076345647417025  0.49680054667937085
  0.50265316363450796  0.50826059400200774  0.51380175219668711  0.51947301601165252
  0.52508993142509963  0.53038897983265687  0.53559191375887749  0.54054729837164983
  0.54575002294553043  0.55112865692693991  0.55671844653772340  0.56243801667401661
  0.56816595663086178  0.57386680884552932  0.57961657591184601  0.58557254240094736
  0.59156842148463917  0.59746384488759074  0.60332854873030217  0.60918833558606100
  0.61525095411701225  0.62143232840415141  0.62781053265381470  0.63444073889303854
  0.64123408781146940  0.64817961220651932  0.65521278505211511  0.66215421927113838
  0.66931841781954537  0.67645106749828277  0.68361342635168654  0.69107807182356629
  0.69891725330409604  0.70738300346545369  0.71603780025998442  0.72488711425761188
  0.73411942090851923  0.74374279777043917  0.75422224379061054  0.76576882098385946
  0.77862721751867725  0.79230236498517237  0.80720405452285704  0.82401735375787577
  0.84374531155713506  0.86786279880812722  0.90862727006261734  1.00000000000000000
   7.5762737467475671E-009  -1.0000000000000000     
 F F F F F F F F F F F F F F F F F F F F F F F F F F F F F F F F F F F F F F F F F F F F F F F F F F F F F F F F F F F F F F F F F F F F F F F F F F F F F F F F F F F F F F F F F F F F F F F F F F F F F F F F F F F F F F F F F F F F F F F F F F F F F F F F
  <DiscreteSampler_grid>
  grouped_processes
  1 # 1 for a reference and 2 for a running grid.
  10 # Attribute 'min_bin_probing_points' of the grid.
  1 # Attribute 'grid_mode' of the grid. 1=='default',2=='initialization'
  0.0000000000000000 # Attribute 'small_contrib_threshold' of the grid.
  0.5000000000000000 # Attribute 'damping_power' of the grid.
 # binID   n_entries weight   weight_sqr   abs_weight
    94   10   9.828543743136366E+002   6.195655496444010E+006   9.828543743136366E+002
    95   10   9.828543743136364E+002   6.195655496444007E+006   9.828543743136364E+002
  </DiscreteSampler_grid>
