  0.00000029079149725  0.00000176616609226  0.00000435661006295  0.00001010682398804
  0.00002440680384141  0.00005803887197138  0.00012873314938715  0.00025304956571659
  0.00041359210531869  0.00057521223233448  0.00073268642949681  0.00089348504473376
  0.00104730277604402  0.00118002206193767  0.00129894573125228  0.00141182299390337
  0.00151825566190041  0.00162207637161302  0.00172861373195308  0.00183156067899573
  0.00193220156925230  0.00202702641526472  0.00211631419716814  0.00220402026177275
  0.00229156029638104  0.00237568919088942  0.00245784827140573  0.00253099887140150
  0.00260400053701409  0.00268469902042425  0.00276646432846782  0.00284325752835927
  0.00291501875213186  0.00298406775948376  0.00305214770814522  0.00312151441911304
  0.00319366553314749  0.00326722274449597  0.00334095493937096  0.00341573506934831
  0.00349088147290399  0.00356434355370620  0.00363471454948947  0.00370556901651864
  0.00377257667110936  0.00383418568579776  0.00389669496548699  0.00396102670017218
  0.00402490063272830  0.00408959237276378  0.00415738953975101  0.00422774171673811
  0.00429643244912276  0.00436669289861785  0.00443438148499860  0.00449339835036127
  0.00454814387584084  0.00460695361390875  0.00466817593184304  0.00473039571387418
  0.00479369684497540  0.00486017728454807  0.00493096203487211  0.00500622015232056
  0.00508444489201243  0.00516190315076752  0.00523595678647798  0.00530618039728618
  0.00537200701933394  0.00544254781698662  0.00551117543748634  0.00558294969463221
  0.00565517008387735  0.00572471346758709  0.00579287781506265  0.00586135937469585
  0.00593384298218171  0.00601011843515651  0.00608652250459560  0.00616262917535479
  0.00623925980894476  0.00631866106748153  0.00640382434215417  0.00649963940160215
  0.00662108334873819  0.00676486262017839  0.00689730141053073  0.00708576183318158
  0.00734681701899126  0.00770987417120834  0.00853301418527541  0.00978057711773465
  0.01149353208050606  0.01468503051808390  0.12332739376547608  1.00000000000000000
 -0.00001266060358531  0.00006128154796737  0.00012002197926559  0.00016808155805483
  0.00020986205942192  0.00024878256213905  0.00028456458338690  0.00031763308039627
  0.00035017942840707  0.00038496611959154  0.00041952905029566  0.00045107470926061
  0.00048280085683839  0.00051609571309912  0.00055176924462998  0.00058874680245200
  0.00062603441433450  0.00066311765629125  0.00070069944045387  0.00073963051253209
  0.00078039799584496  0.00082188860447841  0.00086317885715141  0.00090450273381953
  0.00094634748144254  0.00098939101536907  0.00103446820055214  0.00108252963560622
  0.00113378283176185  0.00118485654425841  0.00123357505620660  0.00128516850328964
  0.00134298211990106  0.00140438763544031  0.00146574775915531  0.00152802328390395
  0.00159373983750345  0.00166075658769457  0.00172910058344822  0.00180016363398943
  0.00187731726167283  0.00195471842241265  0.00203620773601181  0.00212109143362215
  0.00220928564399448  0.00230210831943326  0.00240254993707120  0.00251017295926713
  0.00262349565464957  0.00274125283722272  0.00286046054002688  0.00298444917616308
  0.00312037750373387  0.00327249253874239  0.00343701735725277  0.00360932773084678
  0.00378799220426204  0.00398037330197281  0.00418822060860843  0.00441874895859539
  0.00467628641190140  0.00495004942317690  0.00523528488757907  0.00551828935339286
  0.00581646672173576  0.00614744813302313  0.00650916866393180  0.00689938099636123
  0.00731783614286509  0.00777386944410743  0.00826266740930282  0.00875083635044440
  0.00926813266263172  0.00982200190899082  0.01041106537035914  0.01101896799032479
  0.01165359155913495  0.01227466247166075  0.01285874452091622  0.01342355177241713
  0.01400116286572698  0.01460092706576803  0.01529057873341396  0.01596218286532309
  0.01644508437212318  0.01683614355288888  0.01724236928668443  0.01766888583634949
  0.01828212267780824  0.01889945431623857  0.01955715163528319  0.02014209398664645
  0.02053812044702614  0.02593265148206462  0.03319000122654457  1.00000000000000000
 -0.00243902058428884  0.00956150998933153  0.02016918051910332  0.03068668691928775
  0.04105056175469451  0.05188608091949098  0.06272242936046461  0.07395510106751488
  0.08464727234831693  0.09469993946395576  0.10557189505890160  0.11592182724110328
  0.12645280112272142  0.13698804910661846  0.14806231876572551  0.15929562555717230
  0.17030045824669254  0.18088942740178585  0.19131680401228879  0.20170378931493654
  0.21221192445268589  0.22280265393963714  0.23349596508928547  0.24428159918527059
  0.25509885922023151  0.26571416078758398  0.27645378775841423  0.28735102367229548
  0.29835594526787085  0.30914497791165274  0.31976692714403526  0.33039611191082763
  0.34060952936563482  0.34986750157338198  0.35908310093885210  0.36927998226102920
  0.37963179454942875  0.38991609516418163  0.40052394940303437  0.41150802917960383
  0.42219849377203994  0.43286717563656951  0.44370622808853205  0.45487360690421230
  0.46635511158863763  0.47769973052255782  0.48878711584584222  0.49936228968286722
  0.50932976063387891  0.51929781271137831  0.52968005523253225  0.54024995211940596
  0.55079454514276016  0.56056938252102761  0.57023749976356808  0.57994744776779228
  0.58995619029918434  0.60025360895929269  0.61112561079468197  0.62242492700312990
  0.63403370606011022  0.64543670803737008  0.65649658819409895  0.66741488237127078
  0.67817494326706318  0.68879905912767880  0.69930796640368043  0.71002204497940458
  0.72086190794924365  0.73167496288438694  0.74233683530714167  0.75288298094492567
  0.76348621173623332  0.77439583744618368  0.78554557882946285  0.79653596822128347
  0.80719927248803647  0.81763450611778976  0.82805882625220129  0.83867166620542932
  0.84880080872263275  0.85869095069781365  0.86891109969841285  0.87964255356402543
  0.89080275561689515  0.90135508966188616  0.91117466972632866  0.92079517749678863
  0.93068440962215804  0.94077904893708442  0.95076852413987623  0.95949273050730721
  0.96975143950858644  0.97994737259967690  0.98992108061618123  1.00000000000000000
 -0.00009783526816940  0.00033146899011300  0.00071452294053190  0.00102654360067084
  0.00128894206897326  0.00151614890377236  0.00171436462146078  0.00188660702262774
  0.00204583663564885  0.00221145491507853  0.00237727192498570  0.00254760402400464
  0.00271985994287497  0.00289103134246038  0.00306206698269088  0.00323586784151367
  0.00341422211546844  0.00359759153149902  0.00379191253186241  0.00399090186133585
  0.00419419799858117  0.00440912851969796  0.00463352637089681  0.00487268436507315
  0.00512678207594230  0.00539231395345936  0.00566617362656583  0.00594560343502883
  0.00622810707279110  0.00652047049778121  0.00683480512652083  0.00717259139872737
  0.00752265453941652  0.00788217218199291  0.00823704399624197  0.00860380740159473
  0.00896228709760462  0.00932763288192337  0.00968913064302643  0.01003834025130089
  0.01035954538542277  0.01069689284010736  0.01105889549509061  0.01140599772569737
  0.01175772922744836  0.01210658454495702  0.01247156079078024  0.01283919347198331
  0.01320526620182498  0.01355723068392191  0.01389154598771799  0.01425633957180802
  0.01467819554240241  0.01510591643009664  0.01540831034565869  0.01565154160062157
  0.01593334733358874  0.01623443142096171  0.01666625856559081  0.01710129155947322
  0.01753112386156122  0.01796246624796384  0.01842027299862111  0.01890366026911271
  0.01944768256079396  0.02002172908608255  0.02059252819508306  0.02116186929476270
  0.02172510270497571  0.02233266159335143  0.02299457484376920  0.02368934435665131
  0.02443117118046663  0.02516271428629964  0.02592133987568438  0.02673190587776530
  0.02757595837710698  0.02854011724783719  0.02943668297513726  0.03044702546149695
  0.03161981438441450  0.03302822402213324  0.03469143425225774  0.03631572352311285
  0.03782367380963392  0.03917518598493090  0.04029001168254776  0.04207450259150440
  0.04451021625751526  0.04718428247909556  0.04978732062088099  0.05219920821652234
  0.05545124727579574  0.07087148412881955  0.19325215952752051  1.00000000000000000
 -0.00177415924725633  0.00686211221983291  0.01530139890351115  0.02344133597540847
  0.03052794069606959  0.03783026847418315  0.04520449777150840  0.05308444649623346
  0.06106299068923771  0.06886044698698127  0.07673158463002809  0.08473231682759888
  0.09281382483019464  0.10093116908482339  0.10916107047340419  0.11740617318846820
  0.12588589151560517  0.13410619987866815  0.14193500371844953  0.14944249873807483
  0.15709436611710775  0.16472391310615711  0.17268637349790938  0.18081252959856831
  0.18904823103991927  0.19751984423086122  0.20641467454696388  0.21427835029571463
  0.22236808243006997  0.23050342443263133  0.23954199969544870  0.24918155607652914
  0.25886685309889812  0.26888577291139876  0.27889684395798531  0.28945818346959801
  0.30092479044910447  0.31306011745828011  0.32604587487364206  0.34020455936806754
  0.35586099598200388  0.37277324817016244  0.39063303172949965  0.40831390034368936
  0.42650819545180729  0.44557961732343188  0.46439084544146941  0.48139802546678639
  0.49752306208735331  0.51395943827974877  0.53147597629442267  0.54980627137905180
  0.56951633312186323  0.58920328891701967  0.60787713156237122  0.62510092506319836
  0.64051981471409103  0.65492140823438316  0.66911578522228476  0.68335024162286140
  0.69700881191949671  0.70968450297771579  0.72216609032000545  0.73315281310220670
  0.74291771639155924  0.75166095206508143  0.76042568055642712  0.76946707042122797
  0.77839004237569231  0.78687223289596542  0.79542424075336438  0.80422415430014527
  0.81315675492718387  0.82190662618465238  0.83029054101752642  0.83847539614876276
  0.84649968928192076  0.85469042963011954  0.86292895902088285  0.87091479107878345
  0.87835124469317161  0.88577798107188366  0.89350821886427645  0.90157159793169139
  0.90982287999800138  0.91799626828703607  0.92587418287150014  0.93377554034240406
  0.94198338976488416  0.95037379716604287  0.95875974394674413  0.96649571967779335
  0.97459668867952709  0.98286484732455071  0.99058203920868648  1.00000000000000000
 -0.01595702541637861  0.50611588342558123  0.67166780025574524  0.77147642831566809
  0.82976500847865597  0.86685567527888741  0.89204901474845166  0.91014573444333413
  0.92375958725456242  0.93441342144877504  0.94285460848050584  0.94974984783126737
  0.95557057167849213  0.96036071517327093  0.96433962573038545  0.96781591742996664
  0.97086282283966818  0.97354940130019141  0.97592334714358020  0.97803518948292389
  0.97991859063209763  0.98158479674468901  0.98307796490815980  0.98442974648305281
  0.98566034814890224  0.98678093314511972  0.98780592992445504  0.98875402829136594
  0.98962811187230382  0.99042936785828006  0.99116324512758758  0.99184437944293669
  0.99248261241816982  0.99307785590177577  0.99362289295209216  0.99412369379121179
  0.99458581420579473  0.99501460235444494  0.99541963542768241  0.99579785613331884
  0.99614693520397901  0.99647145513764823  0.99677115938398275  0.99705358888179929
  0.99730647718014309  0.99754068438680310  0.99776191364285804  0.99797354740708821
  0.99817253981404752  0.99836110668394740  0.99853910862482109  0.99870429998448251
  0.99885515238809097  0.99898984450484829  0.99909879632433130  0.99917490826084832
  0.99922532458455482  0.99925976354181034  0.99928662801180901  0.99930883787113101
  0.99932920211787057  0.99934823328855849  0.99936576975849056  0.99938216415700620
  0.99939787666547375  0.99941299587138221  0.99942752197136042  0.99944159285739287
  0.99945540628359286  0.99946894605743752  0.99948192078816822  0.99949447736222985
  0.99950698477764155  0.99951946191930074  0.99953202394739193  0.99954448257467465
  0.99955679490307481  0.99956909931313498  0.99958154091876528  0.99959415946205643
  0.99960723657935446  0.99962056000599564  0.99963406687480993  0.99964772339682051
  0.99966173730319630  0.99967628201371384  0.99969145169874785  0.99970744135899858
  0.99972444142455352  0.99974259942460220  0.99976248588277228  0.99978448228884509
  0.99980789296902473  0.99983867417446270  0.99989109648347174  1.00000000000000000
 -0.01539631692714535  0.06740071886612987  0.10586454224504227  0.13122080592073004
  0.14018290509324868  0.14551866379779418  0.15207492175518394  0.15817819965470367
  0.16395392046127222  0.16943067731898692  0.17441867950605688  0.17895313040818567
  0.18346982925517077  0.18801441113386452  0.19229466363519096  0.19659568756940615
  0.20078974782288661  0.20485185692189384  0.20876068600419984  0.21248217225709853
  0.21616506886480205  0.21979628259989367  0.22346393021882827  0.22738525984375302
  0.23124686568901950  0.23485713342777970  0.23843056979710142  0.24219530047311377
  0.24594700036429823  0.24952906587443441  0.25342101309434928  0.25767643054916128
  0.26161007660014424  0.26527529622819518  0.26890632995695046  0.27262519784640010
  0.27667981091269001  0.28103674458843658  0.28546903220208120  0.29000671051324234
  0.29462207574379368  0.29923286212932382  0.30394158551769146  0.30877715213357493
  0.31374929608617691  0.31879847212948903  0.32391004304648158  0.32922418209787857
  0.33473733480979029  0.34033822232916483  0.34611093980607732  0.35211430346643052
  0.35811486848517116  0.36391591484132924  0.36967646567390822  0.37551563578295549
  0.38165144995814587  0.38804948767500907  0.39446810862510256  0.40090124902303542
  0.40758151004834520  0.41448793579092896  0.42141058284662425  0.42848784265329043
  0.43557469410427846  0.44271309698993344  0.45008820435209551  0.45789398581082436
  0.46596427246096256  0.47400411616485627  0.48186674232479293  0.48964813424707943
  0.49750576277688019  0.50547312349564666  0.51363279650677118  0.52203718358142848
  0.53064973357597789  0.53955807223000685  0.54879876407441985  0.55823830141702324
  0.56791992810801528  0.57802841844204789  0.58848813523955101  0.59929700907638539
  0.61038269753886210  0.62175439045586489  0.63352417199787614  0.64586017982685218
  0.65897426641073453  0.67354351700203763  0.69022582401934252  0.70912146182304892
  0.73070318023044944  0.75802427871984346  0.80343357666195669  1.00000000000000000
   4.8059259694458320E-010  -1.0000000000000000     
 F F F F F F F F F F F F F F F F F F F F F F F F F F F F F F F F F F F F F F F F F F F F F F F F F F F F F F F F F F F F F F F F
  <DiscreteSampler_grid>
  grouped_processes
  1 # 1 for a reference and 2 for a running grid.
  10 # Attribute 'min_bin_probing_points' of the grid.
  1 # Attribute 'grid_mode' of the grid. 1=='default',2=='initialization'
  0.0000000000000000 # Attribute 'small_contrib_threshold' of the grid.
  0.5000000000000000 # Attribute 'damping_power' of the grid.
 # binID   n_entries weight   weight_sqr   abs_weight
    19   10   3.471568333841760E+000   1.059434935724167E+002   3.471568333841760E+000
    20   10   3.471568333841788E+000   1.059434935724186E+002   3.471568333841788E+000
    40   10   3.530304760850218E+000   1.098246885091584E+002   3.530304760850218E+000
    41   10   3.530304760850247E+000   1.098246885091603E+002   3.530304760850247E+000
  </DiscreteSampler_grid>
