  0.00507645972005497  0.01020873356219743  0.01825910576523758  0.02733429427504909
  0.03677329176094984  0.04689339601162428  0.05736410277532285  0.06771260055171154
  0.07803937540226590  0.08825419314880738  0.09822030645558373  0.10837637904658103
  0.11872334689927035  0.12880844805526906  0.13872670668116496  0.14891448520398431
  0.15881679944263466  0.16827716018926570  0.17755604255511737  0.18733360568860097
  0.19736732784115923  0.20716109327193055  0.21747607513546341  0.22747624956644147
  0.23719316297227303  0.24673219906679569  0.25672090993884805  0.26703686043540542
  0.27724137793271597  0.28730647149280647  0.29818917567044362  0.30871180291458483
  0.31945253639916532  0.33001523439776853  0.34062798283895529  0.35091992554898921
  0.36090236696313860  0.37083968236896492  0.38081330280920689  0.39094900507410346
  0.40124542917518402  0.41183087893513792  0.42299404613367253  0.43405464979281705
  0.44498973378490653  0.45596754560473762  0.46689444746428499  0.47818430702003117
  0.48934829422286080  0.50006626237392804  0.51024625595440543  0.52047722627381665
  0.53123263783367247  0.54181921888042339  0.55265380135806275  0.56348934870111089
  0.57509181456985237  0.58644911662149013  0.59773441567998675  0.60841705240940847
  0.61875712655107951  0.62903696745137649  0.63932920851276076  0.64975850328597828
  0.66032063217828507  0.67096226773980716  0.68169134891106820  0.69240393448306770
  0.70302286376635614  0.71338236839423208  0.72353253105884086  0.73376309542227802
  0.74400174067288138  0.75406877398569128  0.76395280409860933  0.77375552184112950
  0.78347877264094112  0.79340108750416183  0.80342890395428934  0.81364891778166715
  0.82396187998373183  0.83447755966745396  0.84579667351205023  0.85727141579019539
  0.86850770769480334  0.87992172260091817  0.89150066788854110  0.90264863875399126
  0.91379982238909230  0.92593991221920324  0.93850140057969778  0.95132093401222684
  0.96365216966138822  0.97558383807836113  0.98757782977819220  1.00000000000000000
  0.00223987083330422  0.02736611515797430  0.04643043174577634  0.06169144817099425
  0.07541682183484510  0.08789744345325616  0.09940225042806664  0.11050711157279634
  0.12180829614847184  0.13301264372338542  0.14376555803116745  0.15426464986624466
  0.16443089754585644  0.17518430947845007  0.18597929628306847  0.19646281573632129
  0.20702399683724421  0.21816721009033430  0.22995266285765764  0.24171452490624315
  0.25300111305202833  0.26402889770600618  0.27488870719317982  0.28564773636273516
  0.29606258236609101  0.30623131764236966  0.31609365372166537  0.32579713985344605
  0.33577719843753950  0.34579776717592142  0.35558883233102750  0.36471384489550829
  0.37391239666171971  0.38335175481542560  0.39322542144301914  0.40308041154709595
  0.41278427723050526  0.42234714298976928  0.43190574991068981  0.44157589119580704
  0.45152536647787062  0.46192540623291939  0.47192976391318348  0.48165130708343851
  0.49087396187650062  0.49992920943602709  0.50908602608033271  0.51814605096916577
  0.52728793143576747  0.53662573814711045  0.54605851511435166  0.55553802268615915
  0.56502527509907874  0.57474382645628252  0.58438501506632146  0.59367416438315057
  0.60276656612973745  0.61216027187926014  0.62188097488020599  0.63179684428164606
  0.64166403215529177  0.65184419090730805  0.66217825789389118  0.67283461684710100
  0.68375703850140968  0.69362510115427367  0.70275575900457021  0.71199969973596677
  0.72122525627443546  0.73051267853597479  0.73991651124692825  0.74953935041539710
  0.76017172925038823  0.77095609448922753  0.78121673413556980  0.79122146194623022
  0.80085446219496270  0.81029915940560182  0.82001517913035715  0.83015705392480754
  0.84066013309686227  0.85132425896219832  0.86214524992339991  0.87292507659927243
  0.88343018210136082  0.89367152425240770  0.90375716206706724  0.91382796257398535
  0.92416650219071050  0.93468637126824750  0.94504432741154498  0.95531902225622567
  0.96583392499602716  0.97665234494721265  0.98775750237085569  1.00000000000000000
 -0.00120303414768396  0.00654043631401910  0.00938382971704887  0.01248392165649393
  0.01574975990381486  0.01941696700098960  0.02337098526513123  0.02751955277598639
  0.03210844845735079  0.03697590898907749  0.04197445034896148  0.04773243891633955
  0.05347026391411612  0.05933813250320239  0.06562840565982996  0.07252579929524182
  0.07973692474996542  0.08662705379308923  0.09348581267479059  0.10049857310493107
  0.10778225025615651  0.11546780471178400  0.12370813337116329  0.13232172849998805
  0.14096657268214488  0.14965794689539097  0.15838998004060570  0.16709754031217816
  0.17631468295674008  0.18594315843241310  0.19566752111042210  0.20523275782237918
  0.21445446912601904  0.22336706605649320  0.23218307111492786  0.24127314627358526
  0.25069464731090196  0.26028987541670895  0.26996464332183095  0.27982248561843631
  0.29022881000418976  0.30131466220925479  0.31220885190964209  0.32283565742551718
  0.33431067322936447  0.34557235130376057  0.35691280425893479  0.36871628418734609
  0.38049944166969363  0.39214945028646397  0.40413884138325906  0.41579186164135490
  0.42724387942377506  0.43889458924926050  0.45090247939059436  0.46311569702075689
  0.47537672215742377  0.48776022964494625  0.50033428985186390  0.51307940169980115
  0.52574135298593161  0.53824119602762766  0.55069653140135655  0.56354888413244408
  0.57701809490140032  0.59091183357495813  0.60499035885288066  0.61896963976993324
  0.63248082545926931  0.64601912235460890  0.65957675118232850  0.67331097929991268
  0.68744848775072565  0.70167631129855346  0.71519616715136136  0.72854907674600700
  0.74206653940250389  0.75566359895024826  0.76925098216569099  0.78281290115314583
  0.79630478839536534  0.80971525879817308  0.82324340269314089  0.83728472246265406
  0.85095693275515194  0.86427859238650273  0.87753169044235790  0.89091633179376761
  0.90479323779801546  0.91881590160619209  0.93275371441696120  0.94631702149254604
  0.95971376778894779  0.97306772293024646  0.98644594267923047  1.00000000000000000
 -0.00264399539959492  0.01033608103608218  0.02188520712099172  0.03354296223441970
  0.04505641889285830  0.05634249242033024  0.06713140929270645  0.07760418183835265
  0.08826785415368546  0.09912731025503671  0.11005391767155476  0.12111204033545531
  0.13205372768685411  0.14254753550828170  0.15284535775216559  0.16325290198489084
  0.17358744012613150  0.18348176888062889  0.19281923620614899  0.20184516786937140
  0.21081791903287908  0.21962266985390522  0.22822442615017838  0.23781548126316471
  0.24774485281307240  0.25844110598446618  0.26941721254156553  0.27990788165293418
  0.29021383386288324  0.30019878307468012  0.31002325546794179  0.31984121286133316
  0.32996472928509701  0.34022434623426595  0.35107014338483561  0.36135671574725847
  0.37202110713368791  0.38210019394741274  0.39190936161506973  0.40143453066093088
  0.41139997942355833  0.42216108818187925  0.43427443143118050  0.44602745020638657
  0.45799851666949115  0.47008109656117059  0.48197100890306666  0.49249122973841969
  0.50321826117869428  0.51355922824430378  0.52410803293196795  0.53373797702230563
  0.54429174858302320  0.55529061376714584  0.56615210148840744  0.57651160521947487
  0.58686442777897241  0.59742143705881334  0.60795746048961719  0.61861512554529274
  0.62906130645068459  0.63954836264922255  0.65016418501071960  0.66114543731294384
  0.67172469445169170  0.68200854844408521  0.69268709812212603  0.70360810199881063
  0.71457854606248661  0.72519408554868037  0.73561240154776142  0.74588773100199035
  0.75617758498402099  0.76650594942693129  0.77644587290727496  0.78618796617047981
  0.79607628397291408  0.80625470213679895  0.81652640389503250  0.82657411068930320
  0.83690931900449417  0.84756948146530109  0.85821655388408957  0.86854973267692814
  0.87858494394499620  0.88882780378116932  0.89964572654818864  0.91122065148382225
  0.92339959637299263  0.93540029887573228  0.94679889000054329  0.95804881152048371
  0.96862400793688930  0.97921358229565758  0.98949336732991033  1.00000000000000000
 -0.00170957907494881  0.00707992679136409  0.01503665332529714  0.02348813961175590
  0.03218797918370910  0.04114824300864411  0.05048335110130654  0.06006276629571990
  0.07059123620087568  0.08173893435813667  0.09303698972339466  0.10426180733917804
  0.11528080889689112  0.12638055434117393  0.13710746910865590  0.14784906844778151
  0.15885924571361240  0.17015024144684876  0.18142292958148998  0.19219902082688411
  0.20253705756371340  0.21255061430395172  0.22218450560768957  0.23214832245982767
  0.24245254576404879  0.25306562799863219  0.26364386361488790  0.27479447561808279
  0.28649068834412583  0.29786311714026165  0.30915753209592328  0.32081855502492945
  0.33253186912330490  0.34352108274236948  0.35422224755865150  0.36499927526574805
  0.37574364787737657  0.38619857184101847  0.39668633895894501  0.40728743542584217
  0.41774528290137292  0.42826275584748602  0.43880545844663577  0.44943068043760159
  0.46013156809096373  0.47085256102790674  0.48112737284340362  0.49072181450760055
  0.50004619662402661  0.50968212023809800  0.51950226045728465  0.52925417519055840
  0.53908571423956331  0.54917526671291117  0.55946204344516637  0.57009894710085285
  0.58098006009546488  0.59192922055384689  0.60340003535960796  0.61569827717432324
  0.62867812298256609  0.64144921738411265  0.65401178070354937  0.66631444563147957
  0.67843693775284852  0.69038763817321458  0.70154822338996781  0.71272670056615461
  0.72409263951283864  0.73530837709398711  0.74645815901945201  0.75659076240023226
  0.76639322755568728  0.77577628139765242  0.78517243444992491  0.79513194648254670
  0.80516718338807580  0.81564766536817879  0.82665020057450733  0.83787639575991835
  0.84941116934831828  0.86092874334373359  0.87235663360781712  0.88384473822736076
  0.89522143596849757  0.90610120121672688  0.91648973275059775  0.92658331753986267
  0.93616167643282922  0.94505387646064409  0.95389505838394895  0.96321557254581314
  0.97275690034390028  0.98210171358556797  0.99102134310028445  1.00000000000000000
 -0.00246630049987478  0.00931187167470984  0.02042657260377518  0.03150133427722661
  0.04235054985535090  0.05294664171019112  0.06347081174303519  0.07395484011486687
  0.08438115117862387  0.09476588499100869  0.10563213813318428  0.11712269618089505
  0.12833957946832103  0.13913805485349509  0.15003242114166265  0.16128682223316781
  0.17254875981841550  0.18386451680064017  0.19556420954833609  0.20734000369783120
  0.21856318846366835  0.22950278975694857  0.24045525418543709  0.25119211197270708
  0.26153061602718713  0.27156777323404035  0.28161221869625869  0.29178714817819756
  0.30206504627502845  0.31248959055502823  0.32305278990951747  0.33374847347121611
  0.34427352092421798  0.35490317213240141  0.36532530932426760  0.37557876072059987
  0.38561849988604979  0.39610448397463077  0.40711544966404839  0.41823001778225444
  0.42930956463407521  0.44020074619187405  0.45101363210843087  0.46127342434495450
  0.47089592654219009  0.48047180545243334  0.49051348051056570  0.50080402923325185
  0.51119528506278555  0.52186747237689501  0.53309455358657942  0.54462606112325596
  0.55597415406989559  0.56695158402937251  0.57718249582671877  0.58752176560856284
  0.59817880696302228  0.60900959690020373  0.61952240721682350  0.63044183143311150
  0.64200073110454392  0.65336033700214335  0.66453748247756561  0.67577883131046457
  0.68624693151945515  0.69599466272787225  0.70526990202285189  0.71542668385267272
  0.72628744101298315  0.73731184278607498  0.74814001016012155  0.75897093014095351
  0.76984421447779994  0.78003430391690209  0.79031291970506667  0.80042593704407949
  0.81102293419216720  0.82175645133015485  0.83225217955095476  0.84214807418874382
  0.85179926966365049  0.86176272383502617  0.87130598895473710  0.88110517974092273
  0.89095687709037963  0.90109943731298003  0.91179643992657189  0.92169671811048082
  0.93083182585448621  0.93958691020413154  0.94858453036272861  0.95742445984595126
  0.96710013332636557  0.97687508221096164  0.98796180515545506  1.00000000000000000
 -0.00114091907410371  0.00291804329097608  0.00692928696079518  0.01077124177963782
  0.01462567680113795  0.01866907550498996  0.02277583940633867  0.02723814467161022
  0.03171988792385484  0.03619448468958988  0.04078944388123496  0.04555836795288476
  0.05052317073241828  0.05557248277077353  0.06044236679550206  0.06545669210386386
  0.07074874750251568  0.07602439019056098  0.08175823441800947  0.08728284740520556
  0.09282128673693939  0.09848039301094266  0.10419840984348591  0.11016987517177369
  0.11646761342089873  0.12281763193667765  0.12944279830471170  0.13625974319344655
  0.14354475096239863  0.15111194440401060  0.15867135522622869  0.16620934765499162
  0.17436515374135259  0.18285789101646349  0.19153080150605284  0.20035678585472597
  0.21018911669855489  0.22097855382730200  0.23231141392059643  0.24378958162990935
  0.25610483971782938  0.26901579124366293  0.28266578716405188  0.29844638436112497
  0.31676113988171417  0.33592375336867569  0.35718926205702528  0.38370421778258512
  0.42298985984335696  0.49341228931888048  0.57530641173773345  0.61071318411585296
  0.63631722883645991  0.65880442490261071  0.67889035562779809  0.69665791297161372
  0.71260636665670196  0.72676973248770893  0.73968177292883752  0.75198585110135308
  0.76415062610915241  0.77590101207762274  0.78720522162181705  0.79833675839567941
  0.80922578426939662  0.81954937902752623  0.82911931615530909  0.83787056983554042
  0.84598434918587029  0.85381251540200898  0.86146663434361759  0.86898253388526769
  0.87649624706965290  0.88406339580319016  0.89156388441249723  0.89879762723916545
  0.90581655842145747  0.91241328686702550  0.91853042699749377  0.92419802613096302
  0.92978172500965939  0.93536347662261554  0.94072062470348805  0.94578714863093838
  0.95072120454167430  0.95560643589881999  0.96028655040509914  0.96484860232402347
  0.96935729088853040  0.97381043519902455  0.97829887356302014  0.98277745620880885
  0.98719040385198287  0.99151178662614192  0.99576065902034561  1.00000000000000000
 -0.00205547704187791  0.00878533564162583  0.01756386705816124  0.02625378344626372
  0.03459648982344056  0.04324539143225427  0.05234140709186934  0.06145618235896956
  0.07073269042540584  0.08035831853898592  0.09111877574249863  0.10258904641388072
  0.11452496516401772  0.12680586937930940  0.13909052384586587  0.15170733434495981
  0.16417598566216146  0.17596699248211439  0.18705035824401453  0.19726685986253323
  0.20706157713243725  0.21667777685769923  0.22618552858176830  0.23634368680412729
  0.24733243173523764  0.25873644505447818  0.26999976998706965  0.28039371510206856
  0.29027329792057066  0.30026286809723640  0.31089551826506068  0.32228495575961519
  0.33358656263143360  0.34378206904907771  0.35385210254960570  0.36420980595184377
  0.37431493164345531  0.38401532022598139  0.39349268104471208  0.40353152197847697
  0.41440834412764121  0.42558655631707049  0.43718966559183753  0.44902232377083151
  0.46055742413057227  0.47153602205624645  0.48240115858568688  0.49356467188548325
  0.50494331905818279  0.51606631273206438  0.52667866806787100  0.53666706195526914
  0.54669948320953610  0.55618084552775582  0.56566074866516425  0.57513523659388499
  0.58526822390731237  0.59598705817558306  0.60706216124500290  0.61908609796927405
  0.63056979614580377  0.64101842131172171  0.65126933847546298  0.66139602371634310
  0.67212759323687854  0.68260404001872910  0.69236525319250952  0.70160649501096972
  0.71118993855813062  0.72157182075100945  0.73210332177535054  0.74257985165119678
  0.75298533475711604  0.76338904860901746  0.77397985928313084  0.78502437451855300
  0.79582417473442668  0.80645080274095771  0.81713872781683816  0.82781858754652882
  0.83872881567442314  0.84933422538416126  0.85971677854210915  0.86952065717818572
  0.87973402526425526  0.89039875695583837  0.90106642546741278  0.91098099891599971
  0.92077756846308778  0.93118304295370891  0.94169390167444422  0.95304547934129413
  0.96418359979338064  0.97573584065218522  0.98771615372919352  1.00000000000000000
  0.15921157960126814  0.28012651899339602  0.32216866160691182  0.37422048024565785
  0.41176052928854384  0.43104144349942519  0.44737908291693063  0.46240234544852399
  0.47530778616624791  0.48796634395555755  0.49955619969618958  0.50809779378889586
  0.51480544665800421  0.52028399226219801  0.52442503397024320  0.52794808740867349
  0.53130158097492286  0.53455631374014001  0.53774047265613134  0.54088011720865026
  0.54362529190754294  0.54623723930213919  0.54878636376583212  0.55130061870554159
  0.55379946447653561  0.55630701954856088  0.55883400356066393  0.56133929294990803
  0.56376893744824119  0.56616460306955707  0.56856143979821494  0.57097068770800607
  0.57336874415825145  0.57577597540627623  0.57818150275185998  0.58061155275054976
  0.58305896705255678  0.58550675853698952  0.58795245142378938  0.59040147552170708
  0.59286971107357866  0.59537410371929678  0.59792322066321635  0.60046857122011355
  0.60299870136733869  0.60557065323680470  0.60830565764727695  0.61092725258311575
  0.61355828115239308  0.61620569589784224  0.61887902367964476  0.62155334351180580
  0.62426391367462686  0.62713246820624491  0.63012128317458083  0.63309770703571899
  0.63615688978291662  0.63926470180786021  0.64239030352425774  0.64547881341799784
  0.64856569880694692  0.65172958800007064  0.65501179995237491  0.65848114289908810
  0.66203722605502402  0.66561255763775418  0.66924667765122547  0.67301625951317001
  0.67689483773122694  0.68081367826049155  0.68475935488842055  0.68881434731872637
  0.69305854425578151  0.69743684363236758  0.70191255112018236  0.70628656044384142
  0.71084968161202577  0.71571014649155218  0.72061643504271422  0.72561796453320782
  0.73090922597015717  0.73671101555758967  0.74288711101808880  0.74945419900521815
  0.75682482036727594  0.76458323522308458  0.77295446959068304  0.78220852751704928
  0.79196308480698241  0.80232729260186575  0.81375752342568652  0.82679096112855821
  0.84180653897367597  0.86042454904166499  0.89248477889355171  1.00000000000000000
 -0.02126570743006907  0.13191170710629790  0.17486059765833570  0.20141945754431934
  0.22123409716220038  0.23763664106415205  0.25218323682926280  0.26457872116740971
  0.27578899761232095  0.28618846162989953  0.29586637928537840  0.30478688088145356
  0.31326307113455010  0.32141983100637717  0.32940744760241031  0.33702090019208925
  0.34424928696164753  0.35129465088847006  0.35799596954943125  0.36440793016673523
  0.37057557928888740  0.37645129251789766  0.38196946668570053  0.38737408108132160
  0.39265972059033821  0.39764641854409410  0.40244723775659114  0.40728754361891545
  0.41211736323409487  0.41694698413757630  0.42173925120077638  0.42637063448547768
  0.43100094099804670  0.43556325847370841  0.44006275646184623  0.44446747696244926
  0.44892115861453225  0.45336850520077188  0.45791983638229028  0.46257347754339656
  0.46732583128668881  0.47209359569906434  0.47676112826276201  0.48120638740365412
  0.48531772572937204  0.48947118394546613  0.49364315524710695  0.49787554169864928
  0.50219732885235635  0.50645682655708524  0.51065005448447509  0.51476856908141311
  0.51884844263394958  0.52288418253335356  0.52686631114864080  0.53088548231942689
  0.53504166013400400  0.53934197087449565  0.54382704355001832  0.54849183886699204
  0.55313176406658227  0.55773207578519957  0.56251249718951135  0.56723380288926961
  0.57209172679313058  0.57689480064540077  0.58168086156037013  0.58664607541418379
  0.59175063210809198  0.59696740870431753  0.60231836249857096  0.60769754268408882
  0.61322779998263754  0.61871924734815753  0.62447612147933274  0.63067116962970404
  0.63719235709650290  0.64394658773417479  0.65065871405664955  0.65742967386208373
  0.66441170544101635  0.67175423111922994  0.67942539796389034  0.68723537236671450
  0.69535853298718775  0.70391535473363276  0.71307955038652748  0.72297386271399644
  0.73382223107957067  0.74578892709580147  0.75873289973527847  0.77487294949844099
  0.79587753930299288  0.82374769476203702  0.86649547684672246  1.00000000000000000
   4.4879090283064276E-009  -1.0000000000000000     
 F F F F F F F F F F F F F F F F F F F F F F F F F F F F F F F F F F F F F F F F F F F F F F F F F F F F F F F F F F F F F F F F F F F F F F F F F F F F F F F F F F F F F F F F F F F F F F F F F F F F F F F F F F F F F F F F F F F F F F F F F F F F F F F F
  <DiscreteSampler_grid>
  grouped_processes
  1 # 1 for a reference and 2 for a running grid.
  10 # Attribute 'min_bin_probing_points' of the grid.
  1 # Attribute 'grid_mode' of the grid. 1=='default',2=='initialization'
  0.0000000000000000 # Attribute 'small_contrib_threshold' of the grid.
  0.5000000000000000 # Attribute 'damping_power' of the grid.
 # binID   n_entries weight   weight_sqr   abs_weight
    10   10   1.303219117382210E+001   1.183474583168279E+003   1.303219117382210E+001
  </DiscreteSampler_grid>
