  0.00000041885067922  0.00000141473401132  0.00000295560603410  0.00000580608122418
  0.00001115404873646  0.00002121780594513  0.00004049545699163  0.00007601892167937
  0.00013416728150238  0.00022005891460915  0.00033442919854165  0.00044838468332380
  0.00056077129345552  0.00068816625973892  0.00081066490061315  0.00091237338207765
  0.00101019217444860  0.00111020245004116  0.00120377276695298  0.00130023358627371
  0.00139211962871356  0.00146129193336726  0.00153421364434355  0.00161688420693358
  0.00170354484660766  0.00178192438346494  0.00185759594928363  0.00193796550652694
  0.00201879490415574  0.00210150808979836  0.00218935462523077  0.00228142738649939
  0.00237111439222518  0.00245612973867370  0.00253854318770860  0.00261642303685619
  0.00269103275810983  0.00277122070551025  0.00285267277470043  0.00293100159574609
  0.00300750968359119  0.00308603934272170  0.00317157909728128  0.00325434249100077
  0.00333053579808457  0.00339921234837357  0.00346542205412947  0.00353240102524208
  0.00359986065640439  0.00366628423089520  0.00373098787115413  0.00379257162808344
  0.00385446674664184  0.00391665798258189  0.00397538998376865  0.00403001636146797
  0.00409338787665469  0.00416934935111665  0.00424919849137041  0.00432934623353588
  0.00441029900130454  0.00449856801963355  0.00458586885218120  0.00467298971143955
  0.00475962528425128  0.00484534215746027  0.00493048034850656  0.00501560196937811
  0.00510264192869492  0.00519203620051739  0.00528118601430467  0.00536885672595968
  0.00545745561880682  0.00554820534331806  0.00564358103925187  0.00573089223045518
  0.00580130606604940  0.00586609009485113  0.00598885249280688  0.00611539585144721
  0.00624603166957463  0.00638473440949466  0.00653761537950753  0.00671127485246630
  0.00690462388213147  0.00711663857856864  0.00732072990742610  0.00750547597665701
  0.00788063082752886  0.00833452664137455  0.00892064379908760  0.00999031871150285
  0.01183198731894167  0.01627615115727078  0.81213137127151025  1.00000000000000000
 -0.00000962760079594  0.00005372932393379  0.00010590191638966  0.00015216173255309
  0.00019502995749473  0.00023567844430071  0.00027479242340908  0.00031312414586340
  0.00035201751089895  0.00039205093332102  0.00043267343723287  0.00047335276296221
  0.00051378876112910  0.00055364724203833  0.00059280193160123  0.00063097079564400
  0.00066874936408376  0.00070777435957806  0.00074943027825882  0.00079414983042580
  0.00083969964706389  0.00088420189003980  0.00092803653854191  0.00097275466253182
  0.00101962658252415  0.00107064142078862  0.00112747822538308  0.00118491418513274
  0.00124056665666043  0.00129592059283899  0.00135387648088881  0.00141805180716931
  0.00148459609640191  0.00155594136475931  0.00162875873164970  0.00170217766800445
  0.00177321321707623  0.00184579342395172  0.00191686023287294  0.00198974165638232
  0.00206450557375995  0.00214019600722885  0.00222013736696614  0.00231197248141694
  0.00241749791178839  0.00253584977097392  0.00266017603827182  0.00278711034996359
  0.00291711653982329  0.00305223687721139  0.00318734061853128  0.00332857637364947
  0.00347138818418444  0.00363489459946891  0.00381670746327737  0.00401682130735814
  0.00424034134958405  0.00446235580720685  0.00468672578968090  0.00492303449451098
  0.00517305700070736  0.00544566462352693  0.00574281441318298  0.00603298531974328
  0.00631366895313799  0.00657765482074714  0.00684882703653632  0.00716152222617408
  0.00752382069350208  0.00796168465482109  0.00838260269394269  0.00876532560388928
  0.00910025285932225  0.00947573862406512  0.00984437680741894  0.01016972096162458
  0.01053731741940691  0.01098495827885266  0.01124758646645371  0.01134362210886451
  0.01152258382567848  0.01222829442233987  0.01381625609370868  0.01551353069185736
  0.01707551895453284  0.01868542210373970  0.02037765034031223  0.02167438488971600
  0.02279128831395943  0.02393350996684519  0.02512867871294085  0.02632967355633916
  0.02757578778246431  0.02882190200858945  0.04410768328623296  1.00000000000000000
 -0.00177754112137031  0.00771837789902705  0.01744268131720118  0.02644766198409592
  0.03641604287403301  0.04798121463360139  0.06008220153890230  0.07153142640059806
  0.08280391827144049  0.09357089870875097  0.10432499907197594  0.11444278827354271
  0.12430611139449954  0.13401491001633231  0.14373785202107911  0.15326365466950209
  0.16310878540658849  0.17252466585472545  0.18207983653498541  0.19265247022242926
  0.20397670778900817  0.21535262516290532  0.22639139504377248  0.23717979550228635
  0.24785156441813799  0.25824389183875407  0.26836103455746779  0.27816876867083401
  0.28788121499831881  0.29790825786372011  0.30832093002147837  0.31925907047924973
  0.33050288244970111  0.34153979068027862  0.35224534475319202  0.36279510387124653
  0.37335764846810099  0.38373517503911125  0.39401258709615339  0.40411283996001091
  0.41368794265929709  0.42303405535028538  0.43241950427943016  0.44305531110264684
  0.45489617921143888  0.46654434739361877  0.47736649877438825  0.48748316389978141
  0.49710419618127150  0.50663631657505726  0.51652859768957782  0.52707988437530529
  0.53809588228443817  0.54932720271059277  0.56060056278391368  0.57194542666915171
  0.58333596026585310  0.59421360479211427  0.60403905494481658  0.61327062999918991
  0.62240156166673399  0.63247894971530561  0.64342220957792129  0.65434345339172739
  0.66493077009536428  0.67527055206486508  0.68568333386749503  0.69624806138338480
  0.70694015773659513  0.71784494676625377  0.72894607694846436  0.74018303933161977
  0.75141173422280938  0.76289744744042864  0.77451102871421607  0.78468977758423575
  0.79465450604032417  0.80425975847195519  0.81440164934638060  0.82481294936102612
  0.83545496463836388  0.84606940917492390  0.85649350716078254  0.86685204302889096
  0.87736521702935244  0.88795750293691955  0.89852753097955895  0.90935940903782797
  0.92072472713744424  0.93231582941866376  0.94366819047107597  0.95447951705063427
  0.96516619196894404  0.97645871329714562  0.98815909495578869  1.00000000000000000
 -0.00007068577364076  0.00026212768929792  0.00066166560483913  0.00094466488598276
  0.00116581526234338  0.00135135673859089  0.00151641081395063  0.00166901917214356
  0.00181331825513616  0.00195325282714561  0.00209164348973914  0.00222956430072440
  0.00236932533887234  0.00251160313839450  0.00265434349155152  0.00279587332862780
  0.00293336514143210  0.00306449510940437  0.00319397321119499  0.00332850600022458
  0.00347058961538354  0.00361831130765493  0.00377357478488484  0.00393521837684372
  0.00409883350657638  0.00425470029931088  0.00441016198669984  0.00457267958561966
  0.00474083540675255  0.00492496961821128  0.00513358173851529  0.00536041579584041
  0.00559078179858955  0.00581517665396572  0.00601887483536341  0.00622028890540354
  0.00642469604943403  0.00663490444147007  0.00684401316096470  0.00704925056765570
  0.00728202153202596  0.00752260880518650  0.00776850916430576  0.00802086781054989
  0.00829669391533546  0.00858253280753242  0.00888081598938712  0.00919746694922063
  0.00951826212835948  0.00981853165196593  0.01011708261141429  0.01041343923259155
  0.01069599554395995  0.01098730611623554  0.01131025507939375  0.01167479235026131
  0.01204150097475089  0.01235229729444821  0.01264348543895471  0.01294957035747286
  0.01329751334826811  0.01372043014604903  0.01417065994161379  0.01465451204162797
  0.01513696469124999  0.01558894366168088  0.01604037280251003  0.01651922271333301
  0.01704789057092971  0.01757762856560316  0.01810174581227179  0.01862045484069562
  0.01916257982551164  0.01975117515794264  0.02040817240874619  0.02115741562963845
  0.02194443025414691  0.02255810795716925  0.02318866167441183  0.02389893231135698
  0.02475177481676743  0.02573985096005666  0.02683567884635954  0.02781271477032365
  0.02860811443928652  0.02942245125032988  0.03032565418015794  0.03135221477670529
  0.03240305868250539  0.03393616771152588  0.03556184131380417  0.03729974381999245
  0.04025575308001858  0.18152938136310204  0.58821305011411296  1.00000000000000000
 -0.00128583085099337  0.00577893869286317  0.01381095617031239  0.02132852781083089
  0.02893417961876628  0.03668231196901761  0.04441067012858278  0.05214938491235338
  0.06010459240765891  0.06818950841252079  0.07612007009298156  0.08376918946171995
  0.09141121462197745  0.09940295206672027  0.10764847463426762  0.11583703222695349
  0.12384719859185207  0.13174564230167174  0.13973979541737350  0.14784175910648678
  0.15593988083038260  0.16392695619165218  0.17193463638491269  0.17995641102252097
  0.18835403401902628  0.19716044175733263  0.20598231189175345  0.21493949948228688
  0.22416143402602817  0.23379357353618244  0.24374584019332385  0.25347795113356753
  0.26314812002382504  0.27323115684443949  0.28392192152522838  0.29576046993457517
  0.30842388320919895  0.32216711431787637  0.33591056932938967  0.34950017720445059
  0.36337461367406104  0.37841883398181547  0.39577110541814881  0.41450572434749888
  0.43448178932252873  0.45357435226711906  0.47091851421181818  0.48741099755206563
  0.50348400579810160  0.52041267685620796  0.53745772031218531  0.55309451200413728
  0.56869529916669570  0.58564219270942219  0.60236549454797628  0.61716000192668852
  0.63262931540032263  0.64855205290843021  0.66345403148203297  0.67727432363808415
  0.69052848837613401  0.70353021468580323  0.71582513719486707  0.72707200297369690
  0.73790065613650502  0.74782894109965448  0.75690875630484000  0.76613236910231775
  0.77530391404147270  0.78471205864924309  0.79426351942866469  0.80349831882292155
  0.81225415120615219  0.82065956586420419  0.82920981658342097  0.83747036999509883
  0.84535590062764188  0.85290278290420263  0.86093021866728636  0.86892762565263992
  0.87654955291115677  0.88459602869508080  0.89317406556268419  0.90199010083236486
  0.91020709925334764  0.91852521784000696  0.92623444609914052  0.93411839525789986
  0.94187441615422951  0.94974066022298598  0.95771076222804741  0.96657661236529790
  0.97523754471012514  0.98400720651922713  0.99207724298285416  1.00000000000000000
  0.02267990561819520  0.48329051182482385  0.64311277989893578  0.74550111615147507
  0.80780198336922671  0.84789200773631102  0.87594681633938742  0.89672886624805348
  0.91236468270745930  0.92442237699061436  0.93407937680018038  0.94208883818365619
  0.94872671872793946  0.95443000731775185  0.95912117190775459  0.96295496477113640
  0.96635909046596824  0.96937235309857628  0.97199157718077334  0.97434329399665909
  0.97647803103613551  0.97839813908064988  0.98009679736840039  0.98161661697746638
  0.98303451460952218  0.98435768588372297  0.98556222389721893  0.98665700553825941
  0.98766500181536876  0.98859632200366754  0.98946250877456221  0.99025769017748411
  0.99099320648876432  0.99167120986641233  0.99229944526244351  0.99288017433235498
  0.99341735269946585  0.99390991555586139  0.99436794258112160  0.99479066194508370
  0.99517913353948317  0.99554229747776857  0.99588412520162939  0.99620653292203043
  0.99650876630432694  0.99679529465025929  0.99706633136501255  0.99731786095506481
  0.99754705027522883  0.99776181154227084  0.99796751481770951  0.99816337268629962
  0.99834872452163870  0.99852338109674732  0.99868635860832622  0.99883832146170137
  0.99897670560755514  0.99908653949410009  0.99916171589883662  0.99921533315201561
  0.99925545415173112  0.99928695471227102  0.99931263398945502  0.99933503952667779
  0.99935605778904080  0.99937537566919676  0.99939314621852704  0.99940957429425825
  0.99942491738757600  0.99943964824005127  0.99945441173295957  0.99946970846447303
  0.99948455518564250  0.99949880890182430  0.99951272618421472  0.99952650749139116
  0.99954029814469691  0.99955400853687026  0.99956753434454981  0.99958097545731295
  0.99959445974741779  0.99960806902931809  0.99962227913155843  0.99963700378183018
  0.99965221507629409  0.99966782467882287  0.99968368617052139  0.99969979516637497
  0.99971679301059713  0.99973564025499717  0.99975660321727122  0.99978039923508633
  0.99980786412778744  0.99984117619209223  0.99989883678168168  1.00000000000000000
 -0.00910214049520462  0.05338774507507293  0.09570750454919298  0.11327561717395107
  0.12118772501699679  0.12890000772376595  0.13646225750415700  0.14417868413994064
  0.15087616696774650  0.15588537049290782  0.16048038190397954  0.16546164304299973
  0.17034096885839695  0.17477225062020713  0.17848925684326167  0.18213316773424354
  0.18618858452620465  0.19024061468902057  0.19388056238181867  0.19739765159992026
  0.20120151334306766  0.20511348374394592  0.20876366356993639  0.21233498429369521
  0.21600712494846847  0.21976069662326736  0.22340203402964770  0.22701384615743705
  0.23091405696127379  0.23501160943345820  0.23890338650668219  0.24262893523997842
  0.24644170753952779  0.25041853300002853  0.25468946479244925  0.25906403243884174
  0.26345012176764004  0.26760975808858234  0.27166089765401896  0.27596390858621661
  0.28047313535778234  0.28502447923740298  0.28959044409510881  0.29407035756051414
  0.29857724385646223  0.30335115044950445  0.30835666727000277  0.31349232854779241
  0.31854658170056094  0.32363234820400549  0.32904245228367746  0.33467787717916075
  0.34045859946642537  0.34655463542417386  0.35271115729600894  0.35888281112956111
  0.36514202230185405  0.37146139376348641  0.37805927943209827  0.38491361281404485
  0.39194657827171447  0.39925594021429434  0.40698376938751590  0.41484136504520741
  0.42279129682184124  0.43088004811126290  0.43908190174191719  0.44741079634399283
  0.45590595051500199  0.46445039495834001  0.47275213594689647  0.48113079336945913
  0.48971183420327125  0.49801141183424019  0.50674460619831885  0.51547484547536337
  0.52421542827480461  0.53305503528796438  0.54228377562845465  0.55210727031583506
  0.56249267131132963  0.57335780355787536  0.58456995239885878  0.59589092488888307
  0.60741208544179370  0.61917157735802897  0.63163401719800283  0.64483817767760943
  0.65934104973277818  0.67517141179607576  0.69241560851523432  0.71155783162500297
  0.73401892841316485  0.76416814949639078  0.81361077358832268  1.00000000000000000
   9.6343824729361082E-010  -1.0000000000000000     
 F F F F F F F F F F F F F F F F F F F F F F F F F F F F F F F F F F F F F F F F F F F F F F F F F F F F F F F F F F F F F F F F
  <DiscreteSampler_grid>
  grouped_processes
  1 # 1 for a reference and 2 for a running grid.
  10 # Attribute 'min_bin_probing_points' of the grid.
  1 # Attribute 'grid_mode' of the grid. 1=='default',2=='initialization'
  0.0000000000000000 # Attribute 'small_contrib_threshold' of the grid.
  0.5000000000000000 # Attribute 'damping_power' of the grid.
 # binID   n_entries weight   weight_sqr   abs_weight
    19   10   1.281636775986670E-001   2.340006275995992E-002   1.281636775986670E-001
    20   10   1.281636775986670E-001   2.340006275995992E-002   1.281636775986670E-001
    40   10   1.258397358780657E-001   2.246180984302046E-002   1.258397358780657E-001
    41   10   1.258397358780658E-001   2.246180984302047E-002   1.258397358780658E-001
  </DiscreteSampler_grid>
