  0.00267267397519106  0.02131674842515737  0.03662869511094716  0.04900011266399190
  0.06022979554279849  0.07088919281365813  0.08135038199619177  0.09137323008349317
  0.10131395119702612  0.11126349497789821  0.12130755810007830  0.13143132522848991
  0.14159504898223865  0.15155094297553662  0.16150011915198983  0.17108967593005922
  0.18058296158392972  0.19027917841579500  0.20035506076974760  0.21052625767160166
  0.22046380925028491  0.23006160957124958  0.23949903515908627  0.24896293262337985
  0.25838996041039886  0.26782823169879877  0.27731027862615659  0.28703874674515945
  0.29714000300765453  0.30735449435382556  0.31731174507030735  0.32685291918769827
  0.33630117907247553  0.34568084793615322  0.35515129375334170  0.36488595808615848
  0.37508558234854728  0.38584580687903036  0.39682269054442354  0.40798545574408485
  0.41920988863922248  0.43049558996595305  0.44197474150407334  0.45334359279714043
  0.46428618124014825  0.47490948603517136  0.48530417334943676  0.49572413460210280
  0.50642430404235261  0.51669166707085989  0.52634867270886587  0.53559763724736598
  0.54519198541890257  0.55509669662974326  0.56521422865335025  0.57539051852077816
  0.58548698072590344  0.59544028479520772  0.60514634841210357  0.61451614223991902
  0.62394321321705404  0.63370595212482894  0.64369534491128244  0.65397813793874382
  0.66434566398346917  0.67460788021289320  0.68485236535059602  0.69510795433870465
  0.70542677304894641  0.71579266251811713  0.72632674352543358  0.73709106753497300
  0.74782041459399717  0.75826909425916378  0.76860836189715143  0.77913944810109670
  0.79005357154057143  0.80119282921463175  0.81248099388668227  0.82370417291970932
  0.83471692292331201  0.84525401250522181  0.85524607499203953  0.86495505275016782
  0.87490022616903929  0.88519145597998172  0.89556081927746722  0.90579411146305122
  0.91602227636947275  0.92689950976771862  0.93772511570594086  0.94804702377814842
  0.95840085104102490  0.97040053011701832  0.98410511324233563  1.00000000000000000
  0.00000091354936187  0.00000542303431137  0.00001146023678688  0.00001963389911549
  0.00002948941110069  0.00004187335363389  0.00005584624539936  0.00007124549023448
  0.00008806314604290  0.00010601375618361  0.00012497870637759  0.00014574322328891
  0.00016816951464147  0.00019168479854274  0.00021586662881831  0.00023905869545104
  0.00026533653186642  0.00029301619926715  0.00032314813590209  0.00035564340017505
  0.00038849065812388  0.00042249776040644  0.00045525493787566  0.00049180863264107
  0.00052840684800734  0.00056742955061380  0.00060692361631187  0.00064753558220347
  0.00069099393898270  0.00073670843396679  0.00078215810156705  0.00082737971994259
  0.00087277399552690  0.00091892536845604  0.00096729713563994  0.00101830171748804
  0.00107272368571203  0.00112996254501985  0.00118715976388590  0.00124480547637189
  0.00130679420017329  0.00137350393404722  0.00144168428686487  0.00151276581582280
  0.00159179755479984  0.00167181700328406  0.00175492884634502  0.00184702865192306
  0.00194460421346761  0.00204344657668363  0.00214565948483611  0.00225280255229928
  0.00236452695539718  0.00248275955802950  0.00261273559720245  0.00274578159375266
  0.00288358638558997  0.00303168248571814  0.00319367695607166  0.00335736231618244
  0.00353100784864353  0.00371939857362062  0.00391236967590627  0.00411940122855970
  0.00434218413530335  0.00457519380286560  0.00480058702925919  0.00506513705721849
  0.00534300954807072  0.00564158526063499  0.00596961122402696  0.00630984104025891
  0.00665769624250229  0.00704167817333176  0.00744268686406292  0.00789520844415854
  0.00839112770066999  0.00893055018761359  0.00951344434620443  0.01013349234045477
  0.01078377872411513  0.01154264815755211  0.01230633458365672  0.01309122443188088
  0.01392748766292190  0.01486006555925863  0.01593487722136663  0.01708663144833602
  0.01844980671799689  0.02017805875495908  0.02261555374397392  0.02582599610418101
  0.03118225543753894  0.03794905753364260  0.04627048675033674  1.00000000000000000
 -0.00235830701433042  0.00866908238222562  0.01841568906225178  0.02842223581662576
  0.03842715566019766  0.04887725970894787  0.05938808122304370  0.06950752875484792
  0.07952198206734853  0.08959417956330873  0.09981275080920660  0.11006148529832220
  0.12017319975000258  0.13048193600055452  0.14090170418688425  0.15130795464545593
  0.16158771480156023  0.17223133666331336  0.18291521487805040  0.19345371719697557
  0.20343490606187867  0.21379316298120882  0.22442744332326905  0.23500112600668030
  0.24524102071148476  0.25574431947127008  0.26629041829666683  0.27636886696008262
  0.28624056800504005  0.29617624906836665  0.30659554097261810  0.31697934437288428
  0.32677712049134389  0.33663137047166114  0.34668111254403644  0.35706018188356453
  0.36750610523434502  0.37840373928491339  0.38966872297252314  0.40019743276246433
  0.41003384050572445  0.41959848297602581  0.42916434636987438  0.43878658048280800
  0.44873617530817356  0.45923317501347671  0.47010048969462087  0.48090881981665623
  0.49193455947838538  0.50318619208351256  0.51427870494863170  0.52509521302687590
  0.53583099823277114  0.54667578100038361  0.55738832571540953  0.56783928394625538
  0.57853018181319671  0.58932350423699631  0.60009672637032418  0.61107250153334058
  0.62219131997185861  0.63319146782932512  0.64409719897880802  0.65472862769609186
  0.66515292389422420  0.67529456058190496  0.68505417585151540  0.69463163422510588
  0.70420907122673904  0.71429754252265487  0.72466888590043976  0.73495384410506526
  0.74527615564035643  0.75586443948827364  0.76662760785306661  0.77799788529585256
  0.78965401920444722  0.80154905964222944  0.81348745082428453  0.82483822013652452
  0.83576981848638965  0.84616692480613209  0.85720135760341953  0.86836177499768952
  0.87980614468439278  0.89088534729035862  0.90218000448205460  0.91348523025388240
  0.92444015081217368  0.93495294430397169  0.94581963581591055  0.95631053079851003
  0.96686536996374450  0.97737514650316526  0.98876457720246258  1.00000000000000000
 -0.00233094957054112  0.01005826742352410  0.01974344597780180  0.02949089581648635
  0.03908162758928694  0.04812480123262425  0.05767328232254759  0.06822907998905701
  0.07838783612393889  0.08842029866965734  0.09779559681815057  0.10782427273548743
  0.11845604578518777  0.12891168045952092  0.13907748766509817  0.14900334910731311
  0.15881814617035980  0.16875715581863596  0.17930313313752863  0.19006366734979424
  0.20077861367721117  0.21162056133160931  0.22276723855469963  0.23402632022116016
  0.24455883262231776  0.25489570398203720  0.26529998869832588  0.27599818706642593
  0.28690246852173651  0.29787171387552741  0.30890976965783279  0.31979357109863438
  0.33034855614866815  0.34055084403794633  0.35019395314506407  0.36000630518819920
  0.37030217461313980  0.38116725323063733  0.39216788117075602  0.40259259634495081
  0.41299209192775049  0.42343441177359753  0.43379434204363282  0.44435980991944396
  0.45487294474369860  0.46547798111195360  0.47631603926974525  0.48770307015865516
  0.49937352915584510  0.51049397843209121  0.52120998310784006  0.53192238977088002
  0.54260526190089087  0.55320358161094929  0.56379498092736080  0.57444520569261459
  0.58504101159117583  0.59517686335194619  0.60485747625647668  0.61421485688599387
  0.62393404724431301  0.63447487248464618  0.64490318784937051  0.65486247786475860
  0.66470243036940868  0.67495266632455442  0.68532205869226903  0.69567567334888736
  0.70616317281328922  0.71682133313239138  0.72724968325016515  0.73775994492698971
  0.74870438303164799  0.75981496037143637  0.77072340048964394  0.78122638189283844
  0.79172032118326918  0.80249106180310203  0.81301593027944119  0.82332049989203548
  0.83377274522230038  0.84473557651946241  0.85611505227686890  0.86769389154115473
  0.87926243314229424  0.89054443073324763  0.90146086347296028  0.91229071144879426
  0.92332118744268588  0.93450259978961625  0.94613757219727479  0.95831083604861711
  0.96850238108437747  0.97910981222457216  0.98924058280373905  1.00000000000000000
 -0.00245038876658718  0.00942084801770716  0.02008062781474037  0.03035176515753713
  0.04093632114384329  0.05209370471160352  0.06315756666326061  0.07369441007796765
  0.08383991458889989  0.09369108494661270  0.10375993225253292  0.11421508030048304
  0.12484435279264632  0.13526505519223661  0.14532202881091755  0.15606431009259800
  0.16661403785319068  0.17737540265761950  0.18794603347891853  0.19868519038634916
  0.20939788420557759  0.22044505511084592  0.23151561798907119  0.24223778459804363
  0.25304584190546631  0.26450375885234279  0.27573992743973630  0.28685469399420022
  0.29738914821935170  0.30767813798461285  0.31787183789108620  0.32822773954322271
  0.33930283211808665  0.35018181486556493  0.36130968982634493  0.37215978183315396
  0.38332432088006685  0.39408877762154643  0.40467443681370063  0.41522171017205656
  0.42522381983224466  0.43550836128626880  0.44605277661689913  0.45707425947529667
  0.46806812809787529  0.47865578787726498  0.48927340405466746  0.49975012199259977
  0.51008804566699861  0.52064445986657137  0.53073913550343277  0.54041932951923899
  0.54992058967659052  0.55921238795434924  0.56905902980744072  0.57888361583187331
  0.58975515600416439  0.60120559529577799  0.61250309352942478  0.62305915085723951
  0.63358834836225819  0.64397076233872830  0.65414830958338577  0.66385378870724743
  0.67392548120682172  0.68410270168101273  0.69454219792184435  0.70530934493377906
  0.71641200559048035  0.72725832367250953  0.73758369627106790  0.74741416677404193
  0.75700885659288986  0.76688404833534440  0.77793546595972785  0.79020328288274921
  0.80251396939125763  0.81433851946658031  0.82551412409186575  0.83664206820393461
  0.84748498675833039  0.85873154820178610  0.86917401118116322  0.87934425493474300
  0.88930800905170748  0.89973044309254480  0.91038078717887794  0.92075791418544850
  0.93104392583626827  0.94103663222589595  0.95061582676385170  0.96033447325619736
  0.97012343978560844  0.97989032407801546  0.98995129314454389  1.00000000000000000
  0.01787047523524700  0.19027808609405417  0.27990980881127625  0.34693339927438066
  0.40084803599472629  0.44277726506952547  0.47598082857859569  0.50129966801705328
  0.52170692810850317  0.53741597959272602  0.54946007552213050  0.55913749862659756
  0.56741906419097987  0.57486320123633861  0.58220527260251709  0.58900759440981898
  0.59523918937131448  0.60113198456913808  0.60662229210015273  0.61175102800243253
  0.61675827727015575  0.62166634044087998  0.62647758796376252  0.63107111659623139
  0.63555157102315796  0.64001985087606916  0.64441092632944974  0.64875519206988652
  0.65304119424542295  0.65727786593674142  0.66146962395549802  0.66556191325763403
  0.66949963355740838  0.67337047742729916  0.67727341726764578  0.68106863793607364
  0.68501337519949979  0.68873864761591252  0.69244645936602767  0.69612116876089447
  0.69967823044918753  0.70315822480335510  0.70665969301106601  0.71015070312374007
  0.71349123345419863  0.71701395899003495  0.72041445448588626  0.72377254066121555
  0.72714654018863933  0.73056152585248935  0.73402312025987226  0.73751728291419250
  0.74099718950703541  0.74438244180756608  0.74773701767202783  0.75113212545353092
  0.75455277030176204  0.75798213649724200  0.76138892239337697  0.76476884741981177
  0.76819439893073060  0.77169968145837042  0.77538140520736387  0.77908951824826211
  0.78284693933653582  0.78671586916659009  0.79064953399189353  0.79454622872063585
  0.79834222369955699  0.80202433356409086  0.80563144366764150  0.80925734577957331
  0.81300324059275975  0.81688796930385565  0.82096809965186790  0.82513733018221380
  0.82928198685778998  0.83344871832096257  0.83767608702872343  0.84197777165854548
  0.84645238117614230  0.85118975279509401  0.85643457581921090  0.86241244800776840
  0.86839349013597866  0.87428665744273337  0.88031788088330598  0.88666645298429347
  0.89296037050691579  0.89966229957518573  0.90692321929559183  0.91505413091825760
  0.92516969968984075  0.93840503141624232  0.95880341219297938  1.00000000000000000
 -0.02105767129364084  0.13266699289269612  0.16763549977427009  0.18810691317792239
  0.20335961786845982  0.21605275449607497  0.22739688737584049  0.23736890302197314
  0.24667267232290632  0.25565935214360458  0.26416611330523165  0.27211273765650740
  0.27969307267354171  0.28711677298403321  0.29424553076580873  0.30100567964246699
  0.30745063635574083  0.31376910627342386  0.32010264776548508  0.32645456058662664
  0.33277826236854413  0.33888721572069869  0.34480526056505301  0.35067051924901455
  0.35655725606459004  0.36249570028364897  0.36816885633928270  0.37387354660694139
  0.37886527960537536  0.38397429544597078  0.38911192339376427  0.39425930152666799
  0.39945446850281724  0.40450471999901810  0.40952421186809301  0.41456093987301951
  0.41957637019474214  0.42454304977004559  0.42940045825828727  0.43426973820039833
  0.43920079119583261  0.44417431897160897  0.44923847544328555  0.45411830213837484
  0.45893181845652486  0.46367466130520685  0.46852874732181576  0.47347827083972804
  0.47857172496156997  0.48375764944793187  0.48876956380512332  0.49362080494194288
  0.49827111585367678  0.50300783503488833  0.50789679219813921  0.51284497270169893
  0.51791800595877946  0.52315056514803826  0.52848812264307898  0.53370243493147662
  0.53874542181819840  0.54387171992128203  0.54919685388680184  0.55464458543871942
  0.56021336712916625  0.56596210237192301  0.57187310909030942  0.57783323199238534
  0.58379628021020402  0.58998289315820651  0.59635993880839155  0.60293223561178788
  0.60958842912951849  0.61639104472383155  0.62312469443033325  0.62989602794223643
  0.63686822358639006  0.64399247775601387  0.65133126215489368  0.65923871083991059
  0.66738617493988983  0.67552257145931904  0.68370762226226656  0.69190494609207043
  0.70043160443880759  0.70961513384080044  0.71930403255605002  0.72960458679403906
  0.74049826222789372  0.75252024351804514  0.76640908244076922  0.78321399048930873
  0.80314649068793786  0.82774541306901095  0.86910484474059424  1.00000000000000000
   6.1374713217116683E-008  -1.0000000000000000     
 F F F F F F F F F F F F F F F F F F F F F F F F F F F F F F F F F F F F F F F F F F F F F F F F F F F F F F F F F F F F F F F F
  <DiscreteSampler_grid>
  grouped_processes
  1 # 1 for a reference and 2 for a running grid.
  10 # Attribute 'min_bin_probing_points' of the grid.
  1 # Attribute 'grid_mode' of the grid. 1=='default',2=='initialization'
  0.0000000000000000 # Attribute 'small_contrib_threshold' of the grid.
  0.5000000000000000 # Attribute 'damping_power' of the grid.
 # binID   n_entries weight   weight_sqr   abs_weight
    10   10   5.866049559947660E+003   8.879671264922531E+007   5.866049559947660E+003
    11   10   5.866049559947664E+003   8.879671264922549E+007   5.866049559947664E+003
  </DiscreteSampler_grid>
