  0.00000037150471981  0.00000154871662947  0.00000331686201145  0.00000652440001433
  0.00001235844558853  0.00002275711363594  0.00004148504650426  0.00007343000161234
  0.00012710462763667  0.00021139526387443  0.00031262865897131  0.00044237212117349
  0.00059417669439455  0.00070967606661039  0.00081522433188602  0.00090601882368297
  0.00098974627119544  0.00108888288553529  0.00120734667024134  0.00132275251901884
  0.00142423028711726  0.00151785626561529  0.00160408133825503  0.00168763072520367
  0.00177493747069072  0.00187375350897569  0.00195631272458335  0.00202051720454777
  0.00208243001150908  0.00214507708924118  0.00221121149193949  0.00228443908062997
  0.00236384516983616  0.00244177283908943  0.00250986164455847  0.00258174379035362
  0.00265848781778753  0.00272752883991587  0.00278906078376053  0.00285742405711384
  0.00292920102643785  0.00299993104907636  0.00307352395983262  0.00314461387385721
  0.00321419391817474  0.00327993210174220  0.00334101264596682  0.00340000532170006
  0.00346011552540198  0.00353022225990128  0.00360111150389981  0.00366451476923496
  0.00372027033722360  0.00377484381340481  0.00383085866112081  0.00388524176456937
  0.00393667004919731  0.00398886113782578  0.00403687517615295  0.00408618063321668
  0.00413788709093992  0.00419033713425095  0.00423643700091557  0.00427538866230229
  0.00431168719881798  0.00435479372147412  0.00440687323378829  0.00446513047758150
  0.00451426288450864  0.00456151996842434  0.00461118136261655  0.00466551032941880
  0.00471950279124895  0.00474924134546696  0.00481874313196627  0.00491822826227130
  0.00502459177973051  0.00513813551272309  0.00525257277636818  0.00537197093214721
  0.00550320245091090  0.00564868092075186  0.00583045534440230  0.00601012794487204
  0.00618719554380860  0.00636949683042769  0.00656473770564440  0.00678263620172324
  0.00703099236298116  0.00733726742289565  0.00771587046849748  0.00817852247418915
  0.00890536953566625  0.01071374390295657  0.01668841127817554  1.00000000000000000
 -0.00000850196896730  0.00005234083925471  0.00010396235223388  0.00014503180497819
  0.00018278560831248  0.00021921977948114  0.00025282646510213  0.00028400632908526
  0.00031575328714186  0.00034875184674655  0.00038096922346459  0.00041187805688253
  0.00044301540775513  0.00047554009997256  0.00051018724000577  0.00054578812557782
  0.00057923249584388  0.00061058769379419  0.00064461089861786  0.00068381724254107
  0.00072523236420392  0.00076540049515296  0.00080438586520343  0.00084390369955273
  0.00088372891408918  0.00092446799743772  0.00096927660882374  0.00101925804765133
  0.00107155959097548  0.00112415235273748  0.00117764743861751  0.00123128999196432
  0.00128234605838380  0.00133583154064236  0.00139396277413106  0.00145456125563861
  0.00151587747849498  0.00158130953762503  0.00164961561445672  0.00172010571134859
  0.00180480138054917  0.00190851614184740  0.00201963672221940  0.00213263528523366
  0.00224731552182030  0.00236333300135873  0.00248130800134113  0.00260520015663153
  0.00273659633057990  0.00287274902161521  0.00301414536203736  0.00316273941615006
  0.00333014624806277  0.00356619557646184  0.00380946882166407  0.00406773971041853
  0.00435027552529047  0.00468258155765982  0.00498432411390266  0.00524245445988944
  0.00550167665092746  0.00578703014488344  0.00611175513508740  0.00644619255094071
  0.00677362359713141  0.00704769671662537  0.00728255530606657  0.00751083489933355
  0.00775258484510317  0.00804109795390205  0.00842714604278804  0.00881214311012735
  0.00923003753237043  0.00963952408477820  0.01008910971267898  0.01052169252357343
  0.01095569137724832  0.01140099406455837  0.01185800462639753  0.01244810291553175
  0.01326792219681746  0.01457888699302081  0.01634011395463350  0.01803948425290341
  0.01953051425709680  0.02070988805845938  0.02208405291318553  0.02389574180111007
  0.02519660246636279  0.02573958420772956  0.02662889866982240  0.02781930528969037
  0.02865064921794247  0.02939066484944461  0.03012054965258176  1.00000000000000000
 -0.00241076566478706  0.00904329609731026  0.02009419121769872  0.02997603305644207
  0.04014297130157097  0.05033483002574159  0.06083747687358364  0.07101869127094151
  0.08104381677279923  0.09106217332461983  0.10147346901317258  0.11261309816170313
  0.12382137463919966  0.13518847210596369  0.14604899152158815  0.15651247458851902
  0.16634157888621953  0.17615038670041783  0.18612313657651544  0.19637004423749715
  0.20700420897762956  0.21771555106046828  0.22802603179753478  0.23847070089043407
  0.24883395146650084  0.25893761797101156  0.26828433335934165  0.27672275906214561
  0.28516432194349628  0.29480941157055762  0.30564123276037819  0.31702825046837163
  0.32722150722969862  0.33671461864937330  0.34673827230428611  0.35818956331181517
  0.36977064196626414  0.38187308187479208  0.39335420850650593  0.40411512543807393
  0.41453698496821578  0.42500818358692993  0.43537451297108232  0.44631415637490790
  0.45674649052356658  0.46606713812147393  0.47529854846627001  0.48551620893487352
  0.49627542618351317  0.50705479886126725  0.51702651532063626  0.52698731787210884
  0.53708004189584990  0.54753580177292882  0.55813411991076090  0.56855652871996554
  0.57874271715394687  0.58842517660330695  0.59791052986672988  0.60772987457813754
  0.61844405380321366  0.62964633624990052  0.64017365126503678  0.64969897327278625
  0.65849945062754445  0.66821339192617457  0.67921671867734146  0.69085670292381607
  0.70212372745704787  0.71287866828909485  0.72361390574574680  0.73493820538444432
  0.74660604302116296  0.75786702784767424  0.76859306834980645  0.77971653996394574
  0.79219960148292801  0.80529162765468509  0.81704652935937683  0.82721526064573170
  0.83689357469871495  0.84672996559494396  0.85783661832823521  0.86889719619123029
  0.88012456999974853  0.89114919930568282  0.90208640205628865  0.91237374137062155
  0.92264495821542902  0.93297958682818249  0.94502904491564244  0.95674680788427735
  0.96753035115880948  0.97812264832405837  0.98800488982296786  1.00000000000000000
 -0.00002997912542774  0.00009768456244222  0.00068095924655230  0.00113395598016956
  0.00143952171756442  0.00169788602492341  0.00193309237215227  0.00215809818917693
  0.00237582097924623  0.00258884083856288  0.00279531147215712  0.00299351779363611
  0.00318874080421088  0.00338919819743392  0.00359010495810128  0.00378915610400698
  0.00398814317009885  0.00419410786606764  0.00440562556544439  0.00461886795325227
  0.00483282186804428  0.00504343764655302  0.00524428286217210  0.00546191978662075
  0.00566312266089245  0.00588517895190799  0.00611728985434160  0.00634194821576727
  0.00658749341255827  0.00685809241376681  0.00711752945993707  0.00736310651550610
  0.00761590084117447  0.00792132007932209  0.00825848092782992  0.00862462215596579
  0.00898359520747308  0.00929924364033358  0.00958609442317578  0.00986319427003798
  0.01016184608311293  0.01046477126265468  0.01077876418618785  0.01110756924327832
  0.01140964937174885  0.01170430915135070  0.01202085776273529  0.01236548908148249
  0.01268170273937137  0.01304366133414436  0.01339790339519821  0.01376746560914220
  0.01415803886322982  0.01457797431867030  0.01503494597362977  0.01547631836839693
  0.01585314102836971  0.01615131445002773  0.01640734018266931  0.01671150145256934
  0.01701617139649969  0.01735785486847568  0.01775994099808985  0.01815497534963286
  0.01849277222382379  0.01891613886255534  0.01940340999626840  0.01995562889723911
  0.02071939076298201  0.02155140617286142  0.02229003964537963  0.02292864955445674
  0.02363055534546898  0.02444428266104004  0.02517584325716733  0.02552578149637190
  0.02575979192281172  0.02604280847692208  0.02653357345523630  0.02718312692750684
  0.02799518392355278  0.02859587889651806  0.02926891973430725  0.03026555622957328
  0.03178815426250147  0.03340233089306421  0.03513182513714985  0.03672720184060263
  0.03827332033752990  0.04035863926100466  0.04378636811714410  0.04898663893431743
  0.06020574812130864  0.16073891660545891  0.68419055176005350  1.00000000000000000
 -0.00160119240982039  0.00654253248557341  0.01441491562765626  0.02203490141277379
  0.02894265573363184  0.03610696543452704  0.04318024170280423  0.05068915962280832
  0.05792778287727274  0.06493925903145172  0.07212713009142577  0.07943185879031225
  0.08658899694892527  0.09372562699122627  0.10090072144409101  0.10866833744171581
  0.11683706045197666  0.12500484413533047  0.13289923752579222  0.14027406320584201
  0.14784528519367351  0.15587103216198356  0.16411120724873421  0.17221956179905271
  0.18009756738442514  0.18829584462111645  0.19619273531049652  0.20399266126146073
  0.21199134370644407  0.22009057940093898  0.22813337736349243  0.23658666444483653
  0.24533625548064647  0.25428368830523951  0.26379841238074353  0.27375985348928750
  0.28464509684475731  0.29643014058542760  0.30908361142966906  0.32273699859419958
  0.33722801373191469  0.35261082655221282  0.36919848455747190  0.38671709060139259
  0.40391814547890853  0.42099768960864042  0.43988368254513122  0.45995185771743746
  0.47892628936635334  0.49647059305410679  0.51348930808402860  0.53088048531135235
  0.54982940829784399  0.57033208991290152  0.59095879302259213  0.61026980147659204
  0.62801241181003364  0.64564701991215678  0.66181495947450386  0.67736378350228099
  0.69206248276387028  0.70605481012586990  0.71896898028599998  0.73091536654578804
  0.74205993229078604  0.75262120390261877  0.76266369592595507  0.77219980732253912
  0.78154547258257023  0.79052629659770191  0.79926428639002522  0.80784003181946307
  0.81609036306846228  0.82422891352811944  0.83197050282761664  0.83986054440645308
  0.84743968816608028  0.85504546355396627  0.86302317560100117  0.87118722880785848
  0.87955355480538544  0.88824857062957530  0.89669960665677118  0.90517481494256791
  0.91310208417042249  0.92092583796966376  0.92827565672976575  0.93597025541756551
  0.94352400029160577  0.95146667622023440  0.95902765098744269  0.96653454344741474
  0.97463298912197738  0.98288255230247179  0.99186828394343951  1.00000000000000000
  0.01009543656879947  0.46077769102874477  0.61437665516332296  0.71592244955356266
  0.77982725003524200  0.82260583426676503  0.85324322345863035  0.87661319492919387
  0.89466066571664926  0.90905410682211862  0.92078005051371414  0.93010000383486369
  0.93799451434931247  0.94459578697231217  0.95020007027702880  0.95517556481047450
  0.95935169941182563  0.96306967165478397  0.96645859380498411  0.96942671451447182
  0.97205925847757491  0.97446925643637483  0.97660819731282567  0.97849033675019936
  0.98018024931484915  0.98168520760895461  0.98306953472293002  0.98436293097786787
  0.98554906194924774  0.98664196907007962  0.98761955684124503  0.98852378501897398
  0.98935170120082905  0.99012948915580012  0.99085249448664403  0.99152358631281412
  0.99214769391529023  0.99272686066056737  0.99326912844056636  0.99377192810073389
  0.99424049554714466  0.99467999870525092  0.99509089725352284  0.99547525521656310
  0.99583001449330555  0.99615674789343178  0.99646273738489821  0.99675511129551286
  0.99703393490167935  0.99729067689047657  0.99752215191056215  0.99773823633465553
  0.99794468195673602  0.99814015702280645  0.99832291032542142  0.99849437739327418
  0.99865522407254836  0.99880191371210736  0.99893419123550975  0.99904839503308829
  0.99913567425676642  0.99919773712116633  0.99924325117623281  0.99927517140305089
  0.99929975957386064  0.99932256657905461  0.99934389868033036  0.99936412531110008
  0.99938333640262589  0.99940246584856851  0.99942073716326019  0.99943801746715177
  0.99945444051687715  0.99947016352011986  0.99948564487848113  0.99950115306784626
  0.99951677777584391  0.99953248221360691  0.99954845771457113  0.99956479089924710
  0.99958113035274998  0.99959741908693378  0.99961376586866191  0.99963040709047890
  0.99964731151172748  0.99966401539870986  0.99968127050463051  0.99969968243866347
  0.99971948954757728  0.99974072283738769  0.99976410799135640  0.99978992335892880
  0.99981873234346219  0.99985307450673166  0.99990639951782634  1.00000000000000000
 -0.01950494947119891  0.08087520567237987  0.09894572234027231  0.10976934703062714
  0.11876346268313599  0.12506699659139556  0.13037721845555619  0.13766305709922605
  0.14466333621399355  0.15125098742521378  0.15724677508794432  0.16277876865233645
  0.16757770975698658  0.17154737905039460  0.17507294755710445  0.17884144178615297
  0.18284868632889342  0.18673676337661302  0.19005701864491673  0.19360786931626348
  0.19712946280554830  0.20023451889517135  0.20312658158980282  0.20608204122202148
  0.20939390975311992  0.21305876603392707  0.21662926902981894  0.22000198801908474
  0.22322509401272519  0.22634539516324267  0.22946772034558166  0.23258759977411642
  0.23568736283043154  0.23881481416046138  0.24158820934141403  0.24420408062951313
  0.24710736738692735  0.25057187720353136  0.25463961261736523  0.25905353255105878
  0.26344280070304837  0.26801958073801058  0.27247480176292627  0.27686546001035228
  0.28149965680131883  0.28624757164368414  0.29127732198252226  0.29607241686966246
  0.30087698412749164  0.30608862174380214  0.31176142407712970  0.31786185596265443
  0.32431795813800690  0.33082782965658047  0.33715784367700413  0.34345667490635157
  0.34981119728063964  0.35646667187319031  0.36306913764855003  0.36979868912166997
  0.37672650003951974  0.38381007221236452  0.39104994083314654  0.39868251043445074
  0.40654155621017213  0.41446532445212159  0.42246633065060446  0.43061002107359903
  0.43900098873547083  0.44774402309403288  0.45681864104818698  0.46613023268831971
  0.47566281722649534  0.48536466597709582  0.49512666687056461  0.50496643625945936
  0.51466828172705303  0.52456791111529899  0.53492433302661468  0.54561367965962226
  0.55654587106785702  0.56773670681744071  0.57916988546732950  0.59074487687336619
  0.60261983294806087  0.61476042334544856  0.62769206143652745  0.64129006707182346
  0.65557855948427424  0.67171741338253033  0.68988527217275364  0.71049784034890484
  0.73465676907644617  0.76491545244124193  0.81081648970591946  1.00000000000000000
   1.9312718254193779E-009  -1.0000000000000000     
 F F F F F F F F F F F F F F F F F F F F F F F F F F F F F F F F F F F F F F F F F F F F F F F F F F F F F F F F F F F F F F F F
  <DiscreteSampler_grid>
  grouped_processes
  1 # 1 for a reference and 2 for a running grid.
  10 # Attribute 'min_bin_probing_points' of the grid.
  1 # Attribute 'grid_mode' of the grid. 1=='default',2=='initialization'
  0.0000000000000000 # Attribute 'small_contrib_threshold' of the grid.
  0.5000000000000000 # Attribute 'damping_power' of the grid.
 # binID   n_entries weight   weight_sqr   abs_weight
    19   10   6.364963523675048E-001   1.379772438703608E+000   6.364963523675048E-001
    20   10   6.364963523675048E-001   1.379772438703608E+000   6.364963523675048E-001
    40   10   6.335123452796513E-001   1.368159945296620E+000   6.335123452796513E-001
    41   10   6.335123452796514E-001   1.368159945296621E+000   6.335123452796514E-001
  </DiscreteSampler_grid>
