 -0.00519519095569095  0.01244121502876318  0.02733240292985790  0.03980551576864626
  0.05037864984370032  0.06137544693033678  0.07390024498225482  0.08705809760693281
  0.09964513807750117  0.11055967511346322  0.12045523718734553  0.13010206453216941
  0.14057164857890586  0.15108904949798163  0.15955796072448786  0.16844988040772840
  0.17720181456964859  0.18568213545735252  0.19487542660353230  0.20461950233927026
  0.21475140853536620  0.22359061634446575  0.23177227192464681  0.23960151387416825
  0.24801438763663383  0.25619781256130741  0.26441781606927106  0.27574161546228104
  0.29134627556684789  0.30312643135161138  0.31494716290235442  0.32735460282759027
  0.33967577479145872  0.35028160029465588  0.36088311436979498  0.37122621178563825
  0.38091386071347977  0.39200201170664073  0.40504811038003419  0.41800498994281526
  0.43078790389797372  0.44041727052707202  0.44771302208415642  0.45474860268108669
  0.46314061921356914  0.47343397638467360  0.48394498183838430  0.49466729081948546
  0.50757593646698385  0.52185109735505353  0.53189364400977490  0.54174934709394618
  0.55081525842805046  0.55862958209049296  0.56533551636090118  0.57197618150170881
  0.57944996369426083  0.59170074180172261  0.60710828961830676  0.61874102982424228
  0.62885899636036480  0.63938592764987046  0.65133277726499172  0.66431125313071437
  0.67755530470944236  0.69046213312420768  0.70209590511896280  0.71363710126061008
  0.72606702073019769  0.74004061947917343  0.75315511436604465  0.76457842081408867
  0.77537158691505215  0.78739863008702149  0.79782434339921093  0.80691355241063423
  0.81488365773611726  0.82237712211685388  0.82941585998394174  0.83718647208711383
  0.84599389428359628  0.85570280478407257  0.86599228219773428  0.87687570208772303
  0.88982507089877338  0.90291240789755833  0.91527282425489698  0.92747978877952941
  0.93932434182107305  0.95019656083505011  0.95903412330435855  0.96571385220982187
  0.97185683020777602  0.97893514810644466  0.98800386125620820  1.00000000000000000
  0.00048340501583148  0.00312683442905325  0.00600045622956654  0.00775363821351790
  0.00868687583648480  0.00935691435604182  0.00991872648441682  0.01044105503135008
  0.01095992586065235  0.01149558463105496  0.01203511471209782  0.01261489614593376
  0.01315933397625740  0.01373715998450553  0.01426349984855118  0.01479883407400688
  0.01531607358889848  0.01579576559437220  0.01628653683085818  0.01679857666146936
  0.01733523481355514  0.01792117803482319  0.01855696046685222  0.01922567127463599
  0.01993191573460364  0.02056335128225125  0.02119745696705153  0.02184070134740704
  0.02255997909428414  0.02331642079867245  0.02412412579918590  0.02502155966860898
  0.02587625865552932  0.02666825439176844  0.02750917893771257  0.02841639871856869
  0.02937095614165674  0.03042121824701777  0.03137459391049415  0.03233441926235455
  0.03323037528224845  0.03421897722740776  0.03528816637926329  0.03625331581440334
  0.03715643169405702  0.03808977817929197  0.03909307219322430  0.04001340462290316
  0.04079627794788832  0.04152488627969594  0.04223796944893481  0.04304359178833136
  0.04397071130840616  0.04492666553193139  0.04577665479557105  0.04660687894517980
  0.04742535110482793  0.04835447020206783  0.04922160156144515  0.05006723077229764
  0.05102891256134161  0.05199023405705427  0.05296527692533726  0.05393796187997562
  0.05492315045106131  0.05581574049767189  0.05674968333315760  0.05784814521016237
  0.05934272841973373  0.06082403109099010  0.06211240221819588  0.06337057922451317
  0.06476592175864816  0.06621982759991811  0.06744304106335995  0.06863954692972504
  0.07075593633078121  0.07381427277465898  0.07729396533029437  0.08107462996617869
  0.08488020962300892  0.08933947395771138  0.09400642755795913  0.09863558625934657
  0.10367102895018668  0.10934109303964837  0.11648795771761207  0.12361640844007178
  0.12998865198093670  0.13731709487319577  0.14677733062724810  0.15819108623205760
  0.18549744998242423  0.22810564665381713  0.89057245648802164  1.00000000000000000
 -0.00000127960731057  0.00012681899268357  0.00035197533206590  0.00062616410927299
  0.00096330917129263  0.00130951324879384  0.00165706226573482  0.00201231131236734
  0.00239934545809407  0.00285902278368455  0.00334294854269618  0.00382781214228767
  0.00434680953478906  0.00487221912835843  0.00543803439701006  0.00600782082181811
  0.00656056786582535  0.00713648034962255  0.00773744359318616  0.00832117679264238
  0.00884843960536192  0.00937245958184050  0.00994781856992248  0.01058323411316903
  0.01123840230812897  0.01197331341671282  0.01272880709220420  0.01352666030333286
  0.01439941896771509  0.01518703041441470  0.01600239639087380  0.01689701535076961
  0.01784801312508106  0.01898672206681314  0.02025550280285021  0.02133135517813895
  0.02226850563901166  0.02306748414422941  0.02382619666253225  0.02461642200932172
  0.02543914910270632  0.02632544435852145  0.02720519747486494  0.02818416182036076
  0.02908848400057800  0.02997989242057295  0.03092724614514616  0.03196106689842065
  0.03298343593797640  0.03402514947863745  0.03494024765925176  0.03596898166151966
  0.03727761207489953  0.03841814183045897  0.03966957372239358  0.04079498508941541
  0.04239469271070508  0.04403070561352049  0.04694058457060183  0.05088424583929606
  0.05494796787468859  0.05798243464351301  0.05990332115877346  0.06159058590456871
  0.06323132816637662  0.06485987693309768  0.06644057944632752  0.06779394463529835
  0.06889019045558180  0.06985648664940633  0.07086605028992511  0.07189180063304833
  0.07305726312171458  0.07511706049433553  0.07834814997741377  0.08130303954023645
  0.08390254521591078  0.08655771315333415  0.08982178483933934  0.09523082574620582
  0.10052286680758410  0.10310629568470578  0.10568972456182747  0.10827315343894917
  0.11121494164709628  0.11520390282002368  0.11919286399295108  0.12318182516587849
  0.12858803289431373  0.13584038325995312  0.14309273362559252  0.15034508399123192
  0.16519327149698892  0.19107686246542666  0.21435036717255623  1.00000000000000000
 -0.00010032859993639  0.00803482506515403  0.01588505089933258  0.02329260863431663
  0.03086295383795977  0.03871523762890917  0.04705446253389944  0.05546028385299391
  0.06590412911818189  0.08272314822283119  0.10113462759568698  0.11692950767482214
  0.13184207296929504  0.14661362132830719  0.16112020636854926  0.17465312253914334
  0.18775184451478327  0.20096961000888527  0.21538264418380920  0.22835323411518701
  0.23994750684965194  0.25022859156298660  0.26147190411752635  0.27114630923877925
  0.27982137328055606  0.28829471527105227  0.29727602143289683  0.30618967305245087
  0.31497988161793777  0.32315853307752013  0.33146465263788966  0.34257715904570735
  0.35351524162672915  0.36323958305916443  0.37265129327214375  0.38168155397159798
  0.39074934587079257  0.40068710476731034  0.41089964609628365  0.42125803305739140
  0.43288554581640087  0.44286604052408168  0.45100752060659138  0.45762441690517330
  0.46460864545244773  0.47261845628776827  0.48395558085883766  0.49708576518990039
  0.50968500581971810  0.52061496701742294  0.52927820848710549  0.53734137200466647
  0.54646450807813596  0.55641667786515736  0.56549345751418589  0.57192884013046463
  0.57806037035629176  0.58556357552740501  0.59466100123714438  0.60371849323291493
  0.61117270077001495  0.61790007827923399  0.62549647661841323  0.63683442678362312
  0.64859058403564851  0.65847478751829669  0.66875764345580935  0.67945459944590925
  0.69087544687649016  0.70234501165096275  0.71359813012728723  0.72451081704876852
  0.73617239386638578  0.74821161095421940  0.75884444030950937  0.76846264479836590
  0.77919281906529037  0.79074958330675071  0.80430956807254572  0.81710806665533353
  0.83031796856114826  0.84265294139303137  0.85549496133989156  0.86894862717229415
  0.88266097428820445  0.89696585006856655  0.90575794505165041  0.91467105807928406
  0.92372218649127624  0.93334509837596991  0.94453575073641027  0.95630763459659396
  0.96746940330031905  0.97826402562280745  0.98957339729758897  1.00000000000000000
 -0.00236276308776242  0.00907352643631466  0.01973422542956288  0.03094192849623305
  0.04341176743630301  0.05768997201092922  0.07241714968837822  0.08732113883030877
  0.10067484440931504  0.11144801195405024  0.12186920063876588  0.13197805216104166
  0.14218111495657410  0.15289812271648515  0.16417307059780323  0.17678406613409076
  0.18993593949212154  0.20231732350945439  0.21361116846037587  0.22336845806043951
  0.23541462303192831  0.24916368440358488  0.26175846185196311  0.27438446975241076
  0.28841151178208374  0.30346410978810906  0.31840926873973402  0.33200454638812371
  0.34461748018281424  0.35734218894272962  0.36999919532121728  0.38248267112617629
  0.39471094592028688  0.40586453491373187  0.41568901749923876  0.42494479566405141
  0.43570862921483361  0.44770337760514073  0.45882310110020535  0.46927247277665834
  0.47960605958970992  0.49150066392300068  0.50404746626020758  0.51700030827501275
  0.53087656551494677  0.54383364952564328  0.55734088532089787  0.57135071019915618
  0.58649140312089132  0.60121430717052260  0.61488596209490753  0.62630533485035345
  0.63795472468766212  0.64825027784078992  0.65810632258624235  0.66756616125264001
  0.67736209814129533  0.68594897281176481  0.69422330625214623  0.70283739717327476
  0.71208777149909308  0.72346717256479753  0.73554993587532147  0.74571557620896434
  0.75411525780529343  0.76182391323162113  0.76889270450789315  0.77527358667771495
  0.78121580387065892  0.78797014946228261  0.79538238777356363  0.80197990101992656
  0.80832601067840504  0.81455582428398732  0.82011078417429295  0.82785455808553354
  0.83566357027228022  0.84424864033813829  0.85286873285284803  0.86278054590793074
  0.87293932311977551  0.88260994777202673  0.89152122047430238  0.90060453416277930
  0.91141802065393129  0.92069598527207552  0.92791729480646568  0.93455091289109338
  0.94062803710198728  0.94691788298184376  0.95257161544395730  0.95872826193186889
  0.96503820848514743  0.97245603259132662  0.98152684758742159  1.00000000000000000
 -0.00481724482609106  0.02958807003417071  0.06061190145441271  0.08727227106622661
  0.10777641465892651  0.12666487499559700  0.14108641343947209  0.15384950877956416
  0.16588539865294744  0.17939605108548548  0.19323362944654668  0.20719150530310890
  0.22112356795042631  0.23271298392885140  0.24498081781989028  0.25797405201235624
  0.27107258405871071  0.28631418463124264  0.29686596048178182  0.30601476974675440
  0.31632525176526305  0.32711904883331794  0.33721283305087513  0.34607907226102153
  0.35433784937005830  0.36509322918161408  0.37684965075720844  0.38887804555480848
  0.40156854425263827  0.41516955260502453  0.42806230066228923  0.44022833259527250
  0.45262875355943755  0.46571195930249421  0.47998690907356201  0.49365040391000464
  0.50825243706424172  0.51991763886857278  0.52842144309464267  0.53563677908351015
  0.54276272655772972  0.54895147104117792  0.55492752163053150  0.56004643856206482
  0.56612118008726164  0.57317761676400314  0.58124752092124754  0.58978201627970395
  0.59818967181408222  0.60587066447337101  0.61361508590278824  0.62192423551946741
  0.63140601771091176  0.64174752757121034  0.64994208162788292  0.65780754677984332
  0.66568791199134725  0.67261201847271523  0.68066094239013430  0.69039239269660468
  0.69889133753310995  0.70571043336323946  0.71140160421027498  0.71619711018658294
  0.72113907776098085  0.72656243414206922  0.73286090785766289  0.73932978102984082
  0.74615034037513184  0.75323534657103941  0.76100002891774532  0.76844945987864988
  0.77727006006134713  0.78631337820892067  0.79533827657250344  0.80451327685315444
  0.81581276976694694  0.82741277317080131  0.83794727933030533  0.84776986151401545
  0.85630771947969275  0.86510379386164438  0.87490013493180196  0.88592823365440265
  0.89773296988361551  0.90953742356880984  0.92218332530390112  0.93411675862852417
  0.94243760486460459  0.94863886535087938  0.95638575996764030  0.96576948924409312
  0.97655224115969097  0.98442646397929345  0.99121938003160559  1.00000000000000000
 -0.00384679309682393  0.01018250530317985  0.02137281093671495  0.03116914367836384
  0.04138952929943200  0.05139233058173178  0.06221050259292935  0.07373378830160197
  0.08794343660051313  0.10189098209441590  0.11268300139440422  0.12280920276833938
  0.13452846849440142  0.14777122931882894  0.16119395062729591  0.17285813072834294
  0.18371117266295819  0.19234432504839530  0.20049821087928635  0.20820414883616661
  0.21556342344964022  0.22354690077298883  0.23372653197989618  0.24437255922116788
  0.25269917493970501  0.26136540807524217  0.27088044306064696  0.28339444294641153
  0.29714456066809525  0.31087513562360986  0.32504768417735180  0.33744398626140382
  0.34927942608039791  0.36141889789875786  0.37201043023104430  0.38116328514668585
  0.39014989063181327  0.39922278633871927  0.40821374837990154  0.41683594315660011
  0.42479689321161468  0.43258345528718839  0.44313737458006447  0.45560773965445645
  0.46691865620485912  0.47858588541083763  0.48873828456774565  0.49764195214661183
  0.50527417612286807  0.51133818349583537  0.51930376597349548  0.52752923490051851
  0.53555270207922323  0.54323338870007831  0.55062301819590875  0.55854043227133054
  0.56730439515365716  0.57547589546777567  0.58274275163587252  0.58883553025780266
  0.59582218945061405  0.60334817529514206  0.61133514871038441  0.61950377330779427
  0.62926053415794381  0.63696068336724043  0.64453665112226932  0.65356119974107718
  0.66487922499484098  0.67915555726141263  0.69524696060294733  0.71113083439396318
  0.72525942201874927  0.73739777587690325  0.74996328258690437  0.76332866728426063
  0.77688967421704180  0.78942007434440598  0.80053435936396833  0.81148297200910946
  0.82177600497157377  0.83194593831646224  0.84222999413867039  0.85282098128736439
  0.86438058775310345  0.87379448548190586  0.88277734188402512  0.89177561550709750
  0.90146861833286562  0.91421536700042327  0.92620163054508231  0.93955272661047839
  0.95606084069614972  0.97147631294042902  0.98506560443082403  1.00000000000000000
 -0.00186111145359356  0.00997409847402636  0.01922294240960440  0.02859035494171989
  0.03948898094382756  0.05037745106149834  0.05974493317238641  0.06898966116258252
  0.07841606447276341  0.08778552154673716  0.09628307084514684  0.10538574579805146
  0.11366261592109876  0.12215244505384955  0.13202923679798634  0.14093184833900216
  0.15108114566476069  0.16008844338321754  0.17083076249593226  0.18284585779379253
  0.19763592963892307  0.21176152331606599  0.22394123193688747  0.23453804736688275
  0.24488316448873021  0.25657111460094806  0.26670217181775685  0.27743451796446966
  0.28721677975496546  0.29801535030984866  0.30928860631368771  0.32040452310236278
  0.33091589329796095  0.34135127163086215  0.35219938331318124  0.36271674657959319
  0.37335654872048973  0.38432697196937654  0.39698322678614406  0.41028693548301814
  0.42321169438617540  0.43438225756828464  0.44559195707618904  0.45516904964005783
  0.46713481641547339  0.47962171139753629  0.49360191967284273  0.50901405222556573
  0.52237446129725396  0.53255814969501780  0.54208488299586233  0.55157620111194827
  0.56116350277727811  0.56878321692049372  0.57679502804870120  0.58636539524224762
  0.59619874118917016  0.60505011429782241  0.61223302744440744  0.61922466937561482
  0.62730442471780434  0.63717398869722786  0.64610923017129940  0.65276559562850645
  0.65906425298779914  0.66547663659169409  0.67125673449772294  0.67699227627922687
  0.68337622912917617  0.69097914902352475  0.69896907101364658  0.70699989671267272
  0.71614387106762589  0.72761076009343084  0.73930410940367075  0.75257141292009588
  0.76615523681368014  0.78016274794643992  0.79652818942103221  0.81375088900769821
  0.82944458239649566  0.84201379576305058  0.85209036771203961  0.86308698125244365
  0.87439968726506290  0.88741477726975515  0.89969366925800720  0.91080893526355622
  0.92169674059905649  0.93138981214506056  0.93994674290833746  0.94790659522275988
  0.95685810387168946  0.96899029729409814  0.98400000800168519  1.00000000000000000
 -0.01775598524674279  0.26891277396102703  0.48334094343816381  0.55675612169193600
  0.59863733421349929  0.63422020779393717  0.66292463721810146  0.68741445689425651
  0.70441674515409103  0.71980884003185819  0.73377932142245350  0.74876565737361844
  0.76158856500036898  0.77222397341051141  0.78152383720453478  0.78841281506599514
  0.79398501876673344  0.79935247239100871  0.80440722622604099  0.80995505432287274
  0.81561327217102719  0.82110615440751111  0.82578512195976839  0.83011432188638323
  0.83450423219494840  0.83880399878816381  0.84307611989286202  0.84733804123208989
  0.85135089915824047  0.85415158487993814  0.85681993958445557  0.85934584636543498
  0.86168537180706906  0.86475315941612119  0.86766889551219006  0.87030849037361846
  0.87293949569424334  0.87547793970900478  0.87775464276952631  0.87988481168076749
  0.88206124355404836  0.88429677482314306  0.88655443228640929  0.88912563292886060
  0.89109394262311581  0.89284144795405673  0.89446750698498689  0.89598860966279359
  0.89749359836777365  0.89901753813228946  0.90065323178771650  0.90248628534319575
  0.90441093967864961  0.90632308491112412  0.90816308284413549  0.90989342320337019
  0.91167240061474242  0.91354752977657816  0.91537827978398278  0.91722721355682413
  0.91900233557159317  0.92068869778510221  0.92255028480225565  0.92434575062712754
  0.92608387517393220  0.92774277452622977  0.92937101075313577  0.93105285598522447
  0.93262037687346744  0.93422273562512903  0.93589570159253543  0.93760558368619717
  0.93930698173755856  0.94108134569570756  0.94300049988471202  0.94492241645670350
  0.94677532139963316  0.94856198259504043  0.95044030883198016  0.95230520863244827
  0.95423400579973494  0.95623545857656878  0.95818883623310547  0.96021593343153799
  0.96228693830897893  0.96431577307896266  0.96643393693138280  0.96866556836495743
  0.97100811482520544  0.97314203681091749  0.97522268462925188  0.97746030853165544
  0.98018540665991616  0.98419671563711764  0.98932086241139816  1.00000000000000000
 -0.00761988269196027  0.08737952443129095  0.11975942536459824  0.14418922203164683
  0.16562964890113574  0.18620248100104117  0.20343403762711845  0.21796788329122338
  0.22859226912834890  0.23827057563917908  0.24785411795237255  0.25780261804984317
  0.26757837374472415  0.27777322392291681  0.28736106590824395  0.29678832805097805
  0.30534702249312623  0.31378750643025666  0.32238793069178417  0.33033926398723507
  0.33827833306543947  0.34609997805170312  0.35351357528841265  0.36011087065849440
  0.36625721728310018  0.37185439734941705  0.37749350308319735  0.38371159316275266
  0.38989664917101974  0.39659032235218883  0.40437812177595550  0.41220696618583530
  0.41886869748668443  0.42563025188639997  0.43219135676625403  0.43865636631870070
  0.44721146864233219  0.45547784877117381  0.46071923544977916  0.46512548929642972
  0.46975536198796480  0.47447254318086413  0.47913395441179585  0.48342076054906963
  0.48734496854622683  0.49159757133236737  0.49612327193449751  0.50054973137563852
  0.50485695495472327  0.50918747595665526  0.51345402812942209  0.51751508918198552
  0.52134889210078261  0.52603602655001636  0.53155392149805081  0.53711064340989489
  0.54271110938925216  0.54851873720668898  0.55383740281951443  0.56011218703796029
  0.56729474560518389  0.57473017115826164  0.58185401197107445  0.58787040472551355
  0.59351405002505975  0.59966161925074635  0.60572234816133175  0.61087011182552164
  0.61586783118413824  0.62052030785862466  0.62492799025086188  0.62950137601312606
  0.63391800561697897  0.63833632223920400  0.64242561789039598  0.64715143509839912
  0.65498417683447985  0.66447395553964461  0.67380411628118364  0.68309306469923048
  0.69237400353952039  0.70345147544822073  0.71669831979044563  0.73033747859967535
  0.74216633013902189  0.75208306488491672  0.76166321417402449  0.77078562945987950
  0.78087793756971202  0.79353333995876973  0.80772991664743099  0.82384762534442257
  0.84080557331570627  0.86274753930363268  0.90217290603546985  1.00000000000000000
   2.8497784196514000E-012  -1.0000000000000000     
 F F F F F F F F F F F F F F F F F F F F F F F F F F F F F F F F F F F F F F F F F F F F F F F F F F F F F F F F F F F F F F F F F F F F F F F F F F F F F F F F F F F F F F F F F F F F F F F F F F F F F F F F F F F F F F F F F F F F F F F F F F F F F F F F
  <DiscreteSampler_grid>
  grouped_processes
  1 # 1 for a reference and 2 for a running grid.
  10 # Attribute 'min_bin_probing_points' of the grid.
  1 # Attribute 'grid_mode' of the grid. 1=='default',2=='initialization'
  0.0000000000000000 # Attribute 'small_contrib_threshold' of the grid.
  0.5000000000000000 # Attribute 'damping_power' of the grid.
 # binID   n_entries weight   weight_sqr   abs_weight
    94   10   1.455793947538304E-004   1.014723150080488E-007   1.455793947538304E-004
    95   10   1.455793947538303E-004   1.014723150080487E-007   1.455793947538303E-004
  </DiscreteSampler_grid>
