  0.00000045739495627  0.00000127180119029  0.00000235040501403  0.00000419113038450
  0.00000727353159437  0.00001249566768117  0.00002121822710896  0.00003620664643150
  0.00006077841188443  0.00009881442605196  0.00015390673079028  0.00022825593375751
  0.00031636265228554  0.00041695908349697  0.00052922435225999  0.00062801329888194
  0.00071860225819629  0.00080743527433231  0.00090429673342503  0.00100237158401073
  0.00109395000645568  0.00119022081987771  0.00127566734891662  0.00134990871495706
  0.00143507657563081  0.00153467520373793  0.00163840217840863  0.00173741663629563
  0.00183463818626515  0.00193223785743686  0.00203200685886361  0.00213091336016498
  0.00222059408753014  0.00229808325172596  0.00237215913621961  0.00244081357034095
  0.00250948148385773  0.00257917984432830  0.00264897268379174  0.00272006868153397
  0.00279373177473271  0.00286895765664891  0.00294644390941662  0.00302463941949046
  0.00309889280819952  0.00316869564605807  0.00323689850447007  0.00331712938323963
  0.00340043221815498  0.00347319820425012  0.00354626649185969  0.00362421518771083
  0.00370607754456981  0.00378110625635556  0.00386310976275763  0.00395232660577057
  0.00405180377893126  0.00416329941418583  0.00427490920059205  0.00438245974619562
  0.00448749790055450  0.00459240811688279  0.00470356381701413  0.00482200699237032
  0.00493723328815357  0.00502192471874303  0.00509206517222844  0.00517082928764497
  0.00524114521381798  0.00530685030527491  0.00537440001079651  0.00544333277540376
  0.00550860160566425  0.00557019950214659  0.00563874323209638  0.00571322418736321
  0.00578053223984377  0.00584485598239303  0.00591348708951361  0.00598704344346852
  0.00604484081745188  0.00612534188635969  0.00623158905780875  0.00634849775339943
  0.00647648928568207  0.00662129269435801  0.00677779375009648  0.00696184398729446
  0.00719011597447389  0.00740267490185822  0.00787643927932832  0.00886949019934591
  0.01057091723214097  0.01469247189839053  0.05859054243227402  1.00000000000000000
 -0.00000803943402662  0.00004598981952864  0.00009693011028159  0.00014200702611944
  0.00018066710363786  0.00021878663760269  0.00025742506359432  0.00029482205883202
  0.00033267634673828  0.00037001976776092  0.00040292966464033  0.00043528289597261
  0.00046971062849845  0.00050876891994490  0.00055154117102120  0.00058630561951524
  0.00061143966979758  0.00064098660905183  0.00067209243757698  0.00070240164472967
  0.00075022262443086  0.00080287107088469  0.00085494037805724  0.00090780960187752
  0.00095874382332671  0.00101189048328947  0.00106950365593912  0.00113455634564169
  0.00120402922518852  0.00127391457680033  0.00134439675431852  0.00141738902129222
  0.00148759302786692  0.00155679901220705  0.00162823214260246  0.00170046410673858
  0.00177606018921383  0.00185423306538501  0.00193644290834205  0.00202645774638062
  0.00212130274010151  0.00221651668408943  0.00230826517517621  0.00240140012282149
  0.00250145910496282  0.00260243506550626  0.00270171720687459  0.00280511209635435
  0.00291443660605042  0.00303217402701444  0.00316446441087205  0.00331498594524675
  0.00348565349596337  0.00366538364447006  0.00383498172078199  0.00400562573477418
  0.00417793740506025  0.00437382174280130  0.00457232552733242  0.00480239909307641
  0.00507053072312642  0.00538609386269777  0.00573909361515659  0.00609268206575846
  0.00645174132388677  0.00685158251851019  0.00727494946798895  0.00772615213836776
  0.00819457800935355  0.00866045334717157  0.00907884581418692  0.00946424002957661
  0.00985479785476809  0.01022740352627793  0.01063785731205471  0.01110020431237828
  0.01162785179041042  0.01219186107593937  0.01265832924871644  0.01313547881222891
  0.01393517440133457  0.01467911281785043  0.01531331195845154  0.01588567975355265
  0.01656090697118548  0.01729848020500761  0.01797970103329898  0.01861471001912844
  0.01917956506418486  0.01995938209563323  0.02083737881774927  0.02181575727994569
  0.02304710351778727  0.02474264131473387  0.02747468003292065  1.00000000000000000
 -0.00238800601442213  0.00945791732341771  0.01985672723559949  0.02797737872506162
  0.03645637156394989  0.04539779819081111  0.05450081580673841  0.06447979448774355
  0.07462697213186539  0.08436947044746579  0.09397669966222348  0.10409148862872485
  0.11517028031194293  0.12654631458779858  0.13757694246192964  0.14772245064061279
  0.15740464170716559  0.16714733528974859  0.17745981621370419  0.18817963984757710
  0.19892997545517291  0.21027051429248056  0.22086597104338920  0.23180776442105230
  0.24213845243281551  0.25316159020413898  0.26390017036459595  0.27340917187906277
  0.28254933726221898  0.29179007091370868  0.30102060695568694  0.31063478152697788
  0.32133266133039479  0.33244785116354408  0.34337207695116528  0.35456767142531304
  0.36581447478716467  0.37647656157324944  0.38716438585700991  0.39773309509364274
  0.40845513006428469  0.41886820488504678  0.42955537644166808  0.44070928941608661
  0.45244707305787968  0.46393945228173245  0.47545039485262353  0.48697872017919325
  0.49856676244074122  0.50966738296491521  0.52056791092149390  0.53195881227643571
  0.54360298189125267  0.55494548371378116  0.56295516701299642  0.57046379110292100
  0.57803500435401511  0.58583003510620368  0.59610575908180208  0.60779519560319051
  0.61793722602646817  0.62876189006173588  0.64001625329976397  0.65170120977246881
  0.66275133547763954  0.67340356195095052  0.68355400146546208  0.69335321458139720
  0.70330463338526195  0.71309316229060626  0.72335803601408111  0.73430850536297831
  0.74537486711606604  0.75651730428429798  0.76746303867459886  0.77778600491890038
  0.78797505021777403  0.79850778535125411  0.80947280543995759  0.82106760127244238
  0.83268198434490859  0.84391387305445908  0.85493415727270028  0.86607809849049933
  0.87703391779741446  0.88735434544903347  0.89764522420108006  0.90814729091953339
  0.91910194994033112  0.93068155716585921  0.94247742359901987  0.95403641476049528
  0.96542324600562668  0.97660728855182144  0.98795278182585189  1.00000000000000000
 -0.00007631180393376  0.00025631588380537  0.00065170122245188  0.00095579031962040
  0.00119023310507960  0.00138561943147604  0.00155687751842039  0.00171882510715894
  0.00187819568054953  0.00203584287240948  0.00218770421360867  0.00232764783495499
  0.00246160496247043  0.00260080403842491  0.00274927701220672  0.00289907446678207
  0.00305445837648116  0.00321766069495921  0.00339042536591207  0.00359591694961428
  0.00381790664913257  0.00405152509792331  0.00429249186358258  0.00455634823789554
  0.00483370065874045  0.00510818727572272  0.00539009975589837  0.00567789232049657
  0.00596732712582882  0.00626242452046479  0.00656578132155342  0.00689268783437854
  0.00725309490334368  0.00760462627424436  0.00793371967009598  0.00828159561055027
  0.00863362016778483  0.00898395802270523  0.00931414662407213  0.00964182863672499
  0.00998863233652254  0.01037102214414804  0.01077323667389530  0.01112327747032794
  0.01144930317349893  0.01177313212175750  0.01208153315313690  0.01239425669369826
  0.01270830833767218  0.01306168106937286  0.01347414134508079  0.01390976105612419
  0.01436790837395278  0.01486742935914039  0.01538791858745053  0.01583568405415066
  0.01625526451179793  0.01662566507764541  0.01704751006945785  0.01749724099729738
  0.01795834542793617  0.01842272249939154  0.01885580455254176  0.01932329368635164
  0.01989615466181305  0.02051727471796410  0.02115380491332401  0.02181749403424841
  0.02246883590397293  0.02301331794594070  0.02348344217207805  0.02396596244483926
  0.02453459519088730  0.02532492243403330  0.02636171552808107  0.02747895404291264
  0.02870134234358526  0.02991321075440716  0.03105017752963529  0.03187506034695890
  0.03243575079542920  0.03327568093009380  0.03405482502423993  0.03472612142171581
  0.03550632703198207  0.03624756454426136  0.03722489562021408  0.03835460834298717
  0.03949968618616653  0.04116009860664608  0.04315682320385849  0.04600291014018755
  0.05113777132960709  0.05707805456748127  0.44300160940427752  1.00000000000000000
 -0.00216354265599266  0.00785920790034431  0.01718995203595467  0.02668561450503912
  0.03581580002119584  0.04456979135624004  0.05296432528256149  0.06118085474507533
  0.06930507159493760  0.07711641500453713  0.08422190333150383  0.09089285228557162
  0.09768451605663601  0.10483570957380355  0.11233543129256990  0.12034033886505037
  0.12769403664775994  0.13329081343235513  0.13964887459760122  0.14645923542552061
  0.15317483905832049  0.15969653207993098  0.16685929413716435  0.17501273310049731
  0.18343491450280594  0.19212089396265714  0.19975746849281240  0.20626112935089111
  0.21308444193661788  0.22099808748532343  0.22958428536834941  0.23839573184712465
  0.24787435082290254  0.25806038650622609  0.26839906728103252  0.27880285981304237
  0.28959185337456761  0.30074500564633433  0.31221665548999677  0.32449574622239591
  0.33757261906293307  0.35181383631862800  0.36774488969193009  0.38611690563376905
  0.40636354581693396  0.42697032370812249  0.44652349941556863  0.46461334842554008
  0.48142263867690133  0.49692089288506663  0.51295630888477084  0.53053044581275832
  0.54906464654148768  0.56836625316358202  0.58801251970421997  0.60699079881843276
  0.62530079378491121  0.64320158530509408  0.66072493649524000  0.67738745413047263
  0.69248503074392209  0.70604171130789006  0.71832956072140353  0.72939625642468298
  0.74020452680445792  0.75028529517111209  0.76002548600415720  0.76951540773887450
  0.77892531287586131  0.78798014144046935  0.79701827273703141  0.80629258480401178
  0.81537446482581588  0.82422411864862066  0.83320378761622371  0.84194458585443166
  0.85078770485819266  0.85916602484237470  0.86684633084416263  0.87408424708513499
  0.88145991740011753  0.88896250077184336  0.89649257490501066  0.90408662102966231
  0.91187218433138284  0.91990696431404806  0.92740839505781048  0.93504111512648047
  0.94268727233264837  0.95128168851032291  0.95954269201873887  0.96804803543276530
  0.97614194436640367  0.98386891308002666  0.99170524394246051  1.00000000000000000
 -0.04905145704818228  0.47167319316212314  0.63395185269537646  0.73933735955401891
  0.80398322569148573  0.84648111050765751  0.87487362561590853  0.89575869755490700
  0.91197757262342538  0.92466725914077919  0.93476992582810525  0.94289475446324544
  0.94956772255552235  0.95541556666507887  0.96005177586531132  0.96368513098882813
  0.96701975172804344  0.96994532609766071  0.97253416734115039  0.97486839603604358
  0.97698267704881980  0.97888594578836130  0.98057478554126887  0.98210981418569931
  0.98353219480146314  0.98484546920209581  0.98605456619011866  0.98716369000045046
  0.98818653218268715  0.98912278253983554  0.98997823548841080  0.99074910350542111
  0.99144954285143905  0.99209302681752776  0.99269817790006787  0.99326228621842194
  0.99378731716008706  0.99427379475752919  0.99472747335674883  0.99515133914882747
  0.99554727063178305  0.99591260458470987  0.99624648823710660  0.99655948406157024
  0.99685896219462533  0.99713747390887120  0.99737855975233702  0.99758707178174844
  0.99778375773801864  0.99797263655360391  0.99815186728093042  0.99832368553582918
  0.99848870318067506  0.99864581968814592  0.99879204080247985  0.99892713673962563
  0.99904511886868386  0.99913304322019403  0.99919201840047522  0.99923554395663194
  0.99926853524894987  0.99929403109959136  0.99931660198172512  0.99933844049355303
  0.99935925384797841  0.99937862899014251  0.99939546754845021  0.99941099741082273
  0.99942594669448503  0.99944037796838292  0.99945460354124216  0.99946872954572730
  0.99948268261498041  0.99949647643077189  0.99950982514241560  0.99952392732491113
  0.99953836893942249  0.99955290757806869  0.99956730892116064  0.99958188542513804
  0.99959667046187051  0.99961154117609885  0.99962659181284585  0.99964194308541343
  0.99965751102861378  0.99967320410689708  0.99968901310853375  0.99970514863096493
  0.99972219977265342  0.99974078658048338  0.99976119252080065  0.99978340711798874
  0.99980890893182628  0.99984221489651592  0.99989991580546655  1.00000000000000000
 -0.00693607568134452  0.05164780963656718  0.08963565736651252  0.10852241691430718
  0.12220321498503110  0.13069995713556026  0.13789152466411872  0.14444515224537832
  0.15042359508437467  0.15619544461781676  0.16133786990426660  0.16616741785779793
  0.17094253299382256  0.17560119673217656  0.18017941906466386  0.18475062315449303
  0.18926263950728023  0.19365892356142600  0.19803876752532501  0.20229831900225809
  0.20703393322476102  0.21126770393879654  0.21553470801153540  0.21937367282331907
  0.22306150611810299  0.22678162336789393  0.23058070356350494  0.23461522051821238
  0.23879082902802948  0.24280680203570768  0.24674962650899987  0.25058907193085334
  0.25425586902459141  0.25789228574434137  0.26154973446359625  0.26535147652632929
  0.26947606057152673  0.27383832588313023  0.27839043303942179  0.28287932912105557
  0.28709839597167541  0.29131956661580644  0.29565845875464364  0.30015521919027199
  0.30420817512370774  0.30875089016562368  0.31428450789477536  0.31948764253577377
  0.32432057555626509  0.32929291651366233  0.33441954535575391  0.33928009144244925
  0.34394171329832407  0.34892742874418337  0.35506250016990804  0.36189214636680689
  0.36878532966691180  0.37533834833065338  0.38163646177717087  0.38790728174128908
  0.39436753792330781  0.40122523891269735  0.40840994272295378  0.41577843616683219
  0.42326415877647877  0.43095577646268879  0.43882142926701195  0.44720917901713414
  0.45556749514221473  0.46435650178857046  0.47328964233448728  0.48212678451466495
  0.49085706595173623  0.49961834162679475  0.50846798223252265  0.51740362580581156
  0.52643382732397170  0.53562326218997902  0.54495174526969192  0.55408814130717399
  0.56322792941870958  0.57258736907611074  0.58163117164196410  0.59130427887261416
  0.60258865914065662  0.61504795255174161  0.62829774895371837  0.64230118041827389
  0.65747731724502190  0.67396497521915444  0.69198089896850057  0.71174355021869962
  0.73415570680178266  0.76264335811100326  0.81044093181889532  1.00000000000000000
   1.9331263565839813E-009  -1.0000000000000000     
 F F F F F F F F F F F F F F F F F F F F F F F F F F F F F F F F F F F F F F F F F F F F F F F F F F F F F F F F F F F F F F F F
  <DiscreteSampler_grid>
  grouped_processes
  1 # 1 for a reference and 2 for a running grid.
  10 # Attribute 'min_bin_probing_points' of the grid.
  1 # Attribute 'grid_mode' of the grid. 1=='default',2=='initialization'
  0.0000000000000000 # Attribute 'small_contrib_threshold' of the grid.
  0.5000000000000000 # Attribute 'damping_power' of the grid.
 # binID   n_entries weight   weight_sqr   abs_weight
    19   10   3.884215931953053E-001   4.073539505666363E-001   3.884215931953053E-001
    20   10   3.884215931953054E-001   4.073539505666365E-001   3.884215931953054E-001
    40   10   3.851852747090602E-001   3.981105555678946E-001   3.851852747090602E-001
    41   10   3.851852747090603E-001   3.981105555678948E-001   3.851852747090603E-001
  </DiscreteSampler_grid>
