  0.00343122686809256  0.01625026776792873  0.02955908174263669  0.04177226126448155
  0.05258116351083066  0.06246728148692266  0.07246573317566772  0.08261116290652105
  0.09333854438418671  0.10538521444311313  0.11807726683227525  0.12979032569166976
  0.13955139411102718  0.14909896269511153  0.15848470008681373  0.16786489215453040
  0.17683386895255726  0.18545773098913917  0.19510414641083704  0.20646780021275865
  0.21858777190526577  0.23161823731895195  0.24415338928343328  0.25565224354556915
  0.26633810251668033  0.27702301218008057  0.28790445585162805  0.29886613493539066
  0.31006294229621190  0.32142605416832037  0.33276755145598425  0.34406870515496207
  0.35465466093355785  0.36401329425682627  0.37309386362524827  0.38200297072042477
  0.39076397534872254  0.39950926364508149  0.40787543013423810  0.41647033352577695
  0.42515947752231964  0.43490474236947746  0.44491230747753741  0.45536920308928713
  0.46585978437358089  0.47763837800045639  0.49076510964152581  0.50308124456614467
  0.51452431353318528  0.52495622438348799  0.53530353416224086  0.54696278343599203
  0.55917515267313989  0.57016566185391049  0.57945016964050555  0.58848921436680490
  0.59715162430132240  0.60564837965403961  0.61400445252906233  0.62307935791296509
  0.63297838213710833  0.64327513306239592  0.65384675910058421  0.66441933481555782
  0.67393929531895758  0.68289920379334279  0.69239889621234640  0.70189848872005345
  0.71099218962952526  0.71990002699980649  0.72874535772535831  0.73910253570877815
  0.74985144060164932  0.75980321642226445  0.76913864769383289  0.77830851014394042
  0.78748905177201189  0.79612959012189333  0.80419581333877777  0.81243885160499296
  0.82181992101033330  0.83134536101752587  0.84050863195112979  0.84926853505407784
  0.85965297821711018  0.87128737953379454  0.88338607292284288  0.89610680160572476
  0.91110143273549904  0.92352601273070256  0.93553755535077121  0.94581462683274109
  0.95742018229759385  0.97034434256826807  0.98426997790890491  1.00000000000000000
 -0.00026560917597420  0.00206403745527079  0.00379768298734869  0.00581034960163631
  0.00811048983401463  0.01119542147964587  0.01399416351463717  0.01739209867929947
  0.02085285977962588  0.02514886371239709  0.02998137608377140  0.03476383807979023
  0.03954552786441881  0.04474377486276177  0.05010708883462977  0.05532981076429533
  0.06120540895449879  0.06802739538447244  0.07472616049492949  0.08182626231590344
  0.08956072675992255  0.09831076947871731  0.10727975248899471  0.11529736932232315
  0.12300799577816000  0.13116061023922762  0.13969368193029399  0.14818956825617816
  0.15691357768168954  0.16612166547189902  0.17576378909235815  0.18583990735038233
  0.19621255861249703  0.20666432806666740  0.21702568973998179  0.22755716947744772
  0.23840494177483665  0.25071315959163687  0.26324786268074246  0.27511238640697683
  0.28667805674565644  0.29811594071907732  0.30966404484115773  0.32144089582841368
  0.33327332633715245  0.34643679969283797  0.35987680418593437  0.37344763486040644
  0.38737414822657951  0.40107307725730512  0.41437454112663724  0.42749687825796534
  0.43993101049346001  0.45304888003581589  0.46653915065487234  0.47991695939620183
  0.49275983380418209  0.50526139857429198  0.51746795471656637  0.52970164561195743
  0.54244700443921523  0.55548261754673789  0.56883079643236401  0.58189076690016062
  0.59535598381501409  0.60903463929476132  0.62252786385525249  0.63594865401233791
  0.64897923313303141  0.66127451628971567  0.67338197287850221  0.68574960027284571
  0.69840190081522824  0.71089034016675290  0.72368200566584528  0.73742131823684498
  0.75170291773759368  0.76586983008004295  0.77996124831502311  0.79423598974700027
  0.80927564685587128  0.82269654885878429  0.83444643045368549  0.84626652246220446
  0.85832558558765448  0.87069123469734766  0.88352535990462699  0.89687879261084624
  0.91049387578133656  0.92438722520584660  0.93756582723498327  0.95049156167485194
  0.96323292301963626  0.97562142918050565  0.98776653444803630  1.00000000000000000
 -0.00201854753166763  0.00903166873376432  0.01809421598929841  0.02861791860633318
  0.03982815424333614  0.05164303028617914  0.06298194307379096  0.07481380861298204
  0.08678737133026992  0.09916967262396360  0.11104438293191130  0.12185261696253794
  0.13384101867248122  0.14579691531181732  0.15705325478613397  0.16739568799812138
  0.17810188108239675  0.18880310692664248  0.20003240825819041  0.21071366968269672
  0.22104997869371645  0.23066662818810474  0.24088958971804886  0.25029589620600423
  0.25852400313101470  0.26682499108307645  0.27553124425605025  0.28478064913230156
  0.29405701534013912  0.30305019543472761  0.31159816968340048  0.32114125030955504
  0.33175787507122823  0.34343024696892643  0.35584920615876464  0.36831948178186619
  0.38042375690251601  0.39213009334316529  0.40289345566189777  0.41259756700919392
  0.42290289412375348  0.43258308162156278  0.44259392673932046  0.45328927014546261
  0.46539879151810548  0.47787482890628263  0.49024814315438603  0.50254814174633045
  0.51580841230807284  0.52710655861486577  0.53829025917270534  0.54985628645843809
  0.56073129821057621  0.57013259930201732  0.57989086640406506  0.59015248522039487
  0.60030044116938197  0.61037742425629249  0.62091796626247509  0.63036234354039899
  0.63892264376425800  0.64776115563404724  0.65599608995838465  0.66401801899514779
  0.67179575299983485  0.67981839429168645  0.68938955929730528  0.70013737913067520
  0.71129313780181169  0.72217469446924942  0.73398692503131491  0.74686635426794934
  0.75738623859638199  0.76647750415164628  0.77529038976341580  0.78450584018641367
  0.79361255182584023  0.80269441873742342  0.81194528633567220  0.82147165722624260
  0.83101176278649003  0.84018201070793086  0.84905326696615979  0.85813487653038345
  0.86739961611777283  0.87741718889969911  0.88841741724559098  0.89977595426362633
  0.91133672208157712  0.92325587322649649  0.93541098246515797  0.94804579554177970
  0.96138100809645999  0.97438939895788368  0.98718873214893244  1.00000000000000000
 -0.02282004422322709  0.16982853594196110  0.22928670181549382  0.26835613224999033
  0.29709438723583614  0.32295939114237654  0.34495472196460203  0.36464225364788516
  0.38224345233953794  0.40006696758362847  0.41732028528464382  0.43414809561892914
  0.44931593944213299  0.46346532865274881  0.47693493698333489  0.48919187154749894
  0.50101396290809341  0.51264067102019850  0.52357595193251538  0.53358996103806033
  0.54282948985723700  0.55160804771130256  0.55989118468866894  0.56820409051672827
  0.57630763757678682  0.58434577377636976  0.59294524095753121  0.60147876000859646
  0.61044732880666375  0.61875180248355421  0.62660658921391932  0.63400176570585343
  0.64120614110880370  0.64769373726525870  0.65284554233127035  0.65810220190660962
  0.66356515002422567  0.66912944845543876  0.67485343420204824  0.68067997104220423
  0.68657198102421102  0.69238421190370858  0.69804938521725046  0.70348587784379024
  0.70929971178175066  0.71560417054671221  0.72210048291543949  0.72831506309370286
  0.73381469140792410  0.73883879597800917  0.74390951143592055  0.74899127579259239
  0.75420415588831391  0.75992490398388013  0.76535896415958249  0.77038714186376056
  0.77507686420395538  0.77972467218796593  0.78424562556342181  0.78867335727710219
  0.79329648163064836  0.79819834554038960  0.80316920073780940  0.80818919807067102
  0.81371937948274176  0.81904523526603812  0.82455213645957326  0.82974060837789376
  0.83463569179180175  0.83930883688036539  0.84420532145244098  0.84931026839607526
  0.85423836147735988  0.85879690106257356  0.86315622495741240  0.86769099426935425
  0.87260264176528690  0.87765042274668392  0.88268643218701137  0.88756447057963606
  0.89235072172934193  0.89728088866935418  0.90249163710241243  0.90790487575924650
  0.91307159042080799  0.91847446877263006  0.92450842733663419  0.93107112256413005
  0.93810652066336897  0.94553770366669587  0.95299355516391293  0.96069314157091978
  0.96841567369568116  0.97710999831451384  0.98736012499112669  1.00000000000000000
 -0.00191116668277200  0.00793183001300341  0.01760981609052397  0.02798250047953706
  0.03903842123055200  0.04863334299980380  0.05774892415654943  0.06650022006442757
  0.07520544624570118  0.08450136369054376  0.09466869244449551  0.10649188055903895
  0.11936967917667519  0.13110574921941079  0.14170898140003133  0.15165966166975375
  0.16145875101401033  0.17216215561762663  0.18321993750178489  0.19434919215382696
  0.20560842242134517  0.21809669851710192  0.23091354262788288  0.24413798229545919
  0.25580387199865634  0.26562507132524210  0.27554777053594831  0.28545910445208200
  0.29568969893336733  0.30659430488337225  0.31775368862786491  0.32989758470185965
  0.34119267185021240  0.35225770094211639  0.36218974564072270  0.37216001884650340
  0.38255895633574344  0.39357630198937421  0.40449923451691355  0.41496230918500832
  0.42552532079363081  0.43730291150607675  0.44889685304472693  0.46148385135580960
  0.47359672553862875  0.48527866502057659  0.49776390578671875  0.50744063247560722
  0.51739243980650373  0.52817971161736044  0.53910832830728528  0.55027500922218309
  0.56023869812492888  0.57246795596825117  0.58405368593710150  0.59527816304015069
  0.60651382538406684  0.61606430261215184  0.62708653607640918  0.63877988285252063
  0.65118801386226954  0.66242302406637577  0.67148970438249955  0.67921945519100813
  0.68689754903513867  0.69500013488380397  0.70353703582921157  0.71218112758216334
  0.72058398640062360  0.72959551664000977  0.74338787174180088  0.75627105314722010
  0.76842167233921232  0.78115581464264372  0.79403027439837470  0.80619970030042443
  0.81739074997926142  0.82784429604136089  0.83731659579367279  0.84575716640427112
  0.85404335871348758  0.86211862430474506  0.87040085648336352  0.87882706478976724
  0.88725215148396674  0.89560753666669768  0.90481044765298735  0.91437107476030655
  0.92404191705881489  0.93414189939389491  0.94471905160586034  0.95564774832747035
  0.96600097965433052  0.97688426557314600  0.98792068448509518  1.00000000000000000
 -0.02517152085877697  0.38341158615269938  0.47497868012573613  0.53168855193998321
  0.58693980379001676  0.61190071392437650  0.63294879109457480  0.65026418277501130
  0.66435457442641344  0.67424834061523187  0.68216083294320762  0.69037145526779409
  0.69939499983763442  0.70758764416158815  0.71446677496652844  0.72075882290531212
  0.72690744562670584  0.73270608569111118  0.73799549819658128  0.74289072171268644
  0.74764948851097568  0.75165862797595995  0.75536431161688833  0.75921616214425836
  0.76313548001262232  0.76687864511007875  0.77024708796232166  0.77325198975324405
  0.77622037284703993  0.77923481112901549  0.78233993120865031  0.78547308037511498
  0.78858707862385824  0.79159555698935391  0.79456173059567758  0.79742152461989535
  0.80038231311379660  0.80342955246451886  0.80635346567211896  0.80901918571573950
  0.81162975222489886  0.81421032720726982  0.81677783444583452  0.81947097453000772
  0.82228345295653327  0.82498585417240322  0.82754331626027189  0.82992196771378857
  0.83222919930112738  0.83453028945096630  0.83689489329083977  0.83924163959600229
  0.84154075369195236  0.84385547432868269  0.84620262796392687  0.84843043730614165
  0.85063420015513469  0.85286240639869204  0.85501181828779338  0.85712937987518600
  0.85929009691849823  0.86150676601281173  0.86375172207689022  0.86615837601809453
  0.86847339381521338  0.87074909120169230  0.87298736079386852  0.87524663747282794
  0.87773589782599670  0.88036660654972121  0.88293683253131860  0.88556214707757841
  0.88824715222164907  0.89100898659505379  0.89389037830646723  0.89678455415386216
  0.89968105688412470  0.90254667873657390  0.90540779018621453  0.90848164503143303
  0.91172194588362854  0.91491535275491642  0.91821099409807794  0.92146237781392348
  0.92456436974052925  0.92770505501127487  0.93086101002002908  0.93415238048378912
  0.93757700685810053  0.94153081338280720  0.94591199318762953  0.95058666174384721
  0.95581564273509945  0.96297696482535189  0.97494904880970601  1.00000000000000000
 -0.02207834942496689  0.13864161051648841  0.17724208404279837  0.20200352365566235
  0.21973762843024960  0.23409929302870502  0.24694469255812038  0.25813046452250021
  0.26883579376238853  0.27900404971135645  0.28856534281248769  0.29738400488001088
  0.30562464464234579  0.31323866183746168  0.32038915816255276  0.32731733644234889
  0.33400601075685471  0.34018325121952853  0.34637637331225013  0.35275425970465280
  0.35927205628613035  0.36549816345900604  0.37119633193517715  0.37698676432293787
  0.38226775971823962  0.38792290429090848  0.39342425373262679  0.39891273372885355
  0.40460175300166634  0.41037016712108232  0.41587010175762379  0.42104981005854902
  0.42607709461039095  0.43098147460600944  0.43588754339928787  0.44079083728419438
  0.44567382812129208  0.45047423612032933  0.45520685759921492  0.46021972760644664
  0.46596591896536199  0.47159344937943160  0.47739153580716587  0.48295198400445888
  0.48848571194981921  0.49403531434906250  0.49952932378349701  0.50504115388814241
  0.51118191798696022  0.51716637989559788  0.52285413927018587  0.52846798344781076
  0.53409052040261873  0.53988422171593775  0.54486161957681167  0.54931022308789046
  0.55384842718324134  0.55840620642387417  0.56293370121196518  0.56738048527520868
  0.57182725768632103  0.57633583882973349  0.58086160604657633  0.58528494380136020
  0.58987253493635150  0.59459923403707371  0.59931736599421470  0.60419640244130934
  0.60922771943126741  0.61444191376754287  0.61987538981923374  0.62540234966123520
  0.63089623331764322  0.63617199654877543  0.64146986332716505  0.64724350395504726
  0.65352017506871096  0.65963184829142762  0.66542126880389441  0.67147087554400586
  0.67779744228954653  0.68439230054576350  0.69178472497772847  0.70030441223037865
  0.70919301237441534  0.71795923885448309  0.72688730796851753  0.73579578388089617
  0.74498008911623903  0.75509072204042471  0.76620950221770334  0.78060863602908737
  0.79938413743671421  0.82520110105202371  0.86658069615787747  1.00000000000000000
   3.5601621702799563E-010  -1.0000000000000000     
 F F F F F F F F F F F F F F F F F F F F F F F F F F F F F F F F F F F F F F F F F F F F F F F F F F F F F F F F F F F F F F F F
  <DiscreteSampler_grid>
  grouped_processes
  1 # 1 for a reference and 2 for a running grid.
  10 # Attribute 'min_bin_probing_points' of the grid.
  1 # Attribute 'grid_mode' of the grid. 1=='default',2=='initialization'
  0.0000000000000000 # Attribute 'small_contrib_threshold' of the grid.
  0.5000000000000000 # Attribute 'damping_power' of the grid.
 # binID   n_entries weight   weight_sqr   abs_weight
    10   10   3.058615018325027E+001   6.771107384609702E+003   3.058615018325027E+001
    11   10   3.058615018325025E+001   6.771107384609690E+003   3.058615018325025E+001
  </DiscreteSampler_grid>
