  0.00260696352233690  0.02134708442682850  0.03795014846556743  0.05057397212042052
  0.06197641066781256  0.07191253313361792  0.08196969059540142  0.09155284262459769
  0.10112360896090331  0.11051112032351711  0.11992852408530881  0.12965015805363081
  0.13970133848496519  0.14955808884278429  0.15933844271055925  0.16910642882214949
  0.17896283042710603  0.18898818637604006  0.19924371672602875  0.20960986716576993
  0.21969970542026118  0.22955412346214113  0.23946179899017031  0.24950865947213394
  0.25979508558342884  0.27014535425746983  0.28023805063591872  0.29004766995802628
  0.29972977445244170  0.30946588815901521  0.31925893175763043  0.32919909991403684
  0.33949109661135618  0.35011084813564192  0.36044927963807821  0.37048596273678819
  0.38035912124405125  0.39028615416212153  0.40035315741005872  0.41048406920728070
  0.42074209810878410  0.43107232321270356  0.44140418104229212  0.45170186338273621
  0.46196677302299444  0.47226279947880695  0.48263815600176746  0.49313627395035586
  0.50386437175712862  0.51446341045818444  0.52505709549136304  0.53531919188571797
  0.54548757838456541  0.55553785200212746  0.56574378813671600  0.57583075360369695
  0.58584049166198959  0.59569196602251751  0.60557097049073350  0.61563923132963227
  0.62605214351657090  0.63677634082733658  0.64770393520005920  0.65870074203758111
  0.66962670672109725  0.68015358966858885  0.69040495477048902  0.70043416246187140
  0.71056878494832176  0.72096954667404201  0.73167144879867585  0.74245089920011575
  0.75297372918566119  0.76328581505106374  0.77346962770299943  0.78360183425412777
  0.79365168701540412  0.80364599037891171  0.81373443730484851  0.82394831999082740
  0.83413836544573794  0.84415963330843269  0.85419706557137576  0.86453944345134193
  0.87505344488047554  0.88571957459673833  0.89640538687590854  0.90686549910676850
  0.91715450636461038  0.92751516918603649  0.93845065500217062  0.94956509797703248
  0.96113854445224645  0.97319389843412885  0.98638710632700966  1.00000000000000000
  0.00000103000975311  0.00000540659231587  0.00001143994368946  0.00002006225326952
  0.00003058074170374  0.00004304408526009  0.00005740636953622  0.00007390983478121
  0.00009245688809187  0.00011220354748259  0.00013317117334782  0.00015536079060963
  0.00017907814969822  0.00020371275594587  0.00023006940357806  0.00025750950998646
  0.00028568243176735  0.00031466367734977  0.00034477999614627  0.00037599747573417
  0.00040849707564887  0.00044156759587396  0.00047556348307346  0.00051073866402117
  0.00054714485103224  0.00058486104602710  0.00062395460507082  0.00066451861041897
  0.00070688712257579  0.00075045232044771  0.00079489181549504  0.00084227574113486
  0.00088870979030038  0.00093919024914630  0.00099221426733155  0.00104767603602435
  0.00110547801418527  0.00116750318322497  0.00122907351850305  0.00129631571850628
  0.00136837503553402  0.00144170901877768  0.00151631271448423  0.00159285088156625
  0.00167018548824717  0.00174964644061156  0.00183726260163629  0.00192962321568207
  0.00202418433641120  0.00212433054773603  0.00223475158276813  0.00234503087551747
  0.00246120877072561  0.00258589552484399  0.00271852741692398  0.00285534500090133
  0.00300056538397368  0.00315979323941206  0.00332501260690521  0.00349917716914096
  0.00368818886576653  0.00387773022628055  0.00407810979556559  0.00429630057352734
  0.00452282630175949  0.00475621387082872  0.00501500483629636  0.00528818819225793
  0.00558240450617634  0.00591353082432221  0.00627682763199765  0.00667160694380277
  0.00709042041477071  0.00753003135005098  0.00798680742836737  0.00846589001553654
  0.00897585628510670  0.00952827104874679  0.01014196396841474  0.01081473694100402
  0.01158694466614931  0.01246815435291906  0.01351493311664716  0.01467862500957035
  0.01597738571278318  0.01751319679832876  0.01934017436775465  0.02137310950631299
  0.02362123590736560  0.02599103240044861  0.02948565755988359  0.03476654593506817
  0.04334928278627672  0.05899106591344625  0.42122618339758205  1.00000000000000000
 -0.00275444069409766  0.00981672407442961  0.02043807745215177  0.03166821867355060
  0.04230305273088400  0.05240674740975790  0.06240000880842769  0.07266674290152467
  0.08284393301553321  0.09275328447179292  0.10262728995413156  0.11230430374373686
  0.12203084658572252  0.13194948989605570  0.14239201209398553  0.15287540705353514
  0.16319835222744286  0.17408403387965554  0.18501304714201636  0.19511626699397117
  0.20497378850664222  0.21522066211419352  0.22592521022226492  0.23644390024799009
  0.24706973395969556  0.25754809315317739  0.26826909255214193  0.27895275998155650
  0.28952210927924976  0.29960450817392714  0.30964940609102637  0.32052225475252616
  0.33134879342377344  0.34225571738625943  0.35302523224773141  0.36393163876115386
  0.37454039399819244  0.38438226763543665  0.39487538501732300  0.40532442386748574
  0.41583036687379499  0.42665618164830377  0.43735922002225691  0.44881039790700727
  0.46006126549260762  0.47111038456492255  0.48193825792030931  0.49258127657454626
  0.50279939718479016  0.51280921549058611  0.52311689508750558  0.53390351402912550
  0.54460982516542189  0.55509288353969244  0.56583958563173797  0.57674797818138990
  0.58733977589802766  0.59749059607188504  0.60743568911288615  0.61748230751646593
  0.62753287803613045  0.63792233374915674  0.64844493877376097  0.65902397915562028
  0.66957004760243521  0.68028505394094874  0.69151113091195771  0.70298917505647218
  0.71356181616253567  0.72377912422253055  0.73396680596356201  0.74460429593449762
  0.75488850694886056  0.76542578439879594  0.77599857105804204  0.78677105956183435
  0.79711490738739521  0.80750802857092430  0.81854744624365294  0.82990726781271351
  0.84113310878160297  0.85198735071405696  0.86298529921935796  0.87400641453790151
  0.88437456591628882  0.89477414957953616  0.90531976774652678  0.91591327663342714
  0.92628784392044095  0.93644350837049117  0.94727387945803632  0.95833777202724135
  0.96862925401299294  0.97896215426038247  0.98951166396366630  1.00000000000000000
 -0.00276390603975285  0.01075212413300774  0.02143909926526949  0.03209776415554409
  0.04245942166290306  0.05333349441889371  0.06417155356001374  0.07476524710095257
  0.08542678015886306  0.09588602931985002  0.10602529819444653  0.11613336925524015
  0.12635756080616084  0.13763733042114737  0.14882246866474311  0.15977246319533037
  0.17034311914224051  0.18065014935530929  0.19084247305199706  0.20110555534264229
  0.21131599481100802  0.22194242526523908  0.23245511255074447  0.24285887871112569
  0.25327327673963168  0.26391486618621501  0.27463705533847776  0.28488224643511356
  0.29502376236890870  0.30541605182796921  0.31574163449451725  0.32626263756810442
  0.33654079581983221  0.34664556360950199  0.35666109551429520  0.36626782006640757
  0.37593542445329065  0.38553452132162014  0.39554154340336312  0.40612720978208650
  0.41704137614629644  0.42769117450693772  0.43809808788506371  0.44883199236509541
  0.45938841837852695  0.47033219657591085  0.48119874137218538  0.49184177398321971
  0.50218710389829457  0.51252104394868125  0.52266822857111050  0.53275530811138472
  0.54300271317381399  0.55376536177078572  0.56469828726083049  0.57538161168590984
  0.58609701920602464  0.59698990046578260  0.60765036364258240  0.61768667892564966
  0.62831942116468142  0.63892782194588194  0.64906663389695485  0.65881200340079560
  0.66886623467544293  0.67918374622959743  0.68961362702125351  0.70005494135496527
  0.71052242115770681  0.72110584533913280  0.73184033528953130  0.74265762305192617
  0.75321523666667689  0.76371922691969174  0.77440129690202852  0.78538932350964230
  0.79634714755274216  0.80717862025643372  0.81778641355984338  0.82854813021614571
  0.83937017144156767  0.85024834638191371  0.86069019583352879  0.87095146924625533
  0.88122972398075872  0.89174215623918129  0.90233701447517267  0.91311871971767655
  0.92401432138465400  0.93466107556733036  0.94535594619494145  0.95612644831094107
  0.96724492607249468  0.97796943067789266  0.98907262930296935  1.00000000000000000
 -0.00269795405120941  0.00991036435342997  0.02066561669573549  0.03209287009167525
  0.04329182042188556  0.05379429429817014  0.06416774362167664  0.07425458214853846
  0.08443614464874998  0.09411229917462385  0.10389769768191100  0.11387057075777780
  0.12406829145537197  0.13428136184131603  0.14449285574925769  0.15475990907099121
  0.16468172467494990  0.17504332457024094  0.18547663359080693  0.19658859020573435
  0.20834967295142956  0.21983278162497200  0.23130212136480596  0.24233902824634973
  0.25307633913503907  0.26346366515158176  0.27354564864976078  0.28361911268407636
  0.29401714820466113  0.30505971388966524  0.31594225478538235  0.32658803325353897
  0.33717673756985278  0.34779849706219146  0.35820390385458695  0.36841170989688127
  0.37880284693891314  0.38956625096092196  0.40027612663651835  0.41094675857805507
  0.42139836158185501  0.43150772453080893  0.44187460994599836  0.45228285348027275
  0.46310172306823433  0.47364756938475838  0.48385924968588606  0.49397248107783576
  0.50408513682592870  0.51448319134348686  0.52518192622490523  0.53599153625752782
  0.54690919047587183  0.55778748093558084  0.56869801715581736  0.57948222105484559
  0.59023109599974022  0.60088028745054078  0.61170672557025330  0.62234853510522181
  0.63281149662564762  0.64309160802283361  0.65325418131899671  0.66333940439291050
  0.67357641578573746  0.68415352723642964  0.69475346934939730  0.70497981915985597
  0.71493323657187391  0.72498933561112455  0.73509157617065335  0.74526753873880347
  0.75551977286525551  0.76581606222587917  0.77609567292633053  0.78674688510587110
  0.79794578027390617  0.80928784398058407  0.82003447659776851  0.83049147758021324
  0.84123965734524875  0.85193505756664634  0.86269833363257153  0.87356821842563126
  0.88429371756865394  0.89477551955957246  0.90518362233089078  0.91587681920858588
  0.92652873304395622  0.93715237571376431  0.94795031020597265  0.95886225380432866
  0.96956116240680534  0.98003774651394837  0.99008085677157476  1.00000000000000000
 -0.01200096914633101  0.19251430961216426  0.29060050964416601  0.35817395000982349
  0.40947346453108385  0.45001206710701092  0.48001644509926494  0.50221528883219324
  0.51826000832854857  0.53216232232301608  0.54391781655935434  0.55410546406314654
  0.56293655854929370  0.57083823610708173  0.57812036641131537  0.58498374729240066
  0.59130922019745780  0.59749650102774521  0.60357323865440826  0.60915001964700533
  0.61452430240651068  0.61969829106052776  0.62467348019653213  0.62947286812448244
  0.63416598984544958  0.63883503162376909  0.64345212045388556  0.64788118099209313
  0.65219497724396791  0.65640771381357677  0.66064198325656531  0.66494088620939262
  0.66898421463888125  0.67284950040426073  0.67669514254818752  0.68050492898060910
  0.68428876064505850  0.68807675609617558  0.69161313668511426  0.69512715140454995
  0.69863687215593573  0.70215396334021707  0.70569619856728638  0.70919636457084401
  0.71260224603030531  0.71594850579140035  0.71928697929173346  0.72260533450179454
  0.72595849871757645  0.72937643234873162  0.73282671080936768  0.73631633417103759
  0.73982131455024891  0.74330736384671536  0.74682766296036529  0.75033684615077756
  0.75391806892989510  0.75746187342705751  0.76097657182014489  0.76447724205859524
  0.76797726250991771  0.77149136237054250  0.77503492586647760  0.77862858320385642
  0.78223679996762951  0.78586731489283779  0.78952143367772887  0.79321901668773587
  0.79699147864130060  0.80085961040020137  0.80480568285371468  0.80877488730754077
  0.81274137541500702  0.81685818304652225  0.82095711984038877  0.82510854623920604
  0.82934565422886775  0.83371208309897260  0.83833705516426471  0.84321036403652272
  0.84818798481259727  0.85328042385337599  0.85847968312725209  0.86365612442528050
  0.86897912443471148  0.87447136740839948  0.88044050923837158  0.88669735886227408
  0.89314617148933495  0.90024007012547036  0.90793706391145634  0.91638117633725635
  0.92687866226085436  0.94007758684337173  0.96081662918001076  1.00000000000000000
 -0.02202672386100081  0.12883398203437937  0.16355985160517370  0.18516383070271300
  0.20169209400595545  0.21569981782642467  0.22810272569802059  0.23869612027267073
  0.24842536857594741  0.25729243534740504  0.26572314151467957  0.27382308745394501
  0.28148293624952975  0.28892461113653112  0.29613498537932165  0.30313001416089869
  0.30981196254464072  0.31621777187235756  0.32243173302510464  0.32859670347825409
  0.33470852523518296  0.34075355078672354  0.34676570280686619  0.35271541727271766
  0.35870865593841772  0.36450522496088256  0.37018481095118649  0.37565493153768342
  0.38102730995372452  0.38647120715425909  0.39194804619305940  0.39735005302986881
  0.40262149775832290  0.40780101944326230  0.41294784783561345  0.41807326675535350
  0.42318886652159587  0.42831858593693645  0.43334675466248684  0.43828866309041264
  0.44322630526486995  0.44815848098938255  0.45310922633583578  0.45811347477959685
  0.46303017096420529  0.46794344241021735  0.47284601242846463  0.47763895983844218
  0.48237561781549415  0.48712883073541624  0.49196209538536856  0.49688134179325760
  0.50190068799145415  0.50688933033684991  0.51180646062327795  0.51666165541355724
  0.52175876828397050  0.52696364560341802  0.53218012755343402  0.53743356240925777
  0.54279283596544359  0.54833321586286410  0.55402107931206013  0.55966050842592441
  0.56536128110570372  0.57120311598110585  0.57704573028554629  0.58311393933192424
  0.58919019324734911  0.59532202201372986  0.60146156075782353  0.60762206381627892
  0.61387496794904517  0.62023389196383671  0.62667044263344640  0.63314897006063331
  0.63974711877489354  0.64642761217173761  0.65368457042637584  0.66102328142952893
  0.66879903078770331  0.67690224148740152  0.68512002028684116  0.69370481417154883
  0.70263173667028034  0.71210232981126798  0.72224747888446150  0.73301622236170749
  0.74459362700766807  0.75698652007763645  0.77059810481422231  0.78592511751253147
  0.80417310956730192  0.82837849935786156  0.87053014208125146  1.00000000000000000
   1.6676336690483644E-008  -1.0000000000000000     
 F F F F F F F F F F F F F F F F F F F F F F F F F F F F F F F F F F F F F F F F F F F F F F F F F F F F F F F F F F F F F F F F
  <DiscreteSampler_grid>
  grouped_processes
  1 # 1 for a reference and 2 for a running grid.
  10 # Attribute 'min_bin_probing_points' of the grid.
  1 # Attribute 'grid_mode' of the grid. 1=='default',2=='initialization'
  0.0000000000000000 # Attribute 'small_contrib_threshold' of the grid.
  0.5000000000000000 # Attribute 'damping_power' of the grid.
 # binID   n_entries weight   weight_sqr   abs_weight
    10   10   1.659007286643766E+004   4.653422672669750E+008   1.659007286643766E+004
    11   10   1.659007286643766E+004   4.653422672669748E+008   1.659007286643766E+004
  </DiscreteSampler_grid>
