  0.00000033196411222  0.00000171701572349  0.00000400292918148  0.00000917227081344
  0.00002076239836572  0.00004716372071729  0.00010039269396531  0.00019221654188714
  0.00032354444162628  0.00047003153523418  0.00060710087273060  0.00073979593569920
  0.00085750908392477  0.00096853555761914  0.00107508596031318  0.00118487251492310
  0.00129576953617294  0.00140552299251996  0.00150776528253676  0.00159969322033972
  0.00169335556474224  0.00178940565300982  0.00188102769833406  0.00196703452376925
  0.00204670576219472  0.00212558914130690  0.00220406803680553  0.00227961658990171
  0.00235287286494290  0.00242732218191187  0.00250515750691802  0.00258261354935772
  0.00265945157071653  0.00273734396873382  0.00281881802895158  0.00289892861838605
  0.00297389073182352  0.00304581066845431  0.00311678073992100  0.00318783800870958
  0.00325811579895631  0.00332951908830715  0.00340269908795451  0.00347604664172032
  0.00355163984279396  0.00362987041107784  0.00371082859726845  0.00379526974578654
  0.00387429036343611  0.00394439625726500  0.00400371972925042  0.00406269053730498
  0.00411956340243954  0.00417912588414139  0.00423989692239475  0.00429608355747080
  0.00435157035085691  0.00441127317617247  0.00447170806267686  0.00453759481396245
  0.00460984724844083  0.00468663759341128  0.00476067561060271  0.00483780307001496
  0.00491169510639734  0.00498687586773964  0.00506074694223467  0.00513517263225902
  0.00521131141891033  0.00528564807085205  0.00535592732812679  0.00542079503062345
  0.00547220781776432  0.00554802565572509  0.00564082940422133  0.00573589145597948
  0.00583523839207904  0.00593289829429353  0.00603148511577485  0.00613379166707895
  0.00624070824146380  0.00635799296002680  0.00649173595704125  0.00664313253799640
  0.00681377983952893  0.00700767284391908  0.00722892964417135  0.00748595372642261
  0.00780051645568305  0.00819476825164396  0.00891970968989197  0.00988550923856207
  0.01401378001176551  0.03734732165375100  0.38080783259348527  1.00000000000000000
 -0.00000970295703710  0.00005214555525997  0.00010176050880278  0.00014324757703697
  0.00018116227554295  0.00021651183298260  0.00024985070343527  0.00028184481767602
  0.00031276664893851  0.00034377094421415  0.00037584370594264  0.00040965454300439
  0.00044230964330661  0.00047273168925315  0.00050371227073520  0.00053749128262424
  0.00057357426770660  0.00061036084253713  0.00064754712933597  0.00068623683025640
  0.00072605576773079  0.00076835035373336  0.00080880839734652  0.00084319963976833
  0.00087834342969655  0.00091863305178026  0.00095982178068765  0.00100784461004820
  0.00105569481877862  0.00110149420309642  0.00115103393883853  0.00120328018929152
  0.00125844359770849  0.00131683659484894  0.00137801091882560  0.00144024780897712
  0.00150648500840412  0.00157617516002075  0.00165066817994673  0.00172984901422928
  0.00181119294812314  0.00189384541827517  0.00198081797645499  0.00207327195284275
  0.00217182706802484  0.00227699720650435  0.00239054225412608  0.00251700424743634
  0.00265356740887850  0.00279218306244889  0.00293722832389063  0.00310212291904471
  0.00328196009618462  0.00347568375316466  0.00368281139429737  0.00390404779183381
  0.00414165917775680  0.00443246502325626  0.00475864895451384  0.00509883802981966
  0.00546562000317155  0.00589033712117429  0.00638224351875402  0.00689110275244495
  0.00742684360829155  0.00799229207194440  0.00861148446924708  0.00927328976391886
  0.00995127504651487  0.01065336966041971  0.01140105312587643  0.01218787890033659
  0.01296018774239016  0.01365312204850718  0.01439896707525939  0.01517272941481282
  0.01602466731397608  0.01686134353640059  0.01767607132855773  0.01850808101778532
  0.01931257222003344  0.01998282099363639  0.02058160706085466  0.02139388464955048
  0.02253738034729805  0.02394161013426496  0.02550227194936579  0.02712706745872580
  0.02876400936200954  0.03052070043098429  0.03251126140589783  0.03475230369911036
  0.03799530019398238  0.05078211534948779  0.17913937895951762  1.00000000000000000
 -0.00243505463934852  0.00956413221430493  0.01914927659669458  0.03064833772441887
  0.04094850471684964  0.05153967994804765  0.06179253477317505  0.07198660847853233
  0.08230912200964123  0.09196678932303932  0.10238088396964928  0.11300084460067247
  0.12382250808907272  0.13498160755335609  0.14607615703963270  0.15626402138663417
  0.16630475551501817  0.17638296271455894  0.18600790241880116  0.19527830519308192
  0.20473098439505835  0.21505046975801317  0.22595164282372754  0.23639531058444810
  0.24641753664628291  0.25663135560879419  0.26720797149946868  0.27790174935378964
  0.28867646123994872  0.29981712350672463  0.31140649918075319  0.32295234525124356
  0.33436287579289470  0.34602019299172460  0.35719271884134463  0.36818575766885359
  0.37882315359600338  0.38917840092583111  0.39940924812089945  0.40893871008385158
  0.41831952195214478  0.42845143945615410  0.43922981871042177  0.44994674527492212
  0.45969588841970405  0.46906102042169545  0.47834058454485795  0.48781859118365500
  0.49803112024107055  0.50870354961601927  0.51956842175288886  0.53053030598991135
  0.54140024872639392  0.55209649112724379  0.56277298638314954  0.57340466611074692
  0.58387481787848983  0.59419767673814472  0.60451846699955369  0.61516583415656478
  0.62611753979330997  0.63718496268898528  0.64832739107718163  0.65918772661627767
  0.66932934335687477  0.67847557243897672  0.68796405349600742  0.69823189844913869
  0.70857107103017591  0.71893875788340078  0.72920326925775414  0.73927036631352683
  0.74904383767962535  0.75892389559269391  0.76947654667171794  0.78046981590279751
  0.79111303959882617  0.80145264473941658  0.81177432639445457  0.82189887141460671
  0.83226877883710360  0.84284914228182095  0.85362232840467189  0.86491077471170652
  0.87657515420017784  0.88813319219555942  0.89960888327680932  0.91104743428363133
  0.92279380336841277  0.93437810409971678  0.94559410767038232  0.95638850796594987
  0.96727563491984558  0.97830417873834408  0.98921897924749502  1.00000000000000000
 -0.00015938120678305  0.00055880974615470  0.00092652261696641  0.00116666264121686
  0.00136805883541204  0.00155164811083057  0.00172375570485202  0.00189175539709957
  0.00206139613501124  0.00223476684813491  0.00240945810121932  0.00258308790298037
  0.00275614948101642  0.00293327377383039  0.00311475649124545  0.00330068550393905
  0.00348995720034580  0.00367435667349880  0.00384483342863082  0.00401291971960990
  0.00419290209765850  0.00438019980702733  0.00457761991381069  0.00479719309938259
  0.00503466735653700  0.00529340140211135  0.00556787376269381  0.00584284860852221
  0.00610882800216416  0.00636843561778717  0.00665279731477621  0.00697416965676102
  0.00732168979606912  0.00769683784467916  0.00807094250838143  0.00843720549486901
  0.00877221179084296  0.00910935692243300  0.00945873142739796  0.00981656521271314
  0.01017846114973673  0.01054847058918064  0.01090683470717144  0.01128988181334560
  0.01169754754790865  0.01213834217379054  0.01256296275987641  0.01296734977297869
  0.01337451843624947  0.01384935840204579  0.01429890395966753  0.01485082273582228
  0.01544410937266805  0.01599788275772899  0.01650069138250496  0.01701652910329785
  0.01758518993483640  0.01809259707046929  0.01857644166031196  0.01903630431816390
  0.01947377689793168  0.01992972172662624  0.02041359980509226  0.02090738718600916
  0.02140475587272946  0.02182070473308504  0.02222666708037896  0.02265385679345480
  0.02316532659881100  0.02367291097613483  0.02422387302492477  0.02491341715808080
  0.02574027271108013  0.02660130474896706  0.02740286110913620  0.02821011848265653
  0.02905789470203544  0.02986314041256410  0.03079286791597761  0.03194692084167441
  0.03341599067936049  0.03512864398409241  0.03728779890909071  0.03903330852071751
  0.04074224533886939  0.04270418647526161  0.04469097975399372  0.04675295211097479
  0.04953546293275238  0.05360102607322824  0.05752586401927747  0.06659646919457965
  0.08203684260860106  0.11253142733959899  0.19800450082351267  1.00000000000000000
 -0.00158371175431273  0.00627532340924645  0.01433828758362436  0.02260497219368787
  0.03078533295167984  0.03908521784842375  0.04704204087564064  0.05497928534682578
  0.06320625219391672  0.07130411616653198  0.07943673422385757  0.08761090030568378
  0.09604963111417843  0.10457335828103830  0.11288583672660187  0.12077489960832732
  0.12844142504834366  0.13615524237330631  0.14404216432850736  0.15197270167822238
  0.15994181102206756  0.16800932726021445  0.17615674634159212  0.18431782390189683
  0.19262984445806428  0.20129177691620453  0.21048852990219202  0.22000402906764940
  0.22966939844707598  0.23937846708753424  0.24934835331480118  0.25959589286955365
  0.27024748665090470  0.28115053426291686  0.29239280609830259  0.30380253928621098
  0.31607475688432785  0.32961666046139310  0.34465618702518186  0.36052363788401265
  0.37693951095535649  0.39382272347064590  0.41121749084169273  0.42812107961736623
  0.44468345069768661  0.46113635938930986  0.47876891139449812  0.49451183933020026
  0.50912114206740577  0.52238007869735481  0.53596750593588971  0.55171033393398261
  0.56968161931714512  0.58968267842159938  0.60890767861327300  0.62705656662857279
  0.64273486364621624  0.65573650677603357  0.66851695922302357  0.68100639140513575
  0.69346733606898658  0.70540526805147707  0.71678005846262305  0.72816676153270110
  0.73955309023978422  0.75069041081577115  0.76130266161010895  0.77106723664732535
  0.78007821364584551  0.78854742671896549  0.79695667614864674  0.80510059960567082
  0.81357950210761221  0.82250801545355712  0.83141024273175246  0.83970662413738406
  0.84764608675498676  0.85547774890192652  0.86372374746999647  0.87248437759195885
  0.88102668700152165  0.88887457832690941  0.89632328151102492  0.90388976140033017
  0.91173216316878392  0.92018944011727000  0.92817023823550993  0.93599248410033464
  0.94385053049962309  0.95204048443997924  0.96038214223615315  0.96860163944995692
  0.97681248967536116  0.98452549132412603  0.99222449816325686  1.00000000000000000
  0.09425863148917576  0.47932484902336936  0.64913174761879178  0.75251809203634135
  0.81320906448422792  0.85217505884893308  0.88014456272408970  0.90039040815946170
  0.91529405509260775  0.92686964577503406  0.93620072287442080  0.94375578895960222
  0.95017810264816072  0.95579239850115560  0.96038676210448959  0.96415787898334049
  0.96746685913567965  0.97042204981410884  0.97302079795714536  0.97530073015718355
  0.97736914094003535  0.97923843377363773  0.98090416261291935  0.98240167414681323
  0.98378342725031531  0.98505896953069172  0.98622121933657125  0.98727458145075475
  0.98823692558394582  0.98912357910097248  0.98994417725757400  0.99070532520289112
  0.99140916613872376  0.99205414081352905  0.99264468534286798  0.99318473392090667
  0.99368683732216989  0.99415626686729919  0.99459604397605172  0.99500207616121994
  0.99537558201925547  0.99573020450880223  0.99607001148607444  0.99639231342632628
  0.99669658027977714  0.99698330867820584  0.99725335799830273  0.99750699061031123
  0.99774029120478414  0.99795997374196954  0.99816894931852129  0.99836417702260194
  0.99854560057250341  0.99871561690344957  0.99887005826488728  0.99900379023735053
  0.99911186546166431  0.99918539314839883  0.99923246585994840  0.99926665000815285
  0.99929423384895744  0.99931723369516967  0.99933752477078397  0.99935644221614628
  0.99937465319219632  0.99939201827063640  0.99940884997666413  0.99942494466071508
  0.99944001829080553  0.99945446926003234  0.99946868056614879  0.99948278685918601
  0.99949674189655913  0.99951044104901976  0.99952404515912818  0.99953759070095227
  0.99955121961597282  0.99956507716472354  0.99957915253857210  0.99959327359982164
  0.99960738578799402  0.99962177180490852  0.99963658683830903  0.99965153495387671
  0.99966702382159067  0.99968296607272655  0.99969921185830268  0.99971585202979385
  0.99973321978458796  0.99975168825516780  0.99977177509252757  0.99979356335134351
  0.99981795750872016  0.99984784569537710  0.99989320550193139  1.00000000000000000
 -0.01020560172218814  0.05468361890157070  0.09300798451611478  0.10791011592758365
  0.11858510880992935  0.12791067567668943  0.13465203137740633  0.14110964190245459
  0.14724653048781308  0.15300826422839897  0.15846132877608704  0.16387727242122485
  0.16907564026562266  0.17412078074284731  0.17902537331485122  0.18344741369060572
  0.18753358668820783  0.19147594816150618  0.19513583405560206  0.19881462000621528
  0.20257283027017944  0.20620944764043703  0.20983262135420730  0.21369607396643117
  0.21766123766516354  0.22153322229689862  0.22532775652555070  0.22910698684195202
  0.23275661841415757  0.23625582135728174  0.23971819795898805  0.24339453637040290
  0.24744713484561606  0.25165611421373374  0.25557860561569079  0.25917056547087114
  0.26264394874459168  0.26617582289450192  0.27005914081525667  0.27446972246883838
  0.27922746477277360  0.28382891873944066  0.28815896616725828  0.29244629131770089
  0.29693408073988320  0.30162278816524191  0.30660629714861831  0.31203049539134675
  0.31763149232095017  0.32319624835895572  0.32875204332156333  0.33443672984697914
  0.34030974039277129  0.34642682058591101  0.35275761382483911  0.35867900314010048
  0.36451877928002985  0.37069060478368454  0.37703169465862879  0.38351408367854239
  0.39027196058376379  0.39746057086949388  0.40501599631640128  0.41276042010717601
  0.42057732043374624  0.42827799606828171  0.43598237196893269  0.44374655016621622
  0.45159235171599299  0.45960956494650312  0.46774855160042245  0.47610168470452763
  0.48453428364183726  0.49284204810191845  0.50144025575510820  0.51049266633697443
  0.51961964009345640  0.52901359957725669  0.53864744424370514  0.54842965499140206
  0.55827947622809848  0.56833791172388937  0.57891498892131299  0.59007047821665837
  0.60173975680683633  0.61387099866598971  0.62623265114806137  0.63933804368066804
  0.65346138016680655  0.66908136530156881  0.68638758711327452  0.70576798124940276
  0.72827688216841391  0.75703440565295355  0.80577343275996338  1.00000000000000000
   9.7539118861192042E-010  -1.0000000000000000     
 F F F F F F F F F F F F F F F F F F F F F F F F F F F F F F F F F F F F F F F F F F F F F F F F F F F F F F F F F F F F F F F F
  <DiscreteSampler_grid>
  grouped_processes
  1 # 1 for a reference and 2 for a running grid.
  10 # Attribute 'min_bin_probing_points' of the grid.
  1 # Attribute 'grid_mode' of the grid. 1=='default',2=='initialization'
  0.0000000000000000 # Attribute 'small_contrib_threshold' of the grid.
  0.5000000000000000 # Attribute 'damping_power' of the grid.
 # binID   n_entries weight   weight_sqr   abs_weight
    19   10   2.161313894587882E+000   4.011374065328695E+001   2.161313894587882E+000
    20   10   2.161313894587882E+000   4.011374065328698E+001   2.161313894587882E+000
    40   10   2.160522627069868E+000   4.000975708947541E+001   2.160522627069868E+000
    41   10   2.160522627069869E+000   4.000975708947541E+001   2.160522627069869E+000
  </DiscreteSampler_grid>
