  0.00000014224928751  0.00000018754031667  0.00000022875123639  0.00000026818028562
  0.00000029933527881  0.00000032818331546  0.00000034363887629  0.00000035627912547
  0.00000036589911612  0.00000037734723279  0.00000038830117628  0.00000040099858681
  0.00000041316529726  0.00000042508867251  0.00000043703225377  0.00000044899113112
  0.00000046172794591  0.00000048336732292  0.00000051168158460  0.00000054337524700
  0.00000058094177600  0.00000061444823131  0.00000064768387551  0.00000069100979029
  0.00000073745759415  0.00000078787815198  0.00000084524213178  0.00000090821942066
  0.00000099075346296  0.00000108182456138  0.00000116615692214  0.00000124752341853
  0.00000132801007744  0.00000140536511279  0.00000149094509056  0.00000160090910382
  0.00000172968752895  0.00000186832138871  0.00000200912021963  0.00000211609070140
  0.00000223314733248  0.00000236935682136  0.00000249909304297  0.00000265261327920
  0.00000285540951226  0.00000310694556445  0.00000338371317145  0.00000367952993642
  0.00000399321427495  0.00000431146502199  0.00000462380536333  0.00000500975380679
  0.00000552912636993  0.00000601800824401  0.00000641960484193  0.00000678310217959
  0.00000717399124350  0.00000774753544320  0.00000853788200951  0.00000947981841201
  0.00001033068473247  0.00001142818618481  0.00001278712959981  0.00001457222836744
  0.00001696830367196  0.00001991717072729  0.00002334143480280  0.00002721988733111
  0.00003091489802975  0.00003449160721077  0.00003863418509975  0.00004342540804572
  0.00004979680998986  0.00005987543653146  0.00007419835745091  0.00009032362235442
  0.00011073484636376  0.00013294598511456  0.00015332937832290  0.00017465099769280
  0.00019800417488753  0.00023024077770381  0.00026728043995246  0.00031560038958786
  0.00039261776001689  0.00051117707202949  0.00068292066444828  0.00097189202482989
  0.00133439464700090  0.00162966820678097  0.00213093691476664  0.00411553350049971
  0.01464538099445977  0.06887387443932041  0.59125259063777258  1.00000000000000000
 -0.00010167621957379  0.00060582104234857  0.00083272039815838  0.00100405678062738
  0.00119119764230414  0.00140699314759434  0.00158480569313898  0.00170977042518379
  0.00178818793178636  0.00184968324620617  0.00191133247810318  0.00198788803622944
  0.00207288105168763  0.00214536891000455  0.00219975274420555  0.00227720789481057
  0.00234129514001231  0.00238646651799865  0.00244507824803104  0.00251296271124739
  0.00259517410235003  0.00267629223504401  0.00275751545126391  0.00285220125548834
  0.00291896872859009  0.00303907782827043  0.00323862403739540  0.00348540124638115
  0.00373539058540807  0.00397669175456989  0.00419244014908031  0.00438420222987926
  0.00457304729557368  0.00475596519064476  0.00496854976645573  0.00521487869115214
  0.00548116909674289  0.00575046477905827  0.00601104919686538  0.00624513220136145
  0.00647404246263421  0.00669691120685940  0.00690061180535346  0.00710773890608164
  0.00731070506414927  0.00750466657864985  0.00769292998738600  0.00789491165811745
  0.00811660893956829  0.00832301773649674  0.00851450774607643  0.00869486317258478
  0.00885948541679268  0.00902414309605905  0.00917543779561404  0.00932081084078725
  0.00945933176869792  0.00959469814827386  0.00971715881762353  0.00983038003837796
  0.00994347357353838  0.01007391133354148  0.01020006228545855  0.01034751798208707
  0.01052605262250198  0.01072304291939803  0.01091405641621880  0.01107923960929424
  0.01119708709558442  0.01124905216347312  0.01130861859813636  0.01136259293481386
  0.01141032265607858  0.01145845376796035  0.01151260321304378  0.01157650047815394
  0.01163698548391519  0.01172592124985420  0.01188404845738735  0.01206021199276031
  0.01223700346054268  0.01241565884114704  0.01259111007886039  0.01276775095445029
  0.01292997960977325  0.01305739442232032  0.01314264920254328  0.01323616560376957
  0.01334335573060832  0.01346629404286633  0.01358080508818062  0.01367556137358952
  0.01384834730212156  0.01533212116163790  0.01768977358287788  1.00000000000000000
 -0.00004937548412832  0.00032890702259941  0.00052069539523266  0.00067177483564822
  0.00082141249826132  0.00095621843262877  0.00106535131568801  0.00116200842378146
  0.00125846320692322  0.00134333197888878  0.00143683080859583  0.00157280868381017
  0.00170767968904055  0.00180269008405625  0.00186370710985976  0.00191807381816246
  0.00196371264633186  0.00201120156263701  0.00205714085693853  0.00209915266021006
  0.00213314337712754  0.00218102882634077  0.00222460926757264  0.00225965112352830
  0.00229502015228448  0.00233334925132311  0.00237950125270971  0.00243044403780783
  0.00248849449629325  0.00256856097507048  0.00262602490230101  0.00267683398675989
  0.00272642435009134  0.00277663462037245  0.00282239568185234  0.00286600614181758
  0.00290576653711595  0.00298597987018005  0.00307035739336538  0.00314923213173358
  0.00322724889333093  0.00330860608229101  0.00341083726975943  0.00350877238925562
  0.00361077518948894  0.00372257476126891  0.00384452812851848  0.00396155682021713
  0.00408100361838703  0.00418471754548103  0.00428451448966035  0.00437837636592788
  0.00446385411096070  0.00455146657223315  0.00464613390641394  0.00474517908602499
  0.00485068614567894  0.00495333974233141  0.00505778153688215  0.00516297937149652
  0.00526939524086542  0.00539413237864560  0.00552137801928578  0.00562065177121792
  0.00567562069275539  0.00571649163440169  0.00575717930031197  0.00579641234227501
  0.00583466945647186  0.00586278143272171  0.00601862442025120  0.00622811872496521
  0.00649637535586814  0.00678103581747464  0.00706373555289828  0.00733678903043511
  0.00760984250797193  0.00789613047550854  0.00819892302633213  0.00850171557715571
  0.00884852244786086  0.00919583482936500  0.00954599919897263  0.00989667819687633
  0.01022300873082131  0.01054015864940626  0.01087339257975706  0.01123275614628274
  0.01158376651335781  0.01191629870479200  0.01225298623961287  0.01264119753774399
  0.01302411983571156  0.01337901151265367  0.01385485680576250  1.00000000000000000
 -0.01109823805413687  0.03521445427984785  0.07115212939366720  0.09503778205119463
  0.11330705035139733  0.12872586128831681  0.14404018008629405  0.16150977301372851
  0.17869270975021598  0.19387617624306866  0.20737750502233246  0.21992106930704197
  0.23105957032626220  0.24021585669683554  0.24926114260461196  0.25876715775450115
  0.26831092562415798  0.27880102497283238  0.29016604205487057  0.30163291650681961
  0.31329480083032257  0.32631892500478915  0.33858770195217797  0.35052733733798186
  0.36144591523920516  0.37036383279898982  0.37733958085395553  0.38335690757708019
  0.39001258089502211  0.39682152683538463  0.40259115247438360  0.40743102664554287
  0.41358491967919248  0.42169644978496562  0.43027778471812228  0.43674135579140960
  0.44117016205871212  0.44563560215191722  0.45018913863124921  0.45495114024134403
  0.46029008957565520  0.46860520323206289  0.47860089873715361  0.48746128658381016
  0.49491153721501302  0.50103454966963556  0.50793898998191500  0.51513934371025838
  0.52164992989522663  0.52686164773352473  0.53242832258953321  0.53945130143941433
  0.54634384353174925  0.55253257152917568  0.55959146652224312  0.56767707432439984
  0.57972008730493763  0.58820210218936431  0.59561244511311473  0.60395651490849778
  0.61183043355877698  0.61958551084159885  0.62687428663296918  0.63431666212230031
  0.64636851080164226  0.65331292405969743  0.65789542070845153  0.66278163562067371
  0.66780170096752944  0.67547978360360050  0.68490424419651119  0.69508802920748092
  0.70448493001109513  0.71197236797545727  0.71904197307488027  0.72588964252898092
  0.73313581538814832  0.74154894027538110  0.75025590566746536  0.75869130864744072
  0.76854478507763757  0.77842787876027453  0.78920871756203137  0.80048874646470480
  0.81154827503001858  0.82320740388562896  0.83304734416186454  0.84188478854343929
  0.85347372825811518  0.86350134095928843  0.87393814342456710  0.88824727000980397
  0.90774059113687333  0.93482636967164157  0.96527128297959008  1.00000000000000000
 -0.00234937613926493  0.00944005036868475  0.02304862344021866  0.03273344297793547
  0.04429366247380975  0.05678176300699903  0.06952523812555045  0.08081133609241513
  0.08942213715013347  0.09854228231316668  0.10786975869707181  0.12008211870462088
  0.12970759370246940  0.13649804703641485  0.14313283596162490  0.14938760666365272
  0.15578792528617313  0.16207271347622940  0.17377885017852898  0.18421560419792016
  0.19462208520596525  0.20689585351931694  0.22307697974609053  0.24199999846900322
  0.25578223413826007  0.26733097864630417  0.27873211869773834  0.29006136729746590
  0.30112138891567286  0.31095027416829646  0.32010021691560198  0.32917991797624563
  0.33822286374277510  0.34823665985993646  0.35747693501893019  0.36805161784244367
  0.38255131753880145  0.39752952849909895  0.41158790858827488  0.42469655929100258
  0.43556534809800029  0.44322833660777539  0.45126092816934177  0.45999348812062762
  0.46874824875125243  0.47738754599623273  0.48725975608772298  0.50021516900015861
  0.51332946848390604  0.52699463477618480  0.54024877647096170  0.55338564250910283
  0.56426979960260470  0.57029619715700286  0.57957509742967983  0.59137538090608244
  0.60293886272215103  0.61421821536920784  0.62444753388627139  0.63324565415690570
  0.64162120193785654  0.65084229193184084  0.66095333332965533  0.66986431495726939
  0.68122202158532152  0.69361938535128320  0.70612881772010405  0.71686052561548252
  0.72662384775322275  0.73392163007609346  0.73929228630293520  0.74506853238987070
  0.75236569408688569  0.75883983628880314  0.76452914541854489  0.77204012355314144
  0.78236355648754352  0.79335606856412555  0.80503227473644812  0.81811184416903904
  0.83038969152889397  0.84342929963230351  0.85738665650227031  0.87085049117717639
  0.88388463088168612  0.89633485843076144  0.90798840464421959  0.92042317150561903
  0.93157806473684501  0.94115323789789385  0.95101487717337441  0.96035430104539132
  0.96894414247454608  0.97668550948290622  0.98716395623403275  1.00000000000000000
 -0.00245499476611911  0.00920094944294090  0.02458542474630505  0.03674281958724095
  0.05065829240262749  0.06795718501886165  0.07931058585858292  0.09043704571255909
  0.10234076905362982  0.11423159912545199  0.12607325873593728  0.13984746385356037
  0.15199024714251788  0.16186027096705446  0.17244322817745475  0.18251195994144906
  0.19191600881217832  0.20183997291948594  0.21208061393771627  0.21994442636651435
  0.22840967404220333  0.23930052781143002  0.25237401732081916  0.26431867348516175
  0.27495690161468439  0.28587600988836293  0.29591678597059529  0.30532824286499433
  0.31465347638425972  0.32410687475431221  0.33282037414632681  0.34177578025516736
  0.35112739312058505  0.36232550624287718  0.37573793519602627  0.38889726195104185
  0.40023596885250212  0.40954247809387356  0.41981327236990390  0.43071871843250853
  0.44093566658203859  0.44964899577137546  0.45850406662425380  0.46988197234591750
  0.48679457382123320  0.50365514674249645  0.51437737590974231  0.52337150378198438
  0.53335362491796201  0.54569684244504257  0.55856805123992714  0.57222822333894108
  0.58692317864645893  0.60181611017515413  0.61585282994192103  0.62891808156662754
  0.64005645387279819  0.65014089171967993  0.66056049055793553  0.67010876094373173
  0.68026618949978035  0.69171363645667072  0.70536289959549259  0.72093167345957587
  0.73374918243336540  0.74496772136202460  0.75628224230258001  0.76533507879244456
  0.77232611174864563  0.77695182517112915  0.78145585183672539  0.78641126299954567
  0.79128465492480082  0.79916633113501723  0.80784080036117367  0.81511214002169552
  0.82279103361179873  0.83362018888504374  0.84576724954368976  0.85711303354015267
  0.86749327815556243  0.87671434120676817  0.88084874673378388  0.88921707277583817
  0.89565551279764843  0.90422201118617140  0.91217569326881576  0.91875177445197931
  0.92462670442686723  0.93102195770919760  0.93772882017891335  0.94628967911759598
  0.95848164500834132  0.97205873760432582  0.98653904114809632  1.00000000000000000
 -0.00001304773170359  0.00006537372133449  0.00021016647277522  0.00035460175433662
  0.00049133084562833  0.00061692451456656  0.00074020976186420  0.00086000161885741
  0.00097476243271191  0.00109180976400307  0.00121460961112139  0.00132625629342609
  0.00142225143802535  0.00151168295859049  0.00160568814588844  0.00171883406109341
  0.00183453757341092  0.00195628021145013  0.00207926365637355  0.00218800132966102
  0.00228488521346772  0.00238533596780719  0.00250101556166604  0.00263640619332250
  0.00278250977197529  0.00292887970617598  0.00306990961886370  0.00319627225537787
  0.00334602382969241  0.00344751001838298  0.00351196092196337  0.00357795841490322
  0.00363711167425132  0.00369759950249530  0.00376369713468968  0.00385312405343109
  0.00394442440210354  0.00402982141578519  0.00411603925753228  0.00419609492619453
  0.00427562130497337  0.00435902859359623  0.00439340610745085  0.00442988282193436
  0.00447571949225893  0.00452655848888722  0.00457763517575250  0.00468518319688110
  0.00482414509908303  0.00493310185321703  0.00505275585801373  0.00519093082147471
  0.00535300630746151  0.00554559980604087  0.00572799092426990  0.00586467076864375
  0.00599792491866255  0.00615374145589863  0.00632273312950682  0.00648222748319798
  0.00665185627759261  0.00682809964003599  0.00701881393848094  0.00725468774775341
  0.00754611123306190  0.00785825255752981  0.00812770917043964  0.00840448987237913
  0.00870725264666743  0.00901232150943172  0.00924650302987958  0.00952734628272732
  0.00981177963907627  0.01007620987874177  0.01035784628338526  0.01071725171815151
  0.01137332321003119  0.01192757186297439  0.01244366733852498  0.01304624441400115
  0.01385639146584668  0.01490004326202607  0.01570366945456284  0.01663073674650168
  0.01785703746272508  0.01952565337226371  0.02156438687897467  0.02284045170527203
  0.02437228393228992  0.02595049169467875  0.02682007750191365  0.03788461612783008
  0.06833744905603785  0.13067214016469400  0.69529155732831871  1.00000000000000000
 -0.00962565609274737  0.03022512808920988  0.06177346994814491  0.09018361475615234
  0.11525704818524855  0.13051035741019684  0.14451190571293496  0.16006203838501204
  0.17569358582938724  0.19471934240943028  0.21535872732199834  0.23222512506539406
  0.24700931729771386  0.26126495099899627  0.27436129984675517  0.28709393705254271
  0.30146775540962506  0.31620445238830663  0.33031921613176329  0.34191109523584351
  0.35291235541616400  0.36398158173886808  0.37407623437711274  0.38501259195962656
  0.39646750607382630  0.40612921594984980  0.41441568393500866  0.42227760454598562
  0.43046619164857891  0.43822881291411270  0.44448996830027970  0.44967323952483007
  0.45459922645311102  0.45912315266780990  0.46397264862133758  0.46905093622510813
  0.47492376464578406  0.48092683209021142  0.48536636380623965  0.48832301750509027
  0.49083632455457049  0.49370793673691982  0.49594591877267691  0.49772414776536333
  0.49967266183085107  0.50195268102423285  0.50504770916216202  0.50820044370475903
  0.51084463211958586  0.51321903111258160  0.51547319141607495  0.51783166595711927
  0.52058129263968100  0.52376296425997326  0.52740382139908981  0.53177542005981493
  0.53625145567880383  0.54113791019582447  0.54716630803404687  0.55305054174707202
  0.55918772465360544  0.56582455984441038  0.57229692815280198  0.57922857940662353
  0.58439401530247381  0.58733191153143705  0.59034242445040019  0.59365279645013036
  0.59725469499055583  0.60545085523618414  0.61543451857324272  0.62463348720854328
  0.63237356433966763  0.63896630277804178  0.64582781430690861  0.65457601848801028
  0.66445572404256681  0.67299832681496685  0.68373980572906279  0.69374164660295878
  0.70474269048659777  0.71877237653506543  0.73320038671342957  0.74397217015531381
  0.75560068429882354  0.77024330957251796  0.78158973212810479  0.79581655729663625
  0.81802622313220019  0.84383018321127679  0.86951523268158404  0.88994892727621544
  0.91555658124338712  0.94287973385522961  0.97200341190677109  1.00000000000000000
  0.14673788801743848  0.97699708181187739  0.98557467360843831  0.98883040109426878
  0.99093971240715351  0.99212447662990400  0.99279368713052629  0.99340846547319661
  0.99387445836653643  0.99437360007785258  0.99476638203938472  0.99507614727527971
  0.99532144540465117  0.99556738028793657  0.99581137459867819  0.99602391411277535
  0.99618642091994769  0.99632012375156609  0.99644838043732098  0.99656885600205036
  0.99668620971488986  0.99679287184090049  0.99688614955911670  0.99697887456395728
  0.99706324896336129  0.99714574886352814  0.99723144341353309  0.99731662526052001
  0.99740473822279152  0.99748889887846659  0.99756883856250111  0.99764549714493145
  0.99771397968747122  0.99778015069280623  0.99784670157321620  0.99790876575042986
  0.99795819920299456  0.99800645752383355  0.99805423544260241  0.99810718278906962
  0.99815774638494503  0.99819359910088090  0.99822021373205450  0.99825449282926237
  0.99829045554886009  0.99832669991398870  0.99836617168528219  0.99840758313072486
  0.99844844611873029  0.99849162320501350  0.99853567947939514  0.99858106450301054
  0.99862542767561446  0.99866660657415118  0.99871087253447077  0.99875299839703791
  0.99879151436024116  0.99882622019036982  0.99885867877647705  0.99888901799166696
  0.99891453574953504  0.99893985546125219  0.99896522613168393  0.99899204084877979
  0.99902101716560787  0.99905042782809772  0.99907942952596562  0.99910749333012272
  0.99913426321789556  0.99915924286931446  0.99918464735210155  0.99920932545921148
  0.99923087736728278  0.99925400820377996  0.99927564614976105  0.99929607920175412
  0.99931568847586671  0.99933444305767549  0.99935369470752833  0.99937252127293463
  0.99939062684417268  0.99940758777672933  0.99942190605019865  0.99943700375616429
  0.99945339096091912  0.99947022306384270  0.99948762247060674  0.99950508708095953
  0.99952359804617430  0.99954801266189419  0.99958360226728038  0.99963589168892775
  0.99969296938876062  0.99976063382464231  0.99985067890410539  1.00000000000000000
 -0.01984470092280294  0.08555851175252918  0.12659342711781854  0.14120862713655694
  0.15292949417298959  0.16262201569699600  0.17028235592572041  0.17653891324805085
  0.18080160643370810  0.18511102556958461  0.18973036770564886  0.19484070837615425
  0.20344825401810915  0.21086436863952285  0.21758933054225496  0.22511633460401823
  0.23273877765319193  0.23923305906395115  0.24542116693472252  0.25187454662310038
  0.25898421146465739  0.26660318189927412  0.27364708020354311  0.28053428521032392
  0.28773962584301566  0.29493555590310466  0.30252742801250360  0.31169512988687426
  0.32305116602507061  0.33415362619919764  0.34532986052026737  0.35520525005852177
  0.36409403063457496  0.37203820591573888  0.37916727816474866  0.38695509117840171
  0.39625523146905151  0.40578799209546962  0.41597130772179908  0.42372906254442727
  0.43089197152882097  0.43970847818954339  0.44876946451670235  0.45993100680053955
  0.46897643825043622  0.47644471204892874  0.48529990609083623  0.49051937753950031
  0.49599497867035997  0.50140367323479551  0.50645123553360771  0.51154555708072358
  0.52044020143555791  0.52955948988672974  0.53916295807539638  0.54723334291823955
  0.55490684954181491  0.56488904133089601  0.57626455961415579  0.58806518730927548
  0.59954081574459883  0.61015893561536227  0.62052816426641011  0.63164955716844029
  0.64118728390397994  0.64818078201189455  0.65368695263159959  0.65886367996685413
  0.66506191078693533  0.67289627582869049  0.68284285625763919  0.69415879946882919
  0.70406277444101617  0.71139884938666187  0.71756966427657110  0.72392104875133367
  0.73180910095356533  0.73967174222826848  0.74550010549792722  0.75219108482516694
  0.75877466027219143  0.76562010743432451  0.77377176318846641  0.78216953536779354
  0.79265482745274896  0.80229328364950814  0.81137821551851419  0.82012186747030447
  0.82801245392209011  0.83634749440883993  0.84500043803049718  0.85404830795166997
  0.86399734677424356  0.87933957465119161  0.91922650078453971  1.00000000000000000
   2.1327899638290743E-012  -1.0000000000000000     
 F F F F F F F F F F F F F F F F F F F F F F F F F F F F F F F F F F F F F F F F F F F F F F F F F F F F F F F F F F F F F F F F F F F F F F F F F F F F F F F F F F F F F F F F F F F F F F F F F F F F F F F F F F F F F F F F F F F F F F F F F F F F F F F F
  <DiscreteSampler_grid>
  grouped_processes
  1 # 1 for a reference and 2 for a running grid.
  10 # Attribute 'min_bin_probing_points' of the grid.
  1 # Attribute 'grid_mode' of the grid. 1=='default',2=='initialization'
  0.0000000000000000 # Attribute 'small_contrib_threshold' of the grid.
  0.5000000000000000 # Attribute 'damping_power' of the grid.
 # binID   n_entries weight   weight_sqr   abs_weight
    94   10   9.869021537674661E-008   6.416068251993905E-014   9.869021537674661E-008
    95   10   9.869021537674710E-008   6.416068251993955E-014   9.869021537674710E-008
    112   10   8.758068832373094E-008   6.302580093932945E-014   8.758068832373094E-008
    113   10   8.758068832373126E-008   6.302580093932995E-014   8.758068832373126E-008
    151   10   8.758068832373094E-008   6.302580093932943E-014   8.758068832373094E-008
    152   10   8.758068832373126E-008   6.302580093932993E-014   8.758068832373126E-008
  </DiscreteSampler_grid>
